      Energy(eV)          s               py              pz              px              dxy             dyz             dz2             dxz            dx2-y2            tot 
     -7.17010000      0.02430000      0.02410000      0.08180000      0.00140000      0.00000000      0.00000000      0.00000000      0.00000000      0.00000000      0.13160000
     -7.12010000      0.29600000      0.29480000      0.99750000      0.01780000      0.00000000      0.00000000      0.00000000      0.00000000      0.00000000      1.60610000
     -7.07010000      0.64040000      0.63540000      2.14890000      0.03870000      0.00000000      0.00000000      0.00000000      0.00000000      0.00000000      3.46340000
     -7.02010000      0.28780000      0.26810000      0.89210000      0.01890000      0.00000000      0.00000000      0.00000000      0.00000000      0.00000000      1.46690000
     -6.97010000      0.13830000      0.16140000      0.45660000      0.01570000      0.00000000      0.00000000      0.00000000      0.00000000      0.00000000      0.77200000
     -6.92010000      0.18450000      0.32360000      0.89020000      0.02230000      0.00000000      0.00000000      0.00000000      0.00000000      0.00000000      1.42060000
     -6.87010000      0.10510000      0.24540000      0.49780000      0.01320000      0.00000000      0.00000000      0.00000000      0.00000000      0.00000000      0.86150000
     -6.82010000      0.10070000      0.36720000      0.55460000      0.02200000      0.00000000      0.00000000      0.00000000      0.00000000      0.00000000      1.04450000
     -6.77010000      0.09140000      0.34600000      0.57480000      0.02990000      0.00000000      0.00000000      0.00000000      0.00000000      0.00000000      1.04210000
     -6.72010000      0.02530000      0.09610000      0.15300000      0.01060000      0.00000000      0.00000000      0.00000000      0.00000000      0.00000000      0.28500000
     -6.67010000      0.06090000      0.33730000      0.17430000      0.01360000      0.00000000      0.00000000      0.00000000      0.00000000      0.00000000      0.58610000
     -6.62010000      0.33360000      1.83020000      0.91740000      0.07260000      0.00000000      0.00000000      0.00000000      0.00000000      0.00000000      3.15380000
     -6.57010000      0.41400000      2.05810000      1.06500000      0.08510000      0.00000000      0.00000000      0.00000000      0.00000000      0.00000000      3.62220000
     -6.52010000      0.32350000      1.31440000      0.73100000      0.06580000      0.00000000      0.00000000      0.00000000      0.00000000      0.00000000      2.43470000
     -6.47010000      0.43570000      1.87350000      1.02140000      0.10070000      0.00000000      0.00000000      0.00000000      0.00000000      0.00000000      3.43130000
     -6.42010000      0.19700000      0.86120000      0.46680000      0.04640000      0.00000000      0.00000000      0.00000000      0.00000000      0.00000000      1.57140000
     -6.37010000      0.02040000      0.07380000      0.04280000      0.01190000      0.00000000      0.00000000      0.00000000      0.00000000      0.00000000      0.14890000
     -6.32010000      0.04600000      0.02780000      0.03920000      0.43890000      0.00000000      0.00000000      0.00000000      0.00000000      0.00000000      0.55190000
     -6.27010000      0.18550000      0.18540000      0.13620000      4.06990000      0.00000000      0.00000000      0.00000000      0.00000000      0.00000000      4.57700000
     -6.22010000      0.25760000      0.30790000      0.18210000      6.98930000      0.00000000      0.00000000      0.00000000      0.00000000      0.00000000      7.73690000
     -6.17010000      0.09230000      0.11200000      0.06670000      2.35490000      0.00000000      0.00000000      0.00000000      0.00000000      0.00000000      2.62590000
     -6.12010000      0.00940000      0.01730000      0.01450000      0.16200000      0.00000000      0.00000000      0.00000000      0.00000000      0.00000000      0.20320000
     -6.07010000      0.01120000      0.05480000      0.05860000      0.01740000      0.00000000      0.00000000      0.00000000      0.00000000      0.00000000      0.14200000
     -6.02010000      0.01260000      0.06610000      0.07080000      0.01510000      0.00000000      0.00000000      0.00000000      0.00000000      0.00000000      0.16460000
     -5.97010000      0.00610000      0.04770000      0.05470000      0.00630000      0.00000000      0.00000000      0.00000000      0.00000000      0.00000000      0.11480000
     -5.92010000      0.04400000      0.41820000      0.49510000      0.04270000      0.00000000      0.00000000      0.00000000      0.00000000      0.00000000      1.00000000
     -5.87010000      0.09690000      0.92230000      1.09170000      0.09410000      0.00000000      0.00000000      0.00000000      0.00000000      0.00000000      2.20500000
     -5.82010000      0.03920000      0.37320000      0.44150000      0.04250000      0.00000000      0.00000000      0.00000000      0.00000000      0.00000000      0.89640000
     -5.77010000      0.00290000      0.03040000      0.03190000      0.31250000      0.00000000      0.00000000      0.00000000      0.00000000      0.00000000      0.37770000
     -5.72010000      0.00200000      0.04540000      0.00630000      3.52940000      0.00000000      0.00000000      0.00000000      0.00000000      0.00000000      3.58310000
     -5.67010000      0.00360000      0.09060000      0.01190000      7.10460000      0.00000000      0.00000000      0.00000000      0.00000000      0.00000000      7.21070000
     -5.62010000      0.00130000      0.03330000      0.00430000      2.61950000      0.00000000      0.00000000      0.00000000      0.00000000      0.00000000      2.65840000
     -5.57010000      0.00000000      0.00210000      0.00020000      0.16840000      0.00000000      0.00000000      0.00000000      0.00000000      0.00000000      0.17070000
     -5.52010000      0.00000000      0.00000000      0.00000000      0.00160000      0.00000000      0.00000000      0.00000000      0.00000000      0.00000000      0.00160000
     -5.47010000      0.00000000      0.00000000      0.00000000      0.00000000      0.00000000      0.00000000      0.00000000      0.00000000      0.00000000      0.00000000
     -5.42010000      0.00000000      0.00000000      0.00000000      0.00000000      0.00000000      0.00000000      0.00000000      0.00000000      0.00000000      0.00000000
     -5.37010000      0.00000000      0.00000000      0.00000000      0.00000000      0.00000000      0.00000000      0.00000000      0.00000000      0.00000000      0.00000000
     -5.32010000      0.00000000      0.00000000      0.00000000      0.00160000      0.00000000      0.00000000      0.00000000      0.00000000      0.00000000      0.00160000
     -5.27010000      0.00210000      0.00580000      0.00470000      0.08910000      0.00000000      0.00000000      0.00000000      0.00000000      0.00000000      0.10170000
     -5.22010000      0.03370000      0.08740000      0.07000000      0.84890000      0.00000000      0.00000000      0.00000000      0.00000000      0.00000000      1.04000000
     -5.17010000      0.09370000      0.25400000      0.19630000      2.61080000      0.00000000      0.00000000      0.00000000      0.00000000      0.00000000      3.15480000
     -5.12010000      0.05890000      0.25160000      0.18080000      5.64740000      0.00000000      0.00000000      0.00000000      0.00000000      0.00000000      6.13870000
     -5.07010000      0.03580000      0.34180000      0.28440000      3.96820000      0.00000000      0.00000000      0.00000000      0.00000000      0.00000000      4.63020000
     -5.02010000      0.02070000      0.20950000      0.18690000      0.63100000      0.00000000      0.00000000      0.00000000      0.00000000      0.00000000      1.04810000
     -4.97010000      0.00250000      0.02560000      0.02330000      0.02900000      0.00000000      0.00000000      0.00000000      0.00000000      0.00000000      0.08040000
     -4.92010000      0.00000000      0.00050000      0.00050000      0.00030000      0.00000000      0.00000000      0.00000000      0.00000000      0.00000000      0.00130000
     -4.87010000      0.00000000      0.00000000      0.00000000      0.00000000      0.00000000      0.00000000      0.00000000      0.00000000      0.00000000      0.00000000
     -4.82010000      0.00000000      0.00000000      0.00000000      0.00000000      0.00000000      0.00000000      0.00000000      0.00000000      0.00000000      0.00000000
     -4.77010000      0.00000000      0.00000000      0.00000000      0.00000000      0.00000000      0.00000000      0.00000000      0.00000000      0.00000000      0.00000000
     -4.72010000      0.00000000      0.00000000      0.00000000      0.00000000      0.00000000      0.00000000      0.00000000      0.00000000      0.00000000      0.00000000
     -4.67010000      0.00080000      0.01470000      0.01200000      0.00310000      0.00000000      0.00000000      0.00000000      0.00000000      0.00000000      0.03060000
     -4.62010000      0.02790000      0.52040000      0.41680000      0.10620000      0.00000000      0.00000000      0.00000000      0.00000000      0.00000000      1.07130000
     -4.57010000      0.16530000      3.08240000      2.46960000      0.70530000      0.00000000      0.00000000      0.00000000      0.00000000      0.00000000      6.42260000
     -4.52010000      0.19420000      3.53230000      2.83620000      2.12910000      0.00000000      0.00000000      0.00000000      0.00000000      0.00000000      8.69180000
     -4.47010000      0.11520000      2.17750000      1.81570000      4.59980000      0.00000000      0.00000000      0.00000000      0.00000000      0.00000000      8.70820000
     -4.42010000      0.17430000      4.99940000      4.32770000      2.50740000      0.00000000      0.00000000      0.00000000      0.00000000      0.00000000     12.00880000
     -4.37010000      0.14520000      4.61580000      4.01290000      0.25560000      0.00000000      0.00000000      0.00000000      0.00000000      0.00000000      9.02950000
     -4.32010000      0.02560000      0.82870000      0.72090000      0.00560000      0.00000000      0.00000000      0.00000000      0.00000000      0.00000000      1.58080000
     -4.27010000      0.00070000      0.02530000      0.02190000      0.00000000      0.00000000      0.00000000      0.00000000      0.00000000      0.00000000      0.04790000
     -4.22010000      0.00000000      0.00030000      0.00060000      0.00000000      0.00000000      0.00000000      0.00000000      0.00000000      0.00000000      0.00090000
     -4.17010000      0.00260000      0.01580000      0.03080000      0.00790000      0.00000000      0.00000000      0.00000000      0.00000000      0.00000000      0.05710000
     -4.12010000      0.02300000      0.13920000      0.26110000      0.10450000      0.00000000      0.00000000      0.00000000      0.00000000      0.00000000      0.52780000
     -4.07010000      0.03900000      0.24910000      0.45150000      0.28340000      0.00000000      0.00000000      0.00000000      0.00000000      0.00000000      1.02300000
     -4.02010000      0.05940000      0.40940000      0.93680000      0.21260000      0.00000000      0.00000000      0.00000000      0.00000000      0.00000000      1.61820000
     -3.97010000      0.14780000      1.01250000      2.47340000      0.19650000      0.00000000      0.00000000      0.00000000      0.00000000      0.00000000      3.83020000
     -3.92010000      0.08340000      0.57100000      1.38420000      0.12280000      0.00000000      0.00000000      0.00000000      0.00000000      0.00000000      2.16140000
     -3.87010000      0.02970000      0.20730000      0.35390000      0.19540000      0.00000000      0.00000000      0.00000000      0.00000000      0.00000000      0.78630000
     -3.82010000      0.04670000      0.35780000      0.51460000      0.57340000      0.00000000      0.00000000      0.00000000      0.00000000      0.00000000      1.49250000
     -3.77010000      0.03840000      0.34160000      0.50540000      1.60670000      0.00000000      0.00000000      0.00000000      0.00000000      0.00000000      2.49210000
     -3.72010000      0.02750000      0.27890000      0.41570000      3.53340000      0.00000000      0.00000000      0.00000000      0.00000000      0.00000000      4.25550000
     -3.67010000      0.01510000      0.21680000      0.41490000      4.21210000      0.00000000      0.00000000      0.00000000      0.00000000      0.00000000      4.85890000
     -3.62010000      0.03000000      0.66990000      2.12980000      1.38420000      0.00000000      0.00000000      0.00000000      0.00000000      0.00000000      4.21390000
     -3.57010000      0.04000000      0.91110000      2.98390000      0.29810000      0.00000000      0.00000000      0.00000000      0.00000000      0.00000000      4.23310000
     -3.52010000      0.01540000      0.29960000      0.94360000      0.14780000      0.00000000      0.00000000      0.00000000      0.00000000      0.00000000      1.40640000
     -3.47010000      0.01230000      0.14330000      0.40520000      0.09660000      0.00000000      0.00000000      0.00000000      0.00000000      0.00000000      0.65740000
     -3.42010000      0.01110000      0.11990000      0.27160000      0.04480000      0.00000000      0.00000000      0.00000000      0.00000000      0.00000000      0.44740000
     -3.37010000      0.06990000      0.73320000      0.19010000      0.03700000      0.00000000      0.00000000      0.00000000      0.00000000      0.00000000      1.03020000
     -3.32010000      0.47880000      5.02380000      1.00240000      0.18050000      0.00000000      0.00000000      0.00000000      0.00000000      0.00000000      6.68550000
     -3.27010000      0.62770000      6.59650000      1.34960000      0.29920000      0.00000000      0.00000000      0.00000000      0.00000000      0.00000000      8.87300000
     -3.22010000      0.20390000      2.20810000      0.64500000      0.33750000      0.00000000      0.00000000      0.00000000      0.00000000      0.00000000      3.39450000
     -3.17010000      0.14110000      1.76600000      0.81880000      0.65960000      0.00000000      0.00000000      0.00000000      0.00000000      0.00000000      3.38550000
     -3.12010000      0.12350000      1.54640000      0.88740000      1.09410000      0.00000000      0.00000000      0.00000000      0.00000000      0.00000000      3.65140000
     -3.07010000      0.06700000      0.76450000      0.82420000      0.81680000      0.00000000      0.00000000      0.00000000      0.00000000      0.00000000      2.47250000
     -3.02010000      0.05660000      0.60880000      0.80590000      0.27190000      0.00000000      0.00000000      0.00000000      0.00000000      0.00000000      1.74320000
     -2.97010000      0.04620000      0.53580000      0.78060000      0.49310000      0.00000000      0.00000000      0.00000000      0.00000000      0.00000000      1.85570000
     -2.92010000      0.02650000      0.34140000      0.38380000      1.58980000      0.00000000      0.00000000      0.00000000      0.00000000      0.00000000      2.34150000
     -2.87010000      0.03190000      0.45620000      0.17710000      4.01830000      0.00000000      0.00000000      0.00000000      0.00000000      0.00000000      4.68350000
     -2.82010000      0.04410000      0.66590000      1.37960000      3.32860000      0.00000000      0.00000000      0.00000000      0.00000000      0.00000000      5.41820000
     -2.77010000      0.07650000      1.23470000      4.86990000      0.57030000      0.00000000      0.00000000      0.00000000      0.00000000      0.00000000      6.75140000
     -2.72010000      0.04930000      0.79720000      3.27910000      0.04230000      0.00000000      0.00000000      0.00000000      0.00000000      0.00000000      4.16790000
     -2.67010000      0.01210000      0.12340000      0.54660000      0.00430000      0.00000000      0.00000000      0.00000000      0.00000000      0.00000000      0.68640000
     -2.62010000      0.04510000      0.21660000      1.11870000      0.01000000      0.00000000      0.00000000      0.00000000      0.00000000      0.00000000      1.39040000
     -2.57010000      0.06870000      0.35740000      1.63200000      0.02930000      0.00000000      0.00000000      0.00000000      0.00000000      0.00000000      2.08740000
     -2.52010000      0.02660000      0.14480000      0.53330000      0.02340000      0.00000000      0.00000000      0.00000000      0.00000000      0.00000000      0.72810000
     -2.47010000      0.00510000      0.02150000      0.09570000      0.00470000      0.00000000      0.00000000      0.00000000      0.00000000      0.00000000      0.12700000
     -2.42010000      0.03930000      0.11010000      0.90910000      0.01270000      0.00000000      0.00000000      0.00000000      0.00000000      0.00000000      1.07120000
     -2.37010000      0.11580000      0.33380000      2.68330000      0.05510000      0.00000000      0.00000000      0.00000000      0.00000000      0.00000000      3.18800000
     -2.32010000      0.07940000      0.28750000      1.78760000      0.15920000      0.00000000      0.00000000      0.00000000      0.00000000      0.00000000      2.31370000
     -2.27010000      0.04270000      0.20870000      0.83630000      0.21640000      0.00000000      0.00000000      0.00000000      0.00000000      0.00000000      1.30410000
     -2.22010000      0.07980000      0.30980000      1.33620000      0.40660000      0.00000000      0.00000000      0.00000000      0.00000000      0.00000000      2.13240000
     -2.17010000      0.10280000      0.59670000      1.67730000      1.86110000      0.00000000      0.00000000      0.00000000      0.00000000      0.00000000      4.23790000
     -2.12010000      0.07590000      0.68770000      1.15380000      4.20600000      0.00000000      0.00000000      0.00000000      0.00000000      0.00000000      6.12340000
     -2.07010000      0.05870000      0.60680000      0.54760000      4.27250000      0.00000000      0.00000000      0.00000000      0.00000000      0.00000000      5.48560000
     -2.02010000      0.04990000      0.59710000      0.20110000      1.68990000      0.00000000      0.00000000      0.00000000      0.00000000      0.00000000      2.53800000
     -1.97010000      0.02370000      0.29280000      0.09430000      0.87370000      0.00000000      0.00000000      0.00000000      0.00000000      0.00000000      1.28450000
     -1.92010000      0.00900000      0.10140000      0.18100000      2.27230000      0.00000000      0.00000000      0.00000000      0.00000000      0.00000000      2.56370000
     -1.87010000      0.02640000      0.23390000      0.86840000      2.36150000      0.00000000      0.00000000      0.00000000      0.00000000      0.00000000      3.49020000
     -1.82010000      0.05340000      0.43080000      1.98620000      2.17970000      0.00000000      0.00000000      0.00000000      0.00000000      0.00000000      4.65010000
     -1.77010000      0.04410000      0.48240000      2.30930000      2.41010000      0.00000000      0.00000000      0.00000000      0.00000000      0.00000000      5.24590000
     -1.72010000      0.02990000      0.47570000      1.28100000      0.98690000      0.00000000      0.00000000      0.00000000      0.00000000      0.00000000      2.77350000
     -1.67010000      0.15000000      2.63210000      0.79610000      0.13560000      0.00000000      0.00000000      0.00000000      0.00000000      0.00000000      3.71380000
     -1.62010000      0.31030000      5.30670000      1.52060000      0.09300000      0.00000000      0.00000000      0.00000000      0.00000000      0.00000000      7.23060000
     -1.57010000      0.22650000      2.52630000      2.80640000      0.06320000      0.00000000      0.00000000      0.00000000      0.00000000      0.00000000      5.62240000
     -1.52010000      0.22020000      1.41540000      4.21910000      0.19010000      0.00000000      0.00000000      0.00000000      0.00000000      0.00000000      6.04480000
     -1.47010000      0.09080000      0.94860000      1.61910000      1.57570000      0.00000000      0.00000000      0.00000000      0.00000000      0.00000000      4.23420000
     -1.42010000      0.01680000      0.26900000      0.25980000      4.25650000      0.00000000      0.00000000      0.00000000      0.00000000      0.00000000      4.80210000
     -1.37010000      0.00820000      0.52290000      0.05750000      2.27700000      0.00000000      0.00000000      0.00000000      0.00000000      0.00000000      2.86560000
     -1.32010000      0.04840000      4.26760000      0.13730000      0.25010000      0.00000000      0.00000000      0.00000000      0.00000000      0.00000000      4.70340000
     -1.27010000      0.07610000      6.60360000      0.22250000      0.17000000      0.00000000      0.00000000      0.00000000      0.00000000      0.00000000      7.07220000
     -1.22010000      0.03180000      2.40970000      0.12530000      0.42840000      0.00000000      0.00000000      0.00000000      0.00000000      0.00000000      2.99520000
     -1.17010000      0.02050000      1.37610000      0.09320000      0.31280000      0.00000000      0.00000000      0.00000000      0.00000000      0.00000000      1.80260000
     -1.12010000      0.01500000      1.01590000      0.07230000      0.09610000      0.00000000      0.00000000      0.00000000      0.00000000      0.00000000      1.19930000
     -1.07010000      0.00460000      0.24490000      0.03860000      0.05040000      0.00000000      0.00000000      0.00000000      0.00000000      0.00000000      0.33850000
     -1.02010000      0.00490000      0.14960000      0.04170000      0.05690000      0.00000000      0.00000000      0.00000000      0.00000000      0.00000000      0.25310000
     -0.97010000      0.00440000      0.10750000      0.06010000      0.04130000      0.00000000      0.00000000      0.00000000      0.00000000      0.00000000      0.21330000
     -0.92010000      0.00470000      0.02790000      0.09710000      0.10490000      0.00000000      0.00000000      0.00000000      0.00000000      0.00000000      0.23460000
     -0.87010000      0.00700000      0.03050000      0.11580000      0.29580000      0.00000000      0.00000000      0.00000000      0.00000000      0.00000000      0.44910000
     -0.82010000      0.01390000      0.05610000      0.30920000      0.45510000      0.00000000      0.00000000      0.00000000      0.00000000      0.00000000      0.83430000
     -0.77010000      0.01890000      0.08000000      0.47050000      0.54630000      0.00000000      0.00000000      0.00000000      0.00000000      0.00000000      1.11570000
     -0.72010000      0.01810000      0.07550000      0.34890000      0.41650000      0.00000000      0.00000000      0.00000000      0.00000000      0.00000000      0.85900000
     -0.67010000      0.01420000      0.05940000      0.22560000      0.32310000      0.00000000      0.00000000      0.00000000      0.00000000      0.00000000      0.62230000
     -0.62010000      0.00700000      0.03170000      0.10310000      0.10280000      0.00000000      0.00000000      0.00000000      0.00000000      0.00000000      0.24460000
     -0.57010000      0.00450000      0.01640000      0.06580000      0.05980000      0.00000000      0.00000000      0.00000000      0.00000000      0.00000000      0.14650000
     -0.52010000      0.00750000      0.02580000      0.11340000      0.11220000      0.00000000      0.00000000      0.00000000      0.00000000      0.00000000      0.25890000
     -0.47010000      0.00850000      0.02620000      0.10450000      0.16490000      0.00000000      0.00000000      0.00000000      0.00000000      0.00000000      0.30410000
     -0.42010000      0.01040000      0.02930000      0.11530000      0.19340000      0.00000000      0.00000000      0.00000000      0.00000000      0.00000000      0.34840000
     -0.37010000      0.00810000      0.02090000      0.09830000      0.15460000      0.00000000      0.00000000      0.00000000      0.00000000      0.00000000      0.28190000
     -0.32010000      0.00900000      0.02130000      0.09880000      0.13600000      0.00000000      0.00000000      0.00000000      0.00000000      0.00000000      0.26510000
     -0.27010000      0.01190000      0.02870000      0.13810000      0.12050000      0.00000000      0.00000000      0.00000000      0.00000000      0.00000000      0.29920000
     -0.22010000      0.00750000      0.01790000      0.08780000      0.13690000      0.00000000      0.00000000      0.00000000      0.00000000      0.00000000      0.25010000
     -0.17010000      0.00500000      0.00950000      0.04730000      0.11760000      0.00000000      0.00000000      0.00000000      0.00000000      0.00000000      0.17940000
     -0.12010000      0.00750000      0.00590000      0.10540000      0.02900000      0.00000000      0.00000000      0.00000000      0.00000000      0.00000000      0.14780000
     -0.07010000      0.01160000      0.00580000      0.18600000      0.01410000      0.00000000      0.00000000      0.00000000      0.00000000      0.00000000      0.21750000
     -0.02010000      0.00430000      0.00270000      0.06710000      0.03110000      0.00000000      0.00000000      0.00000000      0.00000000      0.00000000      0.10520000
      0.02990000      0.00070000      0.00080000      0.00600000      0.02690000      0.00000000      0.00000000      0.00000000      0.00000000      0.00000000      0.03440000
      0.07990000      0.00000000      0.00000000      0.00040000      0.00660000      0.00000000      0.00000000      0.00000000      0.00000000      0.00000000      0.00700000
      0.12990000      0.00000000      0.00000000      0.00000000      0.00020000      0.00000000      0.00000000      0.00000000      0.00000000      0.00000000      0.00020000
      0.17990000      0.00000000      0.00000000      0.00000000      0.00000000      0.00000000      0.00000000      0.00000000      0.00000000      0.00000000      0.00000000
      0.22990000      0.00000000      0.00000000      0.00000000      0.00000000      0.00000000      0.00000000      0.00000000      0.00000000      0.00000000      0.00000000
      0.27990000      0.00000000      0.00000000      0.00020000      0.00030000      0.00000000      0.00000000      0.00000000      0.00000000      0.00000000      0.00050000
      0.32990000      0.00010000      0.00030000      0.00140000      0.00100000      0.00000000      0.00000000      0.00000000      0.00000000      0.00000000      0.00280000
      0.37990000      0.00000000      0.00030000      0.00080000      0.00070000      0.00000000      0.00000000      0.00000000      0.00000000      0.00000000      0.00180000
      0.42990000      0.00000000      0.00000000      0.00000000      0.00000000      0.00000000      0.00000000      0.00000000      0.00000000      0.00000000      0.00000000
      0.47990000      0.00000000      0.00000000      0.00000000      0.00000000      0.00000000      0.00000000      0.00000000      0.00000000      0.00000000      0.00000000
      0.52990000      0.00000000      0.00000000      0.00000000      0.00000000      0.00000000      0.00000000      0.00000000      0.00000000      0.00000000      0.00000000
      0.57990000      0.00000000      0.00000000      0.00000000      0.00000000      0.00000000      0.00000000      0.00000000      0.00000000      0.00000000      0.00000000
      0.62990000      0.00000000      0.00000000      0.00000000      0.00000000      0.00000000      0.00000000      0.00000000      0.00000000      0.00000000      0.00000000
      0.67990000      0.00000000      0.00000000      0.00000000      0.00000000      0.00000000      0.00000000      0.00000000      0.00000000      0.00000000      0.00000000
      0.72990000      0.00000000      0.00000000      0.00000000      0.00000000      0.00000000      0.00000000      0.00000000      0.00000000      0.00000000      0.00000000
      0.77990000      0.00000000      0.00000000      0.00000000      0.00000000      0.00000000      0.00000000      0.00000000      0.00000000      0.00000000      0.00000000
      0.82990000      0.00000000      0.00000000      0.00000000      0.00000000      0.00000000      0.00000000      0.00000000      0.00000000      0.00000000      0.00000000
      0.87990000      0.00000000      0.00000000      0.00030000      0.00000000      0.00000000      0.00000000      0.00000000      0.00000000      0.00000000      0.00030000
      0.92990000      0.00090000      0.00050000      0.00660000      0.00090000      0.00000000      0.00000000      0.00000000      0.00000000      0.00000000      0.00890000
      0.97990000      0.00290000      0.00160000      0.02070000      0.00250000      0.00000000      0.00000000      0.00000000      0.00000000      0.00000000      0.02770000
      1.02990000      0.00250000      0.00150000      0.01610000      0.00170000      0.00000000      0.00000000      0.00000000      0.00000000      0.00000000      0.02180000
      1.07990000      0.00160000      0.00150000      0.00960000      0.00120000      0.00000000      0.00000000      0.00000000      0.00000000      0.00000000      0.01390000
      1.12990000      0.00050000      0.00050000      0.00300000      0.00040000      0.00000000      0.00000000      0.00000000      0.00000000      0.00000000      0.00440000
      1.17990000      0.00000000      0.00000000      0.00020000      0.00000000      0.00000000      0.00000000      0.00000000      0.00000000      0.00000000      0.00020000
      1.22990000      0.00000000      0.00000000      0.00000000      0.00000000      0.00000000      0.00000000      0.00000000      0.00000000      0.00000000      0.00000000
      1.27990000      0.00000000      0.00000000      0.00000000      0.00000000      0.00000000      0.00000000      0.00000000      0.00000000      0.00000000      0.00000000
      1.32990000      0.00000000      0.00000000      0.00000000      0.00000000      0.00000000      0.00000000      0.00000000      0.00000000      0.00000000      0.00000000
      1.37990000      0.00020000      0.00000000      0.00110000      0.00000000      0.00000000      0.00000000      0.00000000      0.00000000      0.00000000      0.00130000
      1.42990000      0.00550000      0.00090000      0.03230000      0.00010000      0.00000000      0.00000000      0.00000000      0.00000000      0.00000000      0.03880000
      1.47990000      0.02700000      0.00500000      0.15830000      0.00050000      0.00000000      0.00000000      0.00000000      0.00000000      0.00000000      0.19080000
      1.52990000      0.02400000      0.00430000      0.14150000      0.00050000      0.00000000      0.00000000      0.00000000      0.00000000      0.00000000      0.17030000
      1.57990000      0.00380000      0.00070000      0.02270000      0.00000000      0.00000000      0.00000000      0.00000000      0.00000000      0.00000000      0.02720000
      1.62990000      0.00000000      0.00000000      0.00050000      0.00000000      0.00000000      0.00000000      0.00000000      0.00000000      0.00000000      0.00050000
      1.67990000      0.00040000      0.00040000      0.00230000      0.00000000      0.00000000      0.00000000      0.00000000      0.00000000      0.00000000      0.00310000
      1.72990000      0.00960000      0.00720000      0.04600000      0.00070000      0.00000000      0.00000000      0.00000000      0.00000000      0.00000000      0.06350000
      1.77990000      0.03470000      0.02590000      0.16510000      0.00250000      0.00000000      0.00000000      0.00000000      0.00000000      0.00000000      0.22820000
      1.82990000      0.02560000      0.01900000      0.11890000      0.00530000      0.00000000      0.00000000      0.00000000      0.00000000      0.00000000      0.16880000
      1.87990000      0.01370000      0.01030000      0.05470000      0.01410000      0.00000000      0.00000000      0.00000000      0.00000000      0.00000000      0.09280000
      1.92990000      0.00760000      0.00570000      0.02880000      0.00940000      0.00000000      0.00000000      0.00000000      0.00000000      0.00000000      0.05150000
      1.97990000      0.00090000      0.00070000      0.00350000      0.00110000      0.00000000      0.00000000      0.00000000      0.00000000      0.00000000      0.00620000
      2.02990000      0.00000000      0.00000000      0.00000000      0.00000000      0.00000000      0.00000000      0.00000000      0.00000000      0.00000000      0.00000000
      2.07990000      0.00000000      0.00000000      0.00000000      0.00000000      0.00000000      0.00000000      0.00000000      0.00000000      0.00000000      0.00000000
      2.12990000      0.00000000      0.00000000      0.00000000      0.00000000      0.00000000      0.00000000      0.00000000      0.00000000      0.00000000      0.00000000
      2.17990000      0.00000000      0.00000000      0.00000000      0.00020000      0.00000000      0.00000000      0.00000000      0.00000000      0.00000000      0.00020000
      2.22990000      0.00040000      0.00040000      0.00200000      0.00900000      0.00000000      0.00000000      0.00000000      0.00000000      0.00000000      0.01180000
      2.27990000      0.00760000      0.00430000      0.03050000      0.03840000      0.00000000      0.00000000      0.00000000      0.00000000      0.00000000      0.08080000
      2.32990000      0.04130000      0.02050000      0.16920000      0.05000000      0.00000000      0.00000000      0.00000000      0.00000000      0.00000000      0.28100000
      2.37990000      0.05200000      0.02500000      0.20910000      0.03570000      0.00000000      0.00000000      0.00000000      0.00000000      0.00000000      0.32180000
      2.42990000      0.05720000      0.01460000      0.21240000      0.01150000      0.00000000      0.00000000      0.00000000      0.00000000      0.00000000      0.29570000
      2.47990000      0.11720000      0.02670000      0.42370000      0.02760000      0.00000000      0.00000000      0.00000000      0.00000000      0.00000000      0.59520000
      2.52990000      0.10980000      0.04830000      0.37320000      0.13930000      0.00000000      0.00000000      0.00000000      0.00000000      0.00000000      0.67060000
      2.57990000      0.08400000      0.05010000      0.27170000      0.17280000      0.00000000      0.00000000      0.00000000      0.00000000      0.00000000      0.57860000
      2.62990000      0.01870000      0.01680000      0.06010000      0.17640000      0.00000000      0.00000000      0.00000000      0.00000000      0.00000000      0.27200000
      2.67990000      0.00590000      0.08670000      0.00890000      2.18480000      0.00000000      0.00000000      0.00000000      0.00000000      0.00000000      2.28630000
      2.72990000      0.01420000      0.23960000      0.01820000      6.05100000      0.00000000      0.00000000      0.00000000      0.00000000      0.00000000      6.32300000
      2.77990000      0.00710000      0.12150000      0.00920000      3.07140000      0.00000000      0.00000000      0.00000000      0.00000000      0.00000000      3.20920000
      2.82990000      0.00060000      0.01110000      0.00080000      0.27570000      0.00000000      0.00000000      0.00000000      0.00000000      0.00000000      0.28820000
      2.87990000      0.00010000      0.00020000      0.00020000      0.00510000      0.00000000      0.00000000      0.00000000      0.00000000      0.00000000      0.00560000
      2.92990000      0.00530000      0.00590000      0.00960000      0.05070000      0.00000000      0.00000000      0.00000000      0.00000000      0.00000000      0.07150000
      2.97990000      0.04030000      0.04450000      0.07320000      0.38260000      0.00000000      0.00000000      0.00000000      0.00000000      0.00000000      0.54060000
      3.02990000      0.05470000      0.06040000      0.09890000      0.51810000      0.00000000      0.00000000      0.00000000      0.00000000      0.00000000      0.73210000
      3.07990000      0.01340000      0.01490000      0.02440000      0.12780000      0.00000000      0.00000000      0.00000000      0.00000000      0.00000000      0.18050000
      3.12990000      0.00060000      0.00060000      0.00100000      0.00540000      0.00000000      0.00000000      0.00000000      0.00000000      0.00000000      0.00760000
      3.17990000      0.00000000      0.00000000      0.00000000      0.00000000      0.00000000      0.00000000      0.00000000      0.00000000      0.00000000      0.00000000
      3.22990000      0.00000000      0.00000000      0.00000000      0.00000000      0.00000000      0.00000000      0.00000000      0.00000000      0.00000000      0.00000000
      3.27990000      0.00000000      0.00000000      0.00000000      0.00000000      0.00000000      0.00000000      0.00000000      0.00000000      0.00000000      0.00000000
      3.32990000      0.00000000      0.00000000      0.00000000      0.00000000      0.00000000      0.00000000      0.00000000      0.00000000      0.00000000      0.00000000
      3.37990000      0.00000000      0.00000000      0.00000000      0.00000000      0.00000000      0.00000000      0.00000000      0.00000000      0.00000000      0.00000000
      3.42990000      0.00000000      0.00000000      0.00000000      0.00000000      0.00000000      0.00000000      0.00000000      0.00000000      0.00000000      0.00000000
      3.47990000      0.00000000      0.00000000      0.00000000      0.00000000      0.00000000      0.00000000      0.00000000      0.00000000      0.00000000      0.00000000
      3.52990000      0.00000000      0.00000000      0.00000000      0.00000000      0.00000000      0.00000000      0.00000000      0.00000000      0.00000000      0.00000000
      3.57990000      0.00010000      0.00000000      0.00150000      0.00010000      0.00000000      0.00000000      0.00000000      0.00000000      0.00000000      0.00170000
      3.62990000      0.00010000      0.00000000      0.00170000      0.00030000      0.00000000      0.00000000      0.00000000      0.00000000      0.00000000      0.00210000
      3.67990000      0.00110000      0.00070000      0.00270000      0.00670000      0.00000000      0.00000000      0.00000000      0.00000000      0.00000000      0.01120000
      3.72990000      0.00520000      0.00330000      0.01010000      0.03160000      0.00000000      0.00000000      0.00000000      0.00000000      0.00000000      0.05020000
      3.77990000      0.00460000      0.00270000      0.00890000      0.02950000      0.00000000      0.00000000      0.00000000      0.00000000      0.00000000      0.04570000
      3.82990000      0.00070000      0.00040000      0.00160000      0.00550000      0.00000000      0.00000000      0.00000000      0.00000000      0.00000000      0.00820000
      3.87990000      0.00000000      0.00000000      0.00000000      0.00010000      0.00000000      0.00000000      0.00000000      0.00000000      0.00000000      0.00010000
      3.92990000      0.00000000      0.00000000      0.00000000      0.00000000      0.00000000      0.00000000      0.00000000      0.00000000      0.00000000      0.00000000
      3.97990000      0.00000000      0.00000000      0.00020000      0.00020000      0.00000000      0.00000000      0.00000000      0.00000000      0.00000000      0.00040000
      4.02990000      0.00420000      0.00160000      0.00440000      0.00610000      0.00000000      0.00000000      0.00000000      0.00000000      0.00000000      0.01630000
      4.07990000      0.01960000      0.00890000      0.02150000      0.03710000      0.00000000      0.00000000      0.00000000      0.00000000      0.00000000      0.08710000
      4.12990000      0.02380000      0.01210000      0.02680000      0.06030000      0.00000000      0.00000000      0.00000000      0.00000000      0.00000000      0.12300000
      4.17990000      0.00880000      0.00480000      0.01000000      0.02620000      0.00000000      0.00000000      0.00000000      0.00000000      0.00000000      0.04980000
      4.22990000      0.00090000      0.00060000      0.00130000      0.00280000      0.00000000      0.00000000      0.00000000      0.00000000      0.00000000      0.00560000
      4.27990000      0.00300000      0.00120000      0.00540000      0.00490000      0.00000000      0.00000000      0.00000000      0.00000000      0.00000000      0.01450000
      4.32990000      0.00810000      0.00310000      0.01310000      0.02030000      0.00000000      0.00000000      0.00000000      0.00000000      0.00000000      0.04460000
      4.37990000      0.00910000      0.00290000      0.01240000      0.02990000      0.00000000      0.00000000      0.00000000      0.00000000      0.00000000      0.05430000
      4.42990000      0.00710000      0.00280000      0.00790000      0.02230000      0.00000000      0.00000000      0.00000000      0.00000000      0.00000000      0.04010000
      4.47990000      0.00290000      0.00120000      0.00260000      0.00890000      0.00000000      0.00000000      0.00000000      0.00000000      0.00000000      0.01560000
      4.52990000      0.00030000      0.00010000      0.00020000      0.00090000      0.00000000      0.00000000      0.00000000      0.00000000      0.00000000      0.00150000
      4.57990000      0.00000000      0.00000000      0.00000000      0.00000000      0.00000000      0.00000000      0.00000000      0.00000000      0.00000000      0.00000000
      4.62990000      0.00190000      0.00040000      0.00260000      0.00020000      0.00000000      0.00000000      0.00000000      0.00000000      0.00000000      0.00510000
      4.67990000      0.00940000      0.00210000      0.01290000      0.00140000      0.00000000      0.00000000      0.00000000      0.00000000      0.00000000      0.02580000
      4.72990000      0.00820000      0.00180000      0.01130000      0.00120000      0.00000000      0.00000000      0.00000000      0.00000000      0.00000000      0.02250000
      4.77990000      0.00120000      0.00020000      0.00190000      0.00030000      0.00000000      0.00000000      0.00000000      0.00000000      0.00000000      0.00360000
      4.82990000      0.00310000      0.00060000      0.00310000      0.00490000      0.00000000      0.00000000      0.00000000      0.00000000      0.00000000      0.01170000
      4.87990000      0.01560000      0.00410000      0.01580000      0.02480000      0.00000000      0.00000000      0.00000000      0.00000000      0.00000000      0.06030000
      4.92990000      0.01910000      0.00600000      0.02020000      0.02990000      0.00000000      0.00000000      0.00000000      0.00000000      0.00000000      0.07520000
      4.97990000      0.01190000      0.00510000      0.01520000      0.02240000      0.00000000      0.00000000      0.00000000      0.00000000      0.00000000      0.05460000
      5.02990000      0.01060000      0.00470000      0.01700000      0.02360000      0.00000000      0.00000000      0.00000000      0.00000000      0.00000000      0.05590000
      5.07990000      0.00430000      0.00170000      0.00720000      0.00900000      0.00000000      0.00000000      0.00000000      0.00000000      0.00000000      0.02220000
      5.12990000      0.00380000      0.00150000      0.00310000      0.00930000      0.00000000      0.00000000      0.00000000      0.00000000      0.00000000      0.01770000
      5.17990000      0.00400000      0.00160000      0.00280000      0.01000000      0.00000000      0.00000000      0.00000000      0.00000000      0.00000000      0.01840000
      5.22990000      0.00070000      0.00020000      0.00050000      0.00200000      0.00000000      0.00000000      0.00000000      0.00000000      0.00000000      0.00340000
      5.27990000      0.00000000      0.00000000      0.00000000      0.00000000      0.00000000      0.00000000      0.00000000      0.00000000      0.00000000      0.00000000
      5.32990000      0.00000000      0.00000000      0.00000000      0.00000000      0.00000000      0.00000000      0.00000000      0.00000000      0.00000000      0.00000000
      5.37990000      0.00000000      0.00000000      0.00000000      0.00000000      0.00000000      0.00000000      0.00000000      0.00000000      0.00000000      0.00000000
      5.42990000      0.00000000      0.00000000      0.00000000      0.00000000      0.00000000      0.00000000      0.00000000      0.00000000      0.00000000      0.00000000
      5.47990000      0.00020000      0.00010000      0.00040000      0.00010000      0.00000000      0.00000000      0.00000000      0.00000000      0.00000000      0.00080000
      5.52990000      0.01090000      0.00510000      0.01530000      0.00430000      0.00000000      0.00000000      0.00000000      0.00000000      0.00000000      0.03560000
      5.57990000      0.07420000      0.03440000      0.10020000      0.03980000      0.00000000      0.00000000      0.00000000      0.00000000      0.00000000      0.24860000
      5.62990000      0.09780000      0.04440000      0.12840000      0.07470000      0.00000000      0.00000000      0.00000000      0.00000000      0.00000000      0.34530000
      5.67990000      0.03370000      0.01470000      0.04240000      0.02840000      0.00000000      0.00000000      0.00000000      0.00000000      0.00000000      0.11920000
      5.72990000      0.14180000      0.05920000      0.16980000      0.00790000      0.00000000      0.00000000      0.00000000      0.00000000      0.00000000      0.37870000
      5.77990000      0.49700000      0.20790000      0.59540000      0.02090000      0.00000000      0.00000000      0.00000000      0.00000000      0.00000000      1.32120000
      5.82990000      0.32440000      0.13520000      0.38740000      0.03840000      0.00000000      0.00000000      0.00000000      0.00000000      0.00000000      0.88540000
      5.87990000      0.06490000      0.02220000      0.06350000      0.26920000      0.00000000      0.00000000      0.00000000      0.00000000      0.00000000      0.41980000
      5.92990000      0.07410000      0.02040000      0.05810000      0.53220000      0.00000000      0.00000000      0.00000000      0.00000000      0.00000000      0.68480000
      5.97990000      0.11120000      0.04030000      0.09790000      0.32320000      0.00000000      0.00000000      0.00000000      0.00000000      0.00000000      0.57260000
      6.02990000      0.13050000      0.05550000      0.12240000      0.19270000      0.00000000      0.00000000      0.00000000      0.00000000      0.00000000      0.50110000
      6.07990000      0.15350000      0.07940000      0.17680000      0.09020000      0.00000000      0.00000000      0.00000000      0.00000000      0.00000000      0.49990000
      6.12990000      0.14530000      0.07480000      0.18490000      0.05830000      0.00000000      0.00000000      0.00000000      0.00000000      0.00000000      0.46330000
      6.17990000      0.15760000      0.05790000      0.11540000      0.05240000      0.00000000      0.00000000      0.00000000      0.00000000      0.00000000      0.38330000
      6.22990000      0.46470000      0.15030000      0.24630000      0.18210000      0.00000000      0.00000000      0.00000000      0.00000000      0.00000000      1.04340000
      6.27990000      0.49640000      0.16220000      0.25730000      0.25790000      0.00000000      0.00000000      0.00000000      0.00000000      0.00000000      1.17380000
      6.32990000      0.32820000      0.09090000      0.17860000      0.15930000      0.00000000      0.00000000      0.00000000      0.00000000      0.00000000      0.75700000
      6.37990000      0.27380000      0.04290000      0.16770000      0.11240000      0.00000000      0.00000000      0.00000000      0.00000000      0.00000000      0.59680000
      6.42990000      0.16800000      0.03580000      0.13470000      0.18290000      0.00000000      0.00000000      0.00000000      0.00000000      0.00000000      0.52140000
      6.47990000      0.20050000      0.07550000      0.26680000      0.27320000      0.00000000      0.00000000      0.00000000      0.00000000      0.00000000      0.81600000
      6.52990000      0.36420000      0.11250000      0.39390000      0.17380000      0.00000000      0.00000000      0.00000000      0.00000000      0.00000000      1.04440000
      6.57990000      0.41630000      0.07460000      0.33860000      0.07410000      0.00000000      0.00000000      0.00000000      0.00000000      0.00000000      0.90360000
      6.62990000      0.16720000      0.03270000      0.11540000      0.24700000      0.00000000      0.00000000      0.00000000      0.00000000      0.00000000      0.56230000
      6.67990000      0.06140000      0.02760000      0.03020000      0.42460000      0.00000000      0.00000000      0.00000000      0.00000000      0.00000000      0.54380000
      6.72990000      0.01740000      0.00880000      0.00860000      0.13680000      0.00000000      0.00000000      0.00000000      0.00000000      0.00000000      0.17160000
      6.77990000      0.01550000      0.00730000      0.03520000      0.01060000      0.00000000      0.00000000      0.00000000      0.00000000      0.00000000      0.06860000
      6.82990000      0.08810000      0.03880000      0.20230000      0.02500000      0.00000000      0.00000000      0.00000000      0.00000000      0.00000000      0.35420000
      6.87990000      0.15660000      0.05740000      0.25220000      0.16190000      0.00000000      0.00000000      0.00000000      0.00000000      0.00000000      0.62810000
      6.92990000      0.21570000      0.07080000      0.16170000      0.37470000      0.00000000      0.00000000      0.00000000      0.00000000      0.00000000      0.82290000
      6.97990000      0.21380000      0.07050000      0.17170000      0.31980000      0.00000000      0.00000000      0.00000000      0.00000000      0.00000000      0.77580000
      7.02990000      0.18410000      0.05010000      0.19630000      0.28930000      0.00000000      0.00000000      0.00000000      0.00000000      0.00000000      0.71980000
      7.07990000      0.09430000      0.02400000      0.10310000      0.25470000      0.00000000      0.00000000      0.00000000      0.00000000      0.00000000      0.47610000
      7.12990000      0.02670000      0.00970000      0.02780000      0.20620000      0.00000000      0.00000000      0.00000000      0.00000000      0.00000000      0.27040000
      7.17990000      0.00400000      0.00180000      0.00410000      0.04290000      0.00000000      0.00000000      0.00000000      0.00000000      0.00000000      0.05280000
      7.22990000      0.00000000      0.00000000      0.00000000      0.00150000      0.00000000      0.00000000      0.00000000      0.00000000      0.00000000      0.00150000
      7.27990000      0.00000000      0.00000000      0.00000000      0.00000000      0.00000000      0.00000000      0.00000000      0.00000000      0.00000000      0.00000000
      7.32990000      0.00000000      0.00000000      0.00000000      0.00000000      0.00000000      0.00000000      0.00000000      0.00000000      0.00000000      0.00000000
      7.37990000      0.00000000      0.00000000      0.00000000      0.00000000      0.00000000      0.00000000      0.00000000      0.00000000      0.00000000      0.00000000
      7.42990000      0.00000000      0.00000000      0.00000000      0.00000000      0.00000000      0.00000000      0.00000000      0.00000000      0.00000000      0.00000000
      7.47990000      0.00000000      0.00000000      0.00000000      0.00000000      0.00000000      0.00000000      0.00000000      0.00000000      0.00000000      0.00000000
      7.52990000      0.00000000      0.00000000      0.00000000      0.00000000      0.00000000      0.00000000      0.00000000      0.00000000      0.00000000      0.00000000
      7.57990000      0.00000000      0.00000000      0.00000000      0.00000000      0.00000000      0.00000000      0.00000000      0.00000000      0.00000000      0.00000000
      7.62990000      0.00000000      0.00000000      0.00000000      0.00000000      0.00000000      0.00000000      0.00000000      0.00000000      0.00000000      0.00000000
      7.67990000      0.00000000      0.00000000      0.00000000      0.00000000      0.00000000      0.00000000      0.00000000      0.00000000      0.00000000      0.00000000
      7.72990000      0.00000000      0.00000000      0.00000000      0.00000000      0.00000000      0.00000000      0.00000000      0.00000000      0.00000000      0.00000000
      7.77990000      0.00000000      0.00000000      0.00000000      0.00000000      0.00000000      0.00000000      0.00000000      0.00000000      0.00000000      0.00000000
      7.82990000      0.00000000      0.00000000      0.00000000      0.00000000      0.00000000      0.00000000      0.00000000      0.00000000      0.00000000      0.00000000
      7.87990000      0.00000000      0.00000000      0.00000000      0.00000000      0.00000000      0.00000000      0.00000000      0.00000000      0.00000000      0.00000000
      7.92990000      0.00000000      0.00000000      0.00000000      0.00000000      0.00000000      0.00000000      0.00000000      0.00000000      0.00000000      0.00000000
      7.97990000      0.00000000      0.00000000      0.00000000      0.00000000      0.00000000      0.00000000      0.00000000      0.00000000      0.00000000      0.00000000
      8.02990000      0.00000000      0.00000000      0.00000000      0.00000000      0.00000000      0.00000000      0.00000000      0.00000000      0.00000000      0.00000000
      8.07990000      0.00000000      0.00000000      0.00000000      0.00000000      0.00000000      0.00000000      0.00000000      0.00000000      0.00000000      0.00000000
      8.12990000      0.00000000      0.00000000      0.00000000      0.00000000      0.00000000      0.00000000      0.00000000      0.00000000      0.00000000      0.00000000
      8.17990000      0.00000000      0.00000000      0.00000000      0.00000000      0.00000000      0.00000000      0.00000000      0.00000000      0.00000000      0.00000000
      8.22990000      0.00000000      0.00000000      0.00000000      0.00000000      0.00000000      0.00000000      0.00000000      0.00000000      0.00000000      0.00000000
      8.27990000      0.00000000      0.00000000      0.00000000      0.00000000      0.00000000      0.00000000      0.00000000      0.00000000      0.00000000      0.00000000
      8.32990000      0.00000000      0.00000000      0.00000000      0.00000000      0.00000000      0.00000000      0.00000000      0.00000000      0.00000000      0.00000000
      8.37990000      0.00000000      0.00000000      0.00000000      0.00000000      0.00000000      0.00000000      0.00000000      0.00000000      0.00000000      0.00000000
      8.42990000      0.00000000      0.00000000      0.00000000      0.00000000      0.00000000      0.00000000      0.00000000      0.00000000      0.00000000      0.00000000
      8.47990000      0.00000000      0.00000000      0.00000000      0.00000000      0.00000000      0.00000000      0.00000000      0.00000000      0.00000000      0.00000000
      8.52990000      0.00000000      0.00000000      0.00000000      0.00000000      0.00000000      0.00000000      0.00000000      0.00000000      0.00000000      0.00000000
      8.57990000      0.00000000      0.00000000      0.00000000      0.00000000      0.00000000      0.00000000      0.00000000      0.00000000      0.00000000      0.00000000
      8.62990000      0.00000000      0.00000000      0.00000000      0.00000000      0.00000000      0.00000000      0.00000000      0.00000000      0.00000000      0.00000000
      8.67990000      0.00000000      0.00000000      0.00000000      0.00000000      0.00000000      0.00000000      0.00000000      0.00000000      0.00000000      0.00000000
      8.72990000      0.00000000      0.00000000      0.00000000      0.00000000      0.00000000      0.00000000      0.00000000      0.00000000      0.00000000      0.00000000
      8.77990000      0.00000000      0.00000000      0.00000000      0.00000000      0.00000000      0.00000000      0.00000000      0.00000000      0.00000000      0.00000000
      8.82990000      0.00000000      0.00000000      0.00000000      0.00000000      0.00000000      0.00000000      0.00000000      0.00000000      0.00000000      0.00000000
      8.87990000      0.00000000      0.00000000      0.00000000      0.00000000      0.00000000      0.00000000      0.00000000      0.00000000      0.00000000      0.00000000
      8.92990000      0.00000000      0.00000000      0.00000000      0.00000000      0.00000000      0.00000000      0.00000000      0.00000000      0.00000000      0.00000000
      8.97990000      0.00000000      0.00000000      0.00000000      0.00000000      0.00000000      0.00000000      0.00000000      0.00000000      0.00000000      0.00000000
      9.02990000      0.00000000      0.00000000      0.00000000      0.00000000      0.00000000      0.00000000      0.00000000      0.00000000      0.00000000      0.00000000
      9.07990000      0.00000000      0.00000000      0.00000000      0.00000000      0.00000000      0.00000000      0.00000000      0.00000000      0.00000000      0.00000000
      9.12990000      0.00000000      0.00000000      0.00000000      0.00000000      0.00000000      0.00000000      0.00000000      0.00000000      0.00000000      0.00000000
      9.17990000      0.00000000      0.00000000      0.00000000      0.00000000      0.00000000      0.00000000      0.00000000      0.00000000      0.00000000      0.00000000
      9.22990000      0.00000000      0.00000000      0.00000000      0.00000000      0.00000000      0.00000000      0.00000000      0.00000000      0.00000000      0.00000000
      9.27990000      0.00000000      0.00000000      0.00000000      0.00000000      0.00000000      0.00000000      0.00000000      0.00000000      0.00000000      0.00000000
      9.32990000      0.00000000      0.00000000      0.00000000      0.00000000      0.00000000      0.00000000      0.00000000      0.00000000      0.00000000      0.00000000
      9.37990000      0.00000000      0.00000000      0.00000000      0.00000000      0.00000000      0.00000000      0.00000000      0.00000000      0.00000000      0.00000000
      9.42990000      0.00000000      0.00000000      0.00000000      0.00000000      0.00000000      0.00000000      0.00000000      0.00000000      0.00000000      0.00000000
      9.47990000      0.00000000      0.00000000      0.00000000      0.00000000      0.00000000      0.00000000      0.00000000      0.00000000      0.00000000      0.00000000
      9.52990000      0.00000000      0.00000000      0.00000000      0.00000000      0.00000000      0.00000000      0.00000000      0.00000000      0.00000000      0.00000000
      9.57990000      0.00000000      0.00000000      0.00000000      0.00000000      0.00000000      0.00000000      0.00000000      0.00000000      0.00000000      0.00000000
      9.62990000      0.00000000      0.00000000      0.00000000      0.00000000      0.00000000      0.00000000      0.00000000      0.00000000      0.00000000      0.00000000
      9.67990000      0.00000000      0.00000000      0.00000000      0.00000000      0.00000000      0.00000000      0.00000000      0.00000000      0.00000000      0.00000000
      9.72990000      0.00000000      0.00000000      0.00000000      0.00000000      0.00000000      0.00000000      0.00000000      0.00000000      0.00000000      0.00000000
      9.77990000      0.00000000      0.00000000      0.00000000      0.00000000      0.00000000      0.00000000      0.00000000      0.00000000      0.00000000      0.00000000
      9.82990000      0.00000000      0.00000000      0.00000000      0.00000000      0.00000000      0.00000000      0.00000000      0.00000000      0.00000000      0.00000000
      9.87990000      0.00000000      0.00000000      0.00000000      0.00000000      0.00000000      0.00000000      0.00000000      0.00000000      0.00000000      0.00000000
      9.92990000      0.00000000      0.00000000      0.00000000      0.00000000      0.00000000      0.00000000      0.00000000      0.00000000      0.00000000      0.00000000
      9.97990000      0.00000000      0.00000000      0.00000000      0.00000000      0.00000000      0.00000000      0.00000000      0.00000000      0.00000000      0.00000000
     10.02990000      0.00000000      0.00000000      0.00000000      0.00000000      0.00000000      0.00000000      0.00000000      0.00000000      0.00000000      0.00000000
     10.07990000      0.00000000      0.00000000      0.00000000      0.00000000      0.00000000      0.00000000      0.00000000      0.00000000      0.00000000      0.00000000
     10.12990000      0.00000000      0.00000000      0.00000000      0.00000000      0.00000000      0.00000000      0.00000000      0.00000000      0.00000000      0.00000000
     10.17990000      0.00000000      0.00000000      0.00000000      0.00000000      0.00000000      0.00000000      0.00000000      0.00000000      0.00000000      0.00000000
     10.22990000      0.00000000      0.00000000      0.00000000      0.00000000      0.00000000      0.00000000      0.00000000      0.00000000      0.00000000      0.00000000
     10.27990000      0.00000000      0.00000000      0.00000000      0.00000000      0.00000000      0.00000000      0.00000000      0.00000000      0.00000000      0.00000000
     10.32990000      0.00000000      0.00000000      0.00000000      0.00000000      0.00000000      0.00000000      0.00000000      0.00000000      0.00000000      0.00000000
     10.37990000      0.00000000      0.00000000      0.00000000      0.00000000      0.00000000      0.00000000      0.00000000      0.00000000      0.00000000      0.00000000
     10.42990000      0.00000000      0.00000000      0.00000000      0.00000000      0.00000000      0.00000000      0.00000000      0.00000000      0.00000000      0.00000000
     10.47990000      0.00000000      0.00000000      0.00000000      0.00000000      0.00000000      0.00000000      0.00000000      0.00000000      0.00000000      0.00000000
     10.52990000      0.00000000      0.00000000      0.00000000      0.00000000      0.00000000      0.00000000      0.00000000      0.00000000      0.00000000      0.00000000
     10.57990000      0.00000000      0.00000000      0.00000000      0.00000000      0.00000000      0.00000000      0.00000000      0.00000000      0.00000000      0.00000000
     10.62990000      0.00000000      0.00000000      0.00000000      0.00000000      0.00000000      0.00000000      0.00000000      0.00000000      0.00000000      0.00000000
     10.67990000      0.00000000      0.00000000      0.00000000      0.00000000      0.00000000      0.00000000      0.00000000      0.00000000      0.00000000      0.00000000
     10.72990000      0.00000000      0.00000000      0.00000000      0.00000000      0.00000000      0.00000000      0.00000000      0.00000000      0.00000000      0.00000000
     10.77990000      0.00000000      0.00000000      0.00000000      0.00000000      0.00000000      0.00000000      0.00000000      0.00000000      0.00000000      0.00000000
     10.82990000      0.00000000      0.00000000      0.00000000      0.00000000      0.00000000      0.00000000      0.00000000      0.00000000      0.00000000      0.00000000
     10.87990000      0.00000000      0.00000000      0.00000000      0.00000000      0.00000000      0.00000000      0.00000000      0.00000000      0.00000000      0.00000000
     10.92990000      0.00000000      0.00000000      0.00000000      0.00000000      0.00000000      0.00000000      0.00000000      0.00000000      0.00000000      0.00000000
     10.97990000      0.00000000      0.00000000      0.00000000      0.00000000      0.00000000      0.00000000      0.00000000      0.00000000      0.00000000      0.00000000
     11.02990000      0.00000000      0.00000000      0.00000000      0.00000000      0.00000000      0.00000000      0.00000000      0.00000000      0.00000000      0.00000000
     11.07990000      0.00000000      0.00000000      0.00000000      0.00000000      0.00000000      0.00000000      0.00000000      0.00000000      0.00000000      0.00000000
     11.12990000      0.00000000      0.00000000      0.00000000      0.00000000      0.00000000      0.00000000      0.00000000      0.00000000      0.00000000      0.00000000
     11.17990000      0.00000000      0.00000000      0.00000000      0.00000000      0.00000000      0.00000000      0.00000000      0.00000000      0.00000000      0.00000000
     11.22990000      0.00000000      0.00000000      0.00000000      0.00000000      0.00000000      0.00000000      0.00000000      0.00000000      0.00000000      0.00000000
     11.27990000      0.00000000      0.00000000      0.00000000      0.00000000      0.00000000      0.00000000      0.00000000      0.00000000      0.00000000      0.00000000
     11.32990000      0.00000000      0.00000000      0.00000000      0.00000000      0.00000000      0.00000000      0.00000000      0.00000000      0.00000000      0.00000000
     11.37990000      0.00000000      0.00000000      0.00000000      0.00000000      0.00000000      0.00000000      0.00000000      0.00000000      0.00000000      0.00000000
     11.42990000      0.00000000      0.00000000      0.00000000      0.00000000      0.00000000      0.00000000      0.00000000      0.00000000      0.00000000      0.00000000
     11.47990000      0.00000000      0.00000000      0.00000000      0.00000000      0.00000000      0.00000000      0.00000000      0.00000000      0.00000000      0.00000000
     11.52990000      0.00000000      0.00000000      0.00000000      0.00000000      0.00000000      0.00000000      0.00000000      0.00000000      0.00000000      0.00000000
     11.57990000      0.00000000      0.00000000      0.00000000      0.00000000      0.00000000      0.00000000      0.00000000      0.00000000      0.00000000      0.00000000
     11.62990000      0.00000000      0.00000000      0.00000000      0.00000000      0.00000000      0.00000000      0.00000000      0.00000000      0.00000000      0.00000000
     11.67990000      0.00000000      0.00000000      0.00000000      0.00000000      0.00000000      0.00000000      0.00000000      0.00000000      0.00000000      0.00000000
     11.72990000      0.00000000      0.00000000      0.00000000      0.00000000      0.00000000      0.00000000      0.00000000      0.00000000      0.00000000      0.00000000
     11.77990000      0.00000000      0.00000000      0.00000000      0.00000000      0.00000000      0.00000000      0.00000000      0.00000000      0.00000000      0.00000000
     11.82990000      0.00000000      0.00000000      0.00000000      0.00000000      0.00000000      0.00000000      0.00000000      0.00000000      0.00000000      0.00000000
     11.87990000      0.00000000      0.00000000      0.00000000      0.00000000      0.00000000      0.00000000      0.00000000      0.00000000      0.00000000      0.00000000
     11.92990000      0.00000000      0.00000000      0.00000000      0.00000000      0.00000000      0.00000000      0.00000000      0.00000000      0.00000000      0.00000000
     11.97990000      0.00000000      0.00000000      0.00000000      0.00000000      0.00000000      0.00000000      0.00000000      0.00000000      0.00000000      0.00000000
     12.02990000      0.00000000      0.00000000      0.00000000      0.00000000      0.00000000      0.00000000      0.00000000      0.00000000      0.00000000      0.00000000
     12.07990000      0.00000000      0.00000000      0.00000000      0.00000000      0.00000000      0.00000000      0.00000000      0.00000000      0.00000000      0.00000000
     12.12990000      0.00000000      0.00000000      0.00000000      0.00000000      0.00000000      0.00000000      0.00000000      0.00000000      0.00000000      0.00000000
     12.17990000      0.00000000      0.00000000      0.00000000      0.00000000      0.00000000      0.00000000      0.00000000      0.00000000      0.00000000      0.00000000
     12.22990000      0.00000000      0.00000000      0.00000000      0.00000000      0.00000000      0.00000000      0.00000000      0.00000000      0.00000000      0.00000000
     12.27990000      0.00000000      0.00000000      0.00000000      0.00000000      0.00000000      0.00000000      0.00000000      0.00000000      0.00000000      0.00000000
     12.32990000      0.00000000      0.00000000      0.00000000      0.00000000      0.00000000      0.00000000      0.00000000      0.00000000      0.00000000      0.00000000
     12.37990000      0.00000000      0.00000000      0.00000000      0.00000000      0.00000000      0.00000000      0.00000000      0.00000000      0.00000000      0.00000000
     12.42990000      0.00000000      0.00000000      0.00000000      0.00000000      0.00000000      0.00000000      0.00000000      0.00000000      0.00000000      0.00000000
     12.47990000      0.00000000      0.00000000      0.00000000      0.00000000      0.00000000      0.00000000      0.00000000      0.00000000      0.00000000      0.00000000
     12.52990000      0.00000000      0.00000000      0.00000000      0.00000000      0.00000000      0.00000000      0.00000000      0.00000000      0.00000000      0.00000000
     12.57990000      0.00000000      0.00000000      0.00000000      0.00000000      0.00000000      0.00000000      0.00000000      0.00000000      0.00000000      0.00000000
     12.62990000      0.00000000      0.00000000      0.00000000      0.00000000      0.00000000      0.00000000      0.00000000      0.00000000      0.00000000      0.00000000
     12.67990000      0.00000000      0.00000000      0.00000000      0.00000000      0.00000000      0.00000000      0.00000000      0.00000000      0.00000000      0.00000000
     12.72990000      0.00000000      0.00000000      0.00000000      0.00000000      0.00000000      0.00000000      0.00000000      0.00000000      0.00000000      0.00000000
