      Energy(eV)          s               py              pz              px              dxy             dyz             dz2             dxz            dx2-y2            tot 
     -7.17010000      0.06740000      0.00190000      0.00080000      0.00110000      0.00000000      0.00000000      0.00000000      0.00000000      0.00000000      0.07120000
     -7.12010000      0.82450000      0.02380000      0.01130000      0.01380000      0.00000000      0.00000000      0.00000000      0.00000000      0.00000000      0.87340000
     -7.07010000      1.77820000      0.05180000      0.02450000      0.02980000      0.00000000      0.00000000      0.00000000      0.00000000      0.00000000      1.88430000
     -7.02010000      0.75110000      0.02100000      0.01070000      0.01350000      0.00000000      0.00000000      0.00000000      0.00000000      0.00000000      0.79630000
     -6.97010000      0.37640000      0.00970000      0.00640000      0.00680000      0.00000000      0.00000000      0.00000000      0.00000000      0.00000000      0.39930000
     -6.92010000      0.68020000      0.01880000      0.01040000      0.00950000      0.00000000      0.00000000      0.00000000      0.00000000      0.00000000      0.71890000
     -6.87010000      0.37670000      0.01020000      0.00610000      0.00540000      0.00000000      0.00000000      0.00000000      0.00000000      0.00000000      0.39840000
     -6.82010000      0.41720000      0.01020000      0.00740000      0.00600000      0.00000000      0.00000000      0.00000000      0.00000000      0.00000000      0.44080000
     -6.77010000      0.43430000      0.01040000      0.00730000      0.00560000      0.00000000      0.00000000      0.00000000      0.00000000      0.00000000      0.45760000
     -6.72010000      0.11730000      0.00270000      0.00180000      0.00150000      0.00000000      0.00000000      0.00000000      0.00000000      0.00000000      0.12330000
     -6.67010000      0.13670000      0.00200000      0.00200000      0.00610000      0.00000000      0.00000000      0.00000000      0.00000000      0.00000000      0.14680000
     -6.62010000      0.72460000      0.01160000      0.01150000      0.03220000      0.00000000      0.00000000      0.00000000      0.00000000      0.00000000      0.77990000
     -6.57010000      0.87130000      0.01340000      0.01420000      0.03780000      0.00000000      0.00000000      0.00000000      0.00000000      0.00000000      0.93670000
     -6.52010000      0.60700000      0.00930000      0.00930000      0.02760000      0.00000000      0.00000000      0.00000000      0.00000000      0.00000000      0.65320000
     -6.47010000      0.77840000      0.01370000      0.00980000      0.04030000      0.00000000      0.00000000      0.00000000      0.00000000      0.00000000      0.84220000
     -6.42010000      0.35040000      0.00630000      0.00410000      0.01860000      0.00000000      0.00000000      0.00000000      0.00000000      0.00000000      0.37940000
     -6.37010000      0.03830000      0.00050000      0.00040000      0.00170000      0.00000000      0.00000000      0.00000000      0.00000000      0.00000000      0.04090000
     -6.32010000      0.29240000      0.00070000      0.01220000      0.00480000      0.00000000      0.00000000      0.00000000      0.00000000      0.00000000      0.31010000
     -6.27010000      2.42880000      0.00370000      0.10260000      0.03380000      0.00000000      0.00000000      0.00000000      0.00000000      0.00000000      2.56890000
     -6.22010000      4.09270000      0.00410000      0.17340000      0.05620000      0.00000000      0.00000000      0.00000000      0.00000000      0.00000000      4.32640000
     -6.17010000      1.38150000      0.00100000      0.05850000      0.01940000      0.00000000      0.00000000      0.00000000      0.00000000      0.00000000      1.46040000
     -6.12010000      0.10030000      0.00010000      0.00390000      0.00160000      0.00000000      0.00000000      0.00000000      0.00000000      0.00000000      0.10590000
     -6.07010000      0.03610000      0.00080000      0.00020000      0.00150000      0.00000000      0.00000000      0.00000000      0.00000000      0.00000000      0.03860000
     -6.02010000      0.03910000      0.00080000      0.00020000      0.00140000      0.00000000      0.00000000      0.00000000      0.00000000      0.00000000      0.04150000
     -5.97010000      0.02160000      0.00080000      0.00010000      0.00100000      0.00000000      0.00000000      0.00000000      0.00000000      0.00000000      0.02350000
     -5.92010000      0.16930000      0.00730000      0.00200000      0.00750000      0.00000000      0.00000000      0.00000000      0.00000000      0.00000000      0.18610000
     -5.87010000      0.37330000      0.01620000      0.00430000      0.01670000      0.00000000      0.00000000      0.00000000      0.00000000      0.00000000      0.41050000
     -5.82010000      0.15370000      0.00650000      0.00200000      0.00680000      0.00000000      0.00000000      0.00000000      0.00000000      0.00000000      0.16900000
     -5.77010000      0.19440000      0.00050000      0.00730000      0.00300000      0.00000000      0.00000000      0.00000000      0.00000000      0.00000000      0.20520000
     -5.72010000      2.09150000      0.00180000      0.08180000      0.02650000      0.00000000      0.00000000      0.00000000      0.00000000      0.00000000      2.20160000
     -5.67010000      4.20980000      0.00340000      0.16480000      0.05310000      0.00000000      0.00000000      0.00000000      0.00000000      0.00000000      4.43110000
     -5.62010000      1.55220000      0.00130000      0.06080000      0.01950000      0.00000000      0.00000000      0.00000000      0.00000000      0.00000000      1.63380000
     -5.57010000      0.09980000      0.00000000      0.00400000      0.00120000      0.00000000      0.00000000      0.00000000      0.00000000      0.00000000      0.10500000
     -5.52010000      0.00100000      0.00000000      0.00000000      0.00000000      0.00000000      0.00000000      0.00000000      0.00000000      0.00000000      0.00100000
     -5.47010000      0.00000000      0.00000000      0.00000000      0.00000000      0.00000000      0.00000000      0.00000000      0.00000000      0.00000000      0.00000000
     -5.42010000      0.00000000      0.00000000      0.00000000      0.00000000      0.00000000      0.00000000      0.00000000      0.00000000      0.00000000      0.00000000
     -5.37010000      0.00000000      0.00000000      0.00000000      0.00000000      0.00000000      0.00000000      0.00000000      0.00000000      0.00000000      0.00000000
     -5.32010000      0.00100000      0.00000000      0.00000000      0.00000000      0.00000000      0.00000000      0.00000000      0.00000000      0.00000000      0.00100000
     -5.27010000      0.06440000      0.00010000      0.00220000      0.00080000      0.00000000      0.00000000      0.00000000      0.00000000      0.00000000      0.06750000
     -5.22010000      0.64210000      0.00450000      0.02180000      0.00980000      0.00000000      0.00000000      0.00000000      0.00000000      0.00000000      0.67820000
     -5.17010000      1.95490000      0.01180000      0.06710000      0.03030000      0.00000000      0.00000000      0.00000000      0.00000000      0.00000000      2.06410000
     -5.12010000      3.91990000      0.01140000      0.13850000      0.06150000      0.00000000      0.00000000      0.00000000      0.00000000      0.00000000      4.13130000
     -5.07010000      2.74710000      0.00960000      0.09710000      0.04580000      0.00000000      0.00000000      0.00000000      0.00000000      0.00000000      2.89960000
     -5.02010000      0.47180000      0.00470000      0.01610000      0.00970000      0.00000000      0.00000000      0.00000000      0.00000000      0.00000000      0.50230000
     -4.97010000      0.02530000      0.00040000      0.00070000      0.00060000      0.00000000      0.00000000      0.00000000      0.00000000      0.00000000      0.02700000
     -4.92010000      0.00010000      0.00000000      0.00000000      0.00000000      0.00000000      0.00000000      0.00000000      0.00000000      0.00000000      0.00010000
     -4.87010000      0.00000000      0.00000000      0.00000000      0.00000000      0.00000000      0.00000000      0.00000000      0.00000000      0.00000000      0.00000000
     -4.82010000      0.00000000      0.00000000      0.00000000      0.00000000      0.00000000      0.00000000      0.00000000      0.00000000      0.00000000      0.00000000
     -4.77010000      0.00000000      0.00000000      0.00000000      0.00000000      0.00000000      0.00000000      0.00000000      0.00000000      0.00000000      0.00000000
     -4.72010000      0.00000000      0.00000000      0.00000000      0.00000000      0.00000000      0.00000000      0.00000000      0.00000000      0.00000000      0.00000000
     -4.67010000      0.01150000      0.00050000      0.00000000      0.00000000      0.00000000      0.00000000      0.00000000      0.00000000      0.00000000      0.01200000
     -4.62010000      0.40520000      0.01620000      0.00440000      0.00920000      0.00000000      0.00000000      0.00000000      0.00000000      0.00000000      0.43500000
     -4.57010000      2.45060000      0.09510000      0.02660000      0.05470000      0.00000000      0.00000000      0.00000000      0.00000000      0.00000000      2.62700000
     -4.52010000      3.67680000      0.11080000      0.05970000      0.07470000      0.00000000      0.00000000      0.00000000      0.00000000      0.00000000      3.92200000
     -4.47010000      4.19030000      0.06360000      0.10940000      0.07740000      0.00000000      0.00000000      0.00000000      0.00000000      0.00000000      4.44070000
     -4.42010000      3.43750000      0.10220000      0.06970000      0.10800000      0.00000000      0.00000000      0.00000000      0.00000000      0.00000000      3.71740000
     -4.37010000      1.69870000      0.08700000      0.01820000      0.08140000      0.00000000      0.00000000      0.00000000      0.00000000      0.00000000      1.88530000
     -4.32010000      0.27620000      0.01550000      0.00210000      0.01420000      0.00000000      0.00000000      0.00000000      0.00000000      0.00000000      0.30800000
     -4.27010000      0.00830000      0.00060000      0.00000000      0.00020000      0.00000000      0.00000000      0.00000000      0.00000000      0.00000000      0.00910000
     -4.22010000      0.00020000      0.00000000      0.00000000      0.00000000      0.00000000      0.00000000      0.00000000      0.00000000      0.00000000      0.00020000
     -4.17010000      0.02430000      0.00020000      0.00010000      0.00070000      0.00000000      0.00000000      0.00000000      0.00000000      0.00000000      0.02530000
     -4.12010000      0.23020000      0.00380000      0.00370000      0.00800000      0.00000000      0.00000000      0.00000000      0.00000000      0.00000000      0.24570000
     -4.07010000      0.46120000      0.00720000      0.00880000      0.01440000      0.00000000      0.00000000      0.00000000      0.00000000      0.00000000      0.49160000
     -4.02010000      0.72430000      0.01270000      0.00810000      0.02660000      0.00000000      0.00000000      0.00000000      0.00000000      0.00000000      0.77170000
     -3.97010000      1.69050000      0.03220000      0.01240000      0.06670000      0.00000000      0.00000000      0.00000000      0.00000000      0.00000000      1.80180000
     -3.92010000      0.95690000      0.01800000      0.00750000      0.03740000      0.00000000      0.00000000      0.00000000      0.00000000      0.00000000      1.01980000
     -3.87010000      0.36520000      0.00450000      0.00690000      0.01150000      0.00000000      0.00000000      0.00000000      0.00000000      0.00000000      0.38810000
     -3.82010000      0.76630000      0.00720000      0.01890000      0.01900000      0.00000000      0.00000000      0.00000000      0.00000000      0.00000000      0.81140000
     -3.77010000      1.67230000      0.00840000      0.04450000      0.02860000      0.00000000      0.00000000      0.00000000      0.00000000      0.00000000      1.75380000
     -3.72010000      3.23890000      0.00970000      0.09190000      0.04640000      0.00000000      0.00000000      0.00000000      0.00000000      0.00000000      3.38690000
     -3.67010000      3.76390000      0.00980000      0.10850000      0.05320000      0.00000000      0.00000000      0.00000000      0.00000000      0.00000000      3.93540000
     -3.62010000      2.38110000      0.02450000      0.03730000      0.06710000      0.00000000      0.00000000      0.00000000      0.00000000      0.00000000      2.51000000
     -3.57010000      1.96630000      0.03270000      0.01020000      0.07790000      0.00000000      0.00000000      0.00000000      0.00000000      0.00000000      2.08710000
     -3.52010000      0.66080000      0.01040000      0.00480000      0.02540000      0.00000000      0.00000000      0.00000000      0.00000000      0.00000000      0.70140000
     -3.47010000      0.29280000      0.00400000      0.00320000      0.01140000      0.00000000      0.00000000      0.00000000      0.00000000      0.00000000      0.31140000
     -3.42010000      0.17300000      0.00270000      0.00170000      0.00670000      0.00000000      0.00000000      0.00000000      0.00000000      0.00000000      0.18410000
     -3.37010000      0.12420000      0.01120000      0.00370000      0.00270000      0.00000000      0.00000000      0.00000000      0.00000000      0.00000000      0.14180000
     -3.32010000      0.64560000      0.07410000      0.02280000      0.01160000      0.00000000      0.00000000      0.00000000      0.00000000      0.00000000      0.75410000
     -3.27010000      0.91660000      0.09730000      0.03220000      0.01660000      0.00000000      0.00000000      0.00000000      0.00000000      0.00000000      1.06270000
     -3.22010000      0.61080000      0.03280000      0.01790000      0.01210000      0.00000000      0.00000000      0.00000000      0.00000000      0.00000000      0.67360000
     -3.17010000      1.03070000      0.02700000      0.02320000      0.02050000      0.00000000      0.00000000      0.00000000      0.00000000      0.00000000      1.10140000
     -3.12010000      1.53380000      0.02420000      0.03270000      0.02680000      0.00000000      0.00000000      0.00000000      0.00000000      0.00000000      1.61750000
     -3.07010000      1.24520000      0.01270000      0.02420000      0.02490000      0.00000000      0.00000000      0.00000000      0.00000000      0.00000000      1.30700000
     -3.02010000      0.70900000      0.01000000      0.01020000      0.02100000      0.00000000      0.00000000      0.00000000      0.00000000      0.00000000      0.75020000
     -2.97010000      0.89150000      0.00850000      0.01510000      0.02210000      0.00000000      0.00000000      0.00000000      0.00000000      0.00000000      0.93720000
     -2.92010000      1.78290000      0.00580000      0.04170000      0.02500000      0.00000000      0.00000000      0.00000000      0.00000000      0.00000000      1.85540000
     -2.87010000      4.14620000      0.00800000      0.10260000      0.04770000      0.00000000      0.00000000      0.00000000      0.00000000      0.00000000      4.30450000
     -2.82010000      4.14530000      0.01540000      0.08600000      0.06980000      0.00000000      0.00000000      0.00000000      0.00000000      0.00000000      4.31650000
     -2.77010000      3.36020000      0.03530000      0.01940000      0.12520000      0.00000000      0.00000000      0.00000000      0.00000000      0.00000000      3.54010000
     -2.72010000      1.91800000      0.02310000      0.00400000      0.08050000      0.00000000      0.00000000      0.00000000      0.00000000      0.00000000      2.02560000
     -2.67010000      0.30780000      0.00330000      0.00070000      0.01310000      0.00000000      0.00000000      0.00000000      0.00000000      0.00000000      0.32490000
     -2.62010000      0.59060000      0.00350000      0.00310000      0.02420000      0.00000000      0.00000000      0.00000000      0.00000000      0.00000000      0.62140000
     -2.57010000      0.89560000      0.00630000      0.00470000      0.03600000      0.00000000      0.00000000      0.00000000      0.00000000      0.00000000      0.94260000
     -2.52010000      0.31370000      0.00240000      0.00210000      0.01220000      0.00000000      0.00000000      0.00000000      0.00000000      0.00000000      0.33040000
     -2.47010000      0.05530000      0.00010000      0.00020000      0.00220000      0.00000000      0.00000000      0.00000000      0.00000000      0.00000000      0.05780000
     -2.42010000      0.47530000      0.00190000      0.00260000      0.01780000      0.00000000      0.00000000      0.00000000      0.00000000      0.00000000      0.49760000
     -2.37010000      1.42700000      0.00610000      0.00840000      0.05240000      0.00000000      0.00000000      0.00000000      0.00000000      0.00000000      1.49390000
     -2.32010000      1.11710000      0.00490000      0.00870000      0.03590000      0.00000000      0.00000000      0.00000000      0.00000000      0.00000000      1.16660000
     -2.27010000      0.70920000      0.00330000      0.00810000      0.01840000      0.00000000      0.00000000      0.00000000      0.00000000      0.00000000      0.73900000
     -2.22010000      1.16330000      0.00500000      0.01490000      0.03250000      0.00000000      0.00000000      0.00000000      0.00000000      0.00000000      1.21570000
     -2.17010000      3.00380000      0.00930000      0.05090000      0.05470000      0.00000000      0.00000000      0.00000000      0.00000000      0.00000000      3.11870000
     -2.12010000      5.45030000      0.01080000      0.10380000      0.06610000      0.00000000      0.00000000      0.00000000      0.00000000      0.00000000      5.63100000
     -2.07010000      5.31540000      0.00940000      0.10400000      0.05270000      0.00000000      0.00000000      0.00000000      0.00000000      0.00000000      5.48150000
     -2.02010000      2.16980000      0.00770000      0.04110000      0.01900000      0.00000000      0.00000000      0.00000000      0.00000000      0.00000000      2.23760000
     -1.97010000      1.22080000      0.00370000      0.01910000      0.00990000      0.00000000      0.00000000      0.00000000      0.00000000      0.00000000      1.25350000
     -1.92010000      3.12740000      0.00180000      0.04800000      0.02620000      0.00000000      0.00000000      0.00000000      0.00000000      0.00000000      3.20340000
     -1.87010000      3.64490000      0.00520000      0.05130000      0.04110000      0.00000000      0.00000000      0.00000000      0.00000000      0.00000000      3.74250000
     -1.82010000      3.98290000      0.00990000      0.04900000      0.06300000      0.00000000      0.00000000      0.00000000      0.00000000      0.00000000      4.10480000
     -1.77010000      4.42040000      0.01150000      0.05430000      0.07400000      0.00000000      0.00000000      0.00000000      0.00000000      0.00000000      4.56020000
     -1.72010000      2.00680000      0.00910000      0.02340000      0.03730000      0.00000000      0.00000000      0.00000000      0.00000000      0.00000000      2.07660000
     -1.67010000      0.68820000      0.03480000      0.00900000      0.01360000      0.00000000      0.00000000      0.00000000      0.00000000      0.00000000      0.74560000
     -1.62010000      1.10790000      0.06930000      0.01460000      0.02320000      0.00000000      0.00000000      0.00000000      0.00000000      0.00000000      1.21500000
     -1.57010000      1.73800000      0.03540000      0.01060000      0.04810000      0.00000000      0.00000000      0.00000000      0.00000000      0.00000000      1.83210000
     -1.52010000      2.67490000      0.02260000      0.01390000      0.07570000      0.00000000      0.00000000      0.00000000      0.00000000      0.00000000      2.78710000
     -1.47010000      3.09770000      0.01370000      0.03810000      0.04260000      0.00000000      0.00000000      0.00000000      0.00000000      0.00000000      3.19210000
     -1.42010000      6.10180000      0.00400000      0.09040000      0.03990000      0.00000000      0.00000000      0.00000000      0.00000000      0.00000000      6.23610000
     -1.37010000      3.27570000      0.00670000      0.04830000      0.01960000      0.00000000      0.00000000      0.00000000      0.00000000      0.00000000      3.35030000
     -1.32010000      0.85870000      0.05340000      0.01070000      0.00440000      0.00000000      0.00000000      0.00000000      0.00000000      0.00000000      0.92720000
     -1.27010000      1.02760000      0.08260000      0.01260000      0.00560000      0.00000000      0.00000000      0.00000000      0.00000000      0.00000000      1.12840000
     -1.22010000      0.92030000      0.03020000      0.01370000      0.00650000      0.00000000      0.00000000      0.00000000      0.00000000      0.00000000      0.97070000
     -1.17010000      0.69660000      0.01730000      0.00950000      0.00490000      0.00000000      0.00000000      0.00000000      0.00000000      0.00000000      0.72830000
     -1.12010000      0.33760000      0.01270000      0.00380000      0.00230000      0.00000000      0.00000000      0.00000000      0.00000000      0.00000000      0.35640000
     -1.07010000      0.12760000      0.00330000      0.00170000      0.00120000      0.00000000      0.00000000      0.00000000      0.00000000      0.00000000      0.13380000
     -1.02010000      0.13580000      0.00190000      0.00190000      0.00150000      0.00000000      0.00000000      0.00000000      0.00000000      0.00000000      0.14110000
     -0.97010000      0.10990000      0.00160000      0.00170000      0.00210000      0.00000000      0.00000000      0.00000000      0.00000000      0.00000000      0.11530000
     -0.92010000      0.16610000      0.00030000      0.00360000      0.00450000      0.00000000      0.00000000      0.00000000      0.00000000      0.00000000      0.17450000
     -0.87010000      0.38650000      0.00070000      0.01010000      0.00760000      0.00000000      0.00000000      0.00000000      0.00000000      0.00000000      0.40490000
     -0.82010000      0.66330000      0.00140000      0.01580000      0.01620000      0.00000000      0.00000000      0.00000000      0.00000000      0.00000000      0.69670000
     -0.77010000      0.86020000      0.00160000      0.01860000      0.02250000      0.00000000      0.00000000      0.00000000      0.00000000      0.00000000      0.90290000
     -0.72010000      0.68120000      0.00160000      0.01410000      0.01660000      0.00000000      0.00000000      0.00000000      0.00000000      0.00000000      0.71350000
     -0.67010000      0.51350000      0.00120000      0.01120000      0.01150000      0.00000000      0.00000000      0.00000000      0.00000000      0.00000000      0.53740000
     -0.62010000      0.17410000      0.00020000      0.00410000      0.00460000      0.00000000      0.00000000      0.00000000      0.00000000      0.00000000      0.18300000
     -0.57010000      0.09550000      0.00000000      0.00290000      0.00350000      0.00000000      0.00000000      0.00000000      0.00000000      0.00000000      0.10190000
     -0.52010000      0.15900000      0.00060000      0.00570000      0.00580000      0.00000000      0.00000000      0.00000000      0.00000000      0.00000000      0.17110000
     -0.47010000      0.20380000      0.00080000      0.00800000      0.00630000      0.00000000      0.00000000      0.00000000      0.00000000      0.00000000      0.21890000
     -0.42010000      0.24790000      0.00100000      0.00870000      0.00740000      0.00000000      0.00000000      0.00000000      0.00000000      0.00000000      0.26500000
     -0.37010000      0.19780000      0.00030000      0.00750000      0.00610000      0.00000000      0.00000000      0.00000000      0.00000000      0.00000000      0.21170000
     -0.32010000      0.17090000      0.00050000      0.00730000      0.00580000      0.00000000      0.00000000      0.00000000      0.00000000      0.00000000      0.18450000
     -0.27010000      0.15920000      0.00110000      0.00730000      0.00710000      0.00000000      0.00000000      0.00000000      0.00000000      0.00000000      0.17470000
     -0.22010000      0.14870000      0.00080000      0.00760000      0.00550000      0.00000000      0.00000000      0.00000000      0.00000000      0.00000000      0.16260000
     -0.17010000      0.11610000      0.00000000      0.00660000      0.00380000      0.00000000      0.00000000      0.00000000      0.00000000      0.00000000      0.12650000
     -0.12010000      0.06930000      0.00010000      0.00190000      0.00430000      0.00000000      0.00000000      0.00000000      0.00000000      0.00000000      0.07560000
     -0.07010000      0.09420000      0.00010000      0.00190000      0.00680000      0.00000000      0.00000000      0.00000000      0.00000000      0.00000000      0.10300000
     -0.02010000      0.05440000      0.00000000      0.00200000      0.00280000      0.00000000      0.00000000      0.00000000      0.00000000      0.00000000      0.05920000
      0.02990000      0.02420000      0.00000000      0.00120000      0.00040000      0.00000000      0.00000000      0.00000000      0.00000000      0.00000000      0.02580000
      0.07990000      0.00560000      0.00000000      0.00030000      0.00000000      0.00000000      0.00000000      0.00000000      0.00000000      0.00000000      0.00590000
      0.12990000      0.00010000      0.00000000      0.00000000      0.00000000      0.00000000      0.00000000      0.00000000      0.00000000      0.00000000      0.00010000
      0.17990000      0.00000000      0.00000000      0.00000000      0.00000000      0.00000000      0.00000000      0.00000000      0.00000000      0.00000000      0.00000000
      0.22990000      0.00000000      0.00000000      0.00000000      0.00000000      0.00000000      0.00000000      0.00000000      0.00000000      0.00000000      0.00000000
      0.27990000      0.00000000      0.00000000      0.00000000      0.00000000      0.00000000      0.00000000      0.00000000      0.00000000      0.00000000      0.00000000
      0.32990000      0.00150000      0.00000000      0.00000000      0.00000000      0.00000000      0.00000000      0.00000000      0.00000000      0.00000000      0.00150000
      0.37990000      0.00120000      0.00000000      0.00000000      0.00000000      0.00000000      0.00000000      0.00000000      0.00000000      0.00000000      0.00120000
      0.42990000      0.00000000      0.00000000      0.00000000      0.00000000      0.00000000      0.00000000      0.00000000      0.00000000      0.00000000      0.00000000
      0.47990000      0.00000000      0.00000000      0.00000000      0.00000000      0.00000000      0.00000000      0.00000000      0.00000000      0.00000000      0.00000000
      0.52990000      0.00000000      0.00000000      0.00000000      0.00000000      0.00000000      0.00000000      0.00000000      0.00000000      0.00000000      0.00000000
      0.57990000      0.00000000      0.00000000      0.00000000      0.00000000      0.00000000      0.00000000      0.00000000      0.00000000      0.00000000      0.00000000
      0.62990000      0.00000000      0.00000000      0.00000000      0.00000000      0.00000000      0.00000000      0.00000000      0.00000000      0.00000000      0.00000000
      0.67990000      0.00000000      0.00000000      0.00000000      0.00000000      0.00000000      0.00000000      0.00000000      0.00000000      0.00000000      0.00000000
      0.72990000      0.00000000      0.00000000      0.00000000      0.00000000      0.00000000      0.00000000      0.00000000      0.00000000      0.00000000      0.00000000
      0.77990000      0.00000000      0.00000000      0.00000000      0.00000000      0.00000000      0.00000000      0.00000000      0.00000000      0.00000000      0.00000000
      0.82990000      0.00000000      0.00000000      0.00000000      0.00000000      0.00000000      0.00000000      0.00000000      0.00000000      0.00000000      0.00000000
      0.87990000      0.00000000      0.00000000      0.00000000      0.00000000      0.00000000      0.00000000      0.00000000      0.00000000      0.00000000      0.00000000
      0.92990000      0.00360000      0.00000000      0.00000000      0.00010000      0.00000000      0.00000000      0.00000000      0.00000000      0.00000000      0.00370000
      0.97990000      0.01060000      0.00000000      0.00060000      0.00090000      0.00000000      0.00000000      0.00000000      0.00000000      0.00000000      0.01210000
      1.02990000      0.00860000      0.00000000      0.00040000      0.00050000      0.00000000      0.00000000      0.00000000      0.00000000      0.00000000      0.00950000
      1.07990000      0.00580000      0.00000000      0.00040000      0.00040000      0.00000000      0.00000000      0.00000000      0.00000000      0.00000000      0.00660000
      1.12990000      0.00190000      0.00000000      0.00000000      0.00000000      0.00000000      0.00000000      0.00000000      0.00000000      0.00000000      0.00190000
      1.17990000      0.00000000      0.00000000      0.00000000      0.00000000      0.00000000      0.00000000      0.00000000      0.00000000      0.00000000      0.00000000
      1.22990000      0.00000000      0.00000000      0.00000000      0.00000000      0.00000000      0.00000000      0.00000000      0.00000000      0.00000000      0.00000000
      1.27990000      0.00000000      0.00000000      0.00000000      0.00000000      0.00000000      0.00000000      0.00000000      0.00000000      0.00000000      0.00000000
      1.32990000      0.00000000      0.00000000      0.00000000      0.00000000      0.00000000      0.00000000      0.00000000      0.00000000      0.00000000      0.00000000
      1.37990000      0.00050000      0.00000000      0.00000000      0.00000000      0.00000000      0.00000000      0.00000000      0.00000000      0.00000000      0.00050000
      1.42990000      0.01560000      0.00000000      0.00080000      0.00100000      0.00000000      0.00000000      0.00000000      0.00000000      0.00000000      0.01740000
      1.47990000      0.07750000      0.00020000      0.00460000      0.00570000      0.00000000      0.00000000      0.00000000      0.00000000      0.00000000      0.08800000
      1.52990000      0.06940000      0.00020000      0.00400000      0.00480000      0.00000000      0.00000000      0.00000000      0.00000000      0.00000000      0.07840000
      1.57990000      0.01110000      0.00000000      0.00060000      0.00100000      0.00000000      0.00000000      0.00000000      0.00000000      0.00000000      0.01270000
      1.62990000      0.00000000      0.00000000      0.00000000      0.00000000      0.00000000      0.00000000      0.00000000      0.00000000      0.00000000      0.00000000
      1.67990000      0.00100000      0.00000000      0.00000000      0.00000000      0.00000000      0.00000000      0.00000000      0.00000000      0.00000000      0.00100000
      1.72990000      0.02500000      0.00000000      0.00240000      0.00140000      0.00000000      0.00000000      0.00000000      0.00000000      0.00000000      0.02880000
      1.77990000      0.09020000      0.00100000      0.00850000      0.00510000      0.00000000      0.00000000      0.00000000      0.00000000      0.00000000      0.10480000
      1.82990000      0.06690000      0.00090000      0.00600000      0.00370000      0.00000000      0.00000000      0.00000000      0.00000000      0.00000000      0.07750000
      1.87990000      0.03640000      0.00020000      0.00260000      0.00170000      0.00000000      0.00000000      0.00000000      0.00000000      0.00000000      0.04090000
      1.92990000      0.01990000      0.00000000      0.00130000      0.00070000      0.00000000      0.00000000      0.00000000      0.00000000      0.00000000      0.02190000
      1.97990000      0.00260000      0.00000000      0.00010000      0.00000000      0.00000000      0.00000000      0.00000000      0.00000000      0.00000000      0.00270000
      2.02990000      0.00000000      0.00000000      0.00000000      0.00000000      0.00000000      0.00000000      0.00000000      0.00000000      0.00000000      0.00000000
      2.07990000      0.00000000      0.00000000      0.00000000      0.00000000      0.00000000      0.00000000      0.00000000      0.00000000      0.00000000      0.00000000
      2.12990000      0.00000000      0.00000000      0.00000000      0.00000000      0.00000000      0.00000000      0.00000000      0.00000000      0.00000000      0.00000000
      2.17990000      0.00000000      0.00000000      0.00000000      0.00000000      0.00000000      0.00000000      0.00000000      0.00000000      0.00000000      0.00000000
      2.22990000      0.00290000      0.00000000      0.00020000      0.00030000      0.00000000      0.00000000      0.00000000      0.00000000      0.00000000      0.00340000
      2.27990000      0.02230000      0.00000000      0.00240000      0.00210000      0.00000000      0.00000000      0.00000000      0.00000000      0.00000000      0.02680000
      2.32990000      0.08700000      0.00100000      0.00950000      0.00860000      0.00000000      0.00000000      0.00000000      0.00000000      0.00000000      0.10610000
      2.37990000      0.10180000      0.00120000      0.01130000      0.01010000      0.00000000      0.00000000      0.00000000      0.00000000      0.00000000      0.12440000
      2.42990000      0.10700000      0.00090000      0.01260000      0.00760000      0.00000000      0.00000000      0.00000000      0.00000000      0.00000000      0.12810000
      2.47990000      0.21960000      0.00200000      0.02590000      0.01420000      0.00000000      0.00000000      0.00000000      0.00000000      0.00000000      0.26170000
      2.52990000      0.21960000      0.00370000      0.02670000      0.01530000      0.00000000      0.00000000      0.00000000      0.00000000      0.00000000      0.26530000
      2.57990000      0.17590000      0.00370000      0.02130000      0.01300000      0.00000000      0.00000000      0.00000000      0.00000000      0.00000000      0.21390000
      2.62990000      0.05960000      0.00120000      0.00470000      0.00540000      0.00000000      0.00000000      0.00000000      0.00000000      0.00000000      0.07090000
      2.67990000      0.33410000      0.00610000      0.00100000      0.04180000      0.00000000      0.00000000      0.00000000      0.00000000      0.00000000      0.38300000
      2.72990000      0.92160000      0.01710000      0.00230000      0.11590000      0.00000000      0.00000000      0.00000000      0.00000000      0.00000000      1.05690000
      2.77990000      0.46790000      0.00860000      0.00110000      0.05890000      0.00000000      0.00000000      0.00000000      0.00000000      0.00000000      0.53650000
      2.82990000      0.04180000      0.00080000      0.00000000      0.00520000      0.00000000      0.00000000      0.00000000      0.00000000      0.00000000      0.04780000
      2.87990000      0.00080000      0.00000000      0.00000000      0.00010000      0.00000000      0.00000000      0.00000000      0.00000000      0.00000000      0.00090000
      2.92990000      0.01510000      0.00030000      0.00050000      0.00110000      0.00000000      0.00000000      0.00000000      0.00000000      0.00000000      0.01700000
      2.97990000      0.11550000      0.00300000      0.00480000      0.00850000      0.00000000      0.00000000      0.00000000      0.00000000      0.00000000      0.13180000
      3.02990000      0.15610000      0.00430000      0.00660000      0.01150000      0.00000000      0.00000000      0.00000000      0.00000000      0.00000000      0.17850000
      3.07990000      0.03860000      0.00100000      0.00140000      0.00270000      0.00000000      0.00000000      0.00000000      0.00000000      0.00000000      0.04370000
      3.12990000      0.00150000      0.00000000      0.00000000      0.00010000      0.00000000      0.00000000      0.00000000      0.00000000      0.00000000      0.00160000
      3.17990000      0.00000000      0.00000000      0.00000000      0.00000000      0.00000000      0.00000000      0.00000000      0.00000000      0.00000000      0.00000000
      3.22990000      0.00000000      0.00000000      0.00000000      0.00000000      0.00000000      0.00000000      0.00000000      0.00000000      0.00000000      0.00000000
      3.27990000      0.00000000      0.00000000      0.00000000      0.00000000      0.00000000      0.00000000      0.00000000      0.00000000      0.00000000      0.00000000
      3.32990000      0.00000000      0.00000000      0.00000000      0.00000000      0.00000000      0.00000000      0.00000000      0.00000000      0.00000000      0.00000000
      3.37990000      0.00000000      0.00000000      0.00000000      0.00000000      0.00000000      0.00000000      0.00000000      0.00000000      0.00000000      0.00000000
      3.42990000      0.00000000      0.00000000      0.00000000      0.00000000      0.00000000      0.00000000      0.00000000      0.00000000      0.00000000      0.00000000
      3.47990000      0.00000000      0.00000000      0.00000000      0.00000000      0.00000000      0.00000000      0.00000000      0.00000000      0.00000000      0.00000000
      3.52990000      0.00000000      0.00000000      0.00000000      0.00000000      0.00000000      0.00000000      0.00000000      0.00000000      0.00000000      0.00000000
      3.57990000      0.00020000      0.00000000      0.00000000      0.00000000      0.00000000      0.00000000      0.00000000      0.00000000      0.00000000      0.00020000
      3.62990000      0.00040000      0.00000000      0.00000000      0.00000000      0.00000000      0.00000000      0.00000000      0.00000000      0.00000000      0.00040000
      3.67990000      0.00210000      0.00000000      0.00070000      0.00040000      0.00000000      0.00000000      0.00000000      0.00000000      0.00000000      0.00320000
      3.72990000      0.00900000      0.00040000      0.00340000      0.00180000      0.00000000      0.00000000      0.00000000      0.00000000      0.00000000      0.01460000
      3.77990000      0.00810000      0.00050000      0.00290000      0.00180000      0.00000000      0.00000000      0.00000000      0.00000000      0.00000000      0.01330000
      3.82990000      0.00140000      0.00000000      0.00040000      0.00020000      0.00000000      0.00000000      0.00000000      0.00000000      0.00000000      0.00200000
      3.87990000      0.00000000      0.00000000      0.00000000      0.00000000      0.00000000      0.00000000      0.00000000      0.00000000      0.00000000      0.00000000
      3.92990000      0.00000000      0.00000000      0.00000000      0.00000000      0.00000000      0.00000000      0.00000000      0.00000000      0.00000000      0.00000000
      3.97990000      0.00000000      0.00000000      0.00000000      0.00000000      0.00000000      0.00000000      0.00000000      0.00000000      0.00000000      0.00000000
      4.02990000      0.00370000      0.00010000      0.00140000      0.00050000      0.00000000      0.00000000      0.00000000      0.00000000      0.00000000      0.00570000
      4.07990000      0.01970000      0.00180000      0.00770000      0.00250000      0.00000000      0.00000000      0.00000000      0.00000000      0.00000000      0.03170000
      4.12990000      0.02800000      0.00260000      0.01010000      0.00340000      0.00000000      0.00000000      0.00000000      0.00000000      0.00000000      0.04410000
      4.17990000      0.01140000      0.00080000      0.00380000      0.00140000      0.00000000      0.00000000      0.00000000      0.00000000      0.00000000      0.01740000
      4.22990000      0.00150000      0.00000000      0.00030000      0.00000000      0.00000000      0.00000000      0.00000000      0.00000000      0.00000000      0.00180000
      4.27990000      0.00400000      0.00010000      0.00120000      0.00010000      0.00000000      0.00000000      0.00000000      0.00000000      0.00000000      0.00540000
      4.32990000      0.01090000      0.00090000      0.00390000      0.00100000      0.00000000      0.00000000      0.00000000      0.00000000      0.00000000      0.01670000
      4.37990000      0.01070000      0.00120000      0.00490000      0.00140000      0.00000000      0.00000000      0.00000000      0.00000000      0.00000000      0.01820000
      4.42990000      0.00650000      0.00060000      0.00380000      0.00110000      0.00000000      0.00000000      0.00000000      0.00000000      0.00000000      0.01200000
      4.47990000      0.00250000      0.00020000      0.00180000      0.00020000      0.00000000      0.00000000      0.00000000      0.00000000      0.00000000      0.00470000
      4.52990000      0.00000000      0.00000000      0.00010000      0.00000000      0.00000000      0.00000000      0.00000000      0.00000000      0.00000000      0.00010000
      4.57990000      0.00000000      0.00000000      0.00000000      0.00000000      0.00000000      0.00000000      0.00000000      0.00000000      0.00000000      0.00000000
      4.62990000      0.00170000      0.00000000      0.00040000      0.00000000      0.00000000      0.00000000      0.00000000      0.00000000      0.00000000      0.00210000
      4.67990000      0.00930000      0.00040000      0.00220000      0.00040000      0.00000000      0.00000000      0.00000000      0.00000000      0.00000000      0.01230000
      4.72990000      0.00810000      0.00040000      0.00200000      0.00020000      0.00000000      0.00000000      0.00000000      0.00000000      0.00000000      0.01070000
      4.77990000      0.00120000      0.00000000      0.00030000      0.00000000      0.00000000      0.00000000      0.00000000      0.00000000      0.00000000      0.00150000
      4.82990000      0.00210000      0.00040000      0.00100000      0.00020000      0.00000000      0.00000000      0.00000000      0.00000000      0.00000000      0.00370000
      4.87990000      0.01120000      0.00200000      0.00610000      0.00170000      0.00000000      0.00000000      0.00000000      0.00000000      0.00000000      0.02100000
      4.92990000      0.01450000      0.00200000      0.00760000      0.00200000      0.00000000      0.00000000      0.00000000      0.00000000      0.00000000      0.02610000
      4.97990000      0.00850000      0.00130000      0.00510000      0.00190000      0.00000000      0.00000000      0.00000000      0.00000000      0.00000000      0.01680000
      5.02990000      0.00730000      0.00140000      0.00470000      0.00200000      0.00000000      0.00000000      0.00000000      0.00000000      0.00000000      0.01540000
      5.07990000      0.00270000      0.00030000      0.00170000      0.00070000      0.00000000      0.00000000      0.00000000      0.00000000      0.00000000      0.00540000
      5.12990000      0.00150000      0.00040000      0.00170000      0.00050000      0.00000000      0.00000000      0.00000000      0.00000000      0.00000000      0.00410000
      5.17990000      0.00140000      0.00040000      0.00180000      0.00060000      0.00000000      0.00000000      0.00000000      0.00000000      0.00000000      0.00420000
      5.22990000      0.00010000      0.00000000      0.00030000      0.00000000      0.00000000      0.00000000      0.00000000      0.00000000      0.00000000      0.00040000
      5.27990000      0.00000000      0.00000000      0.00000000      0.00000000      0.00000000      0.00000000      0.00000000      0.00000000      0.00000000      0.00000000
      5.32990000      0.00000000      0.00000000      0.00000000      0.00000000      0.00000000      0.00000000      0.00000000      0.00000000      0.00000000      0.00000000
      5.37990000      0.00000000      0.00000000      0.00000000      0.00000000      0.00000000      0.00000000      0.00000000      0.00000000      0.00000000      0.00000000
      5.42990000      0.00000000      0.00000000      0.00000000      0.00000000      0.00000000      0.00000000      0.00000000      0.00000000      0.00000000      0.00000000
      5.47990000      0.00000000      0.00000000      0.00000000      0.00000000      0.00000000      0.00000000      0.00000000      0.00000000      0.00000000      0.00000000
      5.52990000      0.00110000      0.00130000      0.00140000      0.00370000      0.00000000      0.00000000      0.00000000      0.00000000      0.00000000      0.00750000
      5.57990000      0.00930000      0.00960000      0.01260000      0.02550000      0.00000000      0.00000000      0.00000000      0.00000000      0.00000000      0.05700000
      5.62990000      0.01590000      0.01300000      0.01910000      0.03350000      0.00000000      0.00000000      0.00000000      0.00000000      0.00000000      0.08150000
      5.67990000      0.00600000      0.00440000      0.00660000      0.01130000      0.00000000      0.00000000      0.00000000      0.00000000      0.00000000      0.02830000
      5.72990000      0.01020000      0.01840000      0.00950000      0.04600000      0.00000000      0.00000000      0.00000000      0.00000000      0.00000000      0.08410000
      5.77990000      0.03510000      0.06460000      0.03210000      0.16160000      0.00000000      0.00000000      0.00000000      0.00000000      0.00000000      0.29340000
      5.82990000      0.02560000      0.04250000      0.02430000      0.10600000      0.00000000      0.00000000      0.00000000      0.00000000      0.00000000      0.19840000
      5.87990000      0.03460000      0.01190000      0.03590000      0.02960000      0.00000000      0.00000000      0.00000000      0.00000000      0.00000000      0.11200000
      5.92990000      0.06450000      0.01560000      0.06820000      0.04120000      0.00000000      0.00000000      0.00000000      0.00000000      0.00000000      0.18950000
      5.97990000      0.04610000      0.01560000      0.04980000      0.04710000      0.00000000      0.00000000      0.00000000      0.00000000      0.00000000      0.15860000
      6.02990000      0.03360000      0.01760000      0.03730000      0.04690000      0.00000000      0.00000000      0.00000000      0.00000000      0.00000000      0.13540000
      6.07990000      0.02150000      0.02520000      0.02460000      0.04710000      0.00000000      0.00000000      0.00000000      0.00000000      0.00000000      0.11840000
      6.12990000      0.01890000      0.02460000      0.01910000      0.04500000      0.00000000      0.00000000      0.00000000      0.00000000      0.00000000      0.10760000
      6.17990000      0.01940000      0.02150000      0.01760000      0.04290000      0.00000000      0.00000000      0.00000000      0.00000000      0.00000000      0.10140000
      6.22990000      0.05750000      0.05870000      0.05450000      0.11790000      0.00000000      0.00000000      0.00000000      0.00000000      0.00000000      0.28860000
      6.27990000      0.06410000      0.06110000      0.06550000      0.12490000      0.00000000      0.00000000      0.00000000      0.00000000      0.00000000      0.31560000
      6.32990000      0.03700000      0.03090000      0.03740000      0.09430000      0.00000000      0.00000000      0.00000000      0.00000000      0.00000000      0.19960000
      6.37990000      0.02850000      0.01270000      0.02290000      0.09610000      0.00000000      0.00000000      0.00000000      0.00000000      0.00000000      0.16020000
      6.42990000      0.02510000      0.01070000      0.02520000      0.06510000      0.00000000      0.00000000      0.00000000      0.00000000      0.00000000      0.12610000
      6.47990000      0.03480000      0.02690000      0.04010000      0.08410000      0.00000000      0.00000000      0.00000000      0.00000000      0.00000000      0.18590000
      6.52990000      0.03700000      0.04020000      0.04410000      0.12230000      0.00000000      0.00000000      0.00000000      0.00000000      0.00000000      0.24360000
      6.57990000      0.03030000      0.02320000      0.03200000      0.14150000      0.00000000      0.00000000      0.00000000      0.00000000      0.00000000      0.22700000
      6.62990000      0.03010000      0.00850000      0.02580000      0.06960000      0.00000000      0.00000000      0.00000000      0.00000000      0.00000000      0.13400000
      6.67990000      0.03900000      0.00660000      0.03110000      0.04160000      0.00000000      0.00000000      0.00000000      0.00000000      0.00000000      0.11830000
      6.72990000      0.01270000      0.00200000      0.01000000      0.01280000      0.00000000      0.00000000      0.00000000      0.00000000      0.00000000      0.03750000
      6.77990000      0.00670000      0.00150000      0.00400000      0.00630000      0.00000000      0.00000000      0.00000000      0.00000000      0.00000000      0.01850000
      6.82990000      0.03580000      0.00870000      0.02070000      0.03450000      0.00000000      0.00000000      0.00000000      0.00000000      0.00000000      0.09970000
      6.87990000      0.05330000      0.01580000      0.03470000      0.06100000      0.00000000      0.00000000      0.00000000      0.00000000      0.00000000      0.16480000
      6.92990000      0.05430000      0.02680000      0.04130000      0.08070000      0.00000000      0.00000000      0.00000000      0.00000000      0.00000000      0.20310000
      6.97990000      0.05190000      0.02620000      0.03970000      0.08330000      0.00000000      0.00000000      0.00000000      0.00000000      0.00000000      0.20110000
      7.02990000      0.04980000      0.01580000      0.03930000      0.08590000      0.00000000      0.00000000      0.00000000      0.00000000      0.00000000      0.19080000
      7.07990000      0.03230000      0.00770000      0.02680000      0.05400000      0.00000000      0.00000000      0.00000000      0.00000000      0.00000000      0.12080000
      7.12990000      0.01760000      0.00350000      0.01580000      0.02350000      0.00000000      0.00000000      0.00000000      0.00000000      0.00000000      0.06040000
      7.17990000      0.00350000      0.00050000      0.00320000      0.00400000      0.00000000      0.00000000      0.00000000      0.00000000      0.00000000      0.01120000
      7.22990000      0.00000000      0.00000000      0.00000000      0.00000000      0.00000000      0.00000000      0.00000000      0.00000000      0.00000000      0.00000000
      7.27990000      0.00000000      0.00000000      0.00000000      0.00000000      0.00000000      0.00000000      0.00000000      0.00000000      0.00000000      0.00000000
      7.32990000      0.00000000      0.00000000      0.00000000      0.00000000      0.00000000      0.00000000      0.00000000      0.00000000      0.00000000      0.00000000
      7.37990000      0.00000000      0.00000000      0.00000000      0.00000000      0.00000000      0.00000000      0.00000000      0.00000000      0.00000000      0.00000000
      7.42990000      0.00000000      0.00000000      0.00000000      0.00000000      0.00000000      0.00000000      0.00000000      0.00000000      0.00000000      0.00000000
      7.47990000      0.00000000      0.00000000      0.00000000      0.00000000      0.00000000      0.00000000      0.00000000      0.00000000      0.00000000      0.00000000
      7.52990000      0.00000000      0.00000000      0.00000000      0.00000000      0.00000000      0.00000000      0.00000000      0.00000000      0.00000000      0.00000000
      7.57990000      0.00000000      0.00000000      0.00000000      0.00000000      0.00000000      0.00000000      0.00000000      0.00000000      0.00000000      0.00000000
      7.62990000      0.00000000      0.00000000      0.00000000      0.00000000      0.00000000      0.00000000      0.00000000      0.00000000      0.00000000      0.00000000
      7.67990000      0.00000000      0.00000000      0.00000000      0.00000000      0.00000000      0.00000000      0.00000000      0.00000000      0.00000000      0.00000000
      7.72990000      0.00000000      0.00000000      0.00000000      0.00000000      0.00000000      0.00000000      0.00000000      0.00000000      0.00000000      0.00000000
      7.77990000      0.00000000      0.00000000      0.00000000      0.00000000      0.00000000      0.00000000      0.00000000      0.00000000      0.00000000      0.00000000
      7.82990000      0.00000000      0.00000000      0.00000000      0.00000000      0.00000000      0.00000000      0.00000000      0.00000000      0.00000000      0.00000000
      7.87990000      0.00000000      0.00000000      0.00000000      0.00000000      0.00000000      0.00000000      0.00000000      0.00000000      0.00000000      0.00000000
      7.92990000      0.00000000      0.00000000      0.00000000      0.00000000      0.00000000      0.00000000      0.00000000      0.00000000      0.00000000      0.00000000
      7.97990000      0.00000000      0.00000000      0.00000000      0.00000000      0.00000000      0.00000000      0.00000000      0.00000000      0.00000000      0.00000000
      8.02990000      0.00000000      0.00000000      0.00000000      0.00000000      0.00000000      0.00000000      0.00000000      0.00000000      0.00000000      0.00000000
      8.07990000      0.00000000      0.00000000      0.00000000      0.00000000      0.00000000      0.00000000      0.00000000      0.00000000      0.00000000      0.00000000
      8.12990000      0.00000000      0.00000000      0.00000000      0.00000000      0.00000000      0.00000000      0.00000000      0.00000000      0.00000000      0.00000000
      8.17990000      0.00000000      0.00000000      0.00000000      0.00000000      0.00000000      0.00000000      0.00000000      0.00000000      0.00000000      0.00000000
      8.22990000      0.00000000      0.00000000      0.00000000      0.00000000      0.00000000      0.00000000      0.00000000      0.00000000      0.00000000      0.00000000
      8.27990000      0.00000000      0.00000000      0.00000000      0.00000000      0.00000000      0.00000000      0.00000000      0.00000000      0.00000000      0.00000000
      8.32990000      0.00000000      0.00000000      0.00000000      0.00000000      0.00000000      0.00000000      0.00000000      0.00000000      0.00000000      0.00000000
      8.37990000      0.00000000      0.00000000      0.00000000      0.00000000      0.00000000      0.00000000      0.00000000      0.00000000      0.00000000      0.00000000
      8.42990000      0.00000000      0.00000000      0.00000000      0.00000000      0.00000000      0.00000000      0.00000000      0.00000000      0.00000000      0.00000000
      8.47990000      0.00000000      0.00000000      0.00000000      0.00000000      0.00000000      0.00000000      0.00000000      0.00000000      0.00000000      0.00000000
      8.52990000      0.00000000      0.00000000      0.00000000      0.00000000      0.00000000      0.00000000      0.00000000      0.00000000      0.00000000      0.00000000
      8.57990000      0.00000000      0.00000000      0.00000000      0.00000000      0.00000000      0.00000000      0.00000000      0.00000000      0.00000000      0.00000000
      8.62990000      0.00000000      0.00000000      0.00000000      0.00000000      0.00000000      0.00000000      0.00000000      0.00000000      0.00000000      0.00000000
      8.67990000      0.00000000      0.00000000      0.00000000      0.00000000      0.00000000      0.00000000      0.00000000      0.00000000      0.00000000      0.00000000
      8.72990000      0.00000000      0.00000000      0.00000000      0.00000000      0.00000000      0.00000000      0.00000000      0.00000000      0.00000000      0.00000000
      8.77990000      0.00000000      0.00000000      0.00000000      0.00000000      0.00000000      0.00000000      0.00000000      0.00000000      0.00000000      0.00000000
      8.82990000      0.00000000      0.00000000      0.00000000      0.00000000      0.00000000      0.00000000      0.00000000      0.00000000      0.00000000      0.00000000
      8.87990000      0.00000000      0.00000000      0.00000000      0.00000000      0.00000000      0.00000000      0.00000000      0.00000000      0.00000000      0.00000000
      8.92990000      0.00000000      0.00000000      0.00000000      0.00000000      0.00000000      0.00000000      0.00000000      0.00000000      0.00000000      0.00000000
      8.97990000      0.00000000      0.00000000      0.00000000      0.00000000      0.00000000      0.00000000      0.00000000      0.00000000      0.00000000      0.00000000
      9.02990000      0.00000000      0.00000000      0.00000000      0.00000000      0.00000000      0.00000000      0.00000000      0.00000000      0.00000000      0.00000000
      9.07990000      0.00000000      0.00000000      0.00000000      0.00000000      0.00000000      0.00000000      0.00000000      0.00000000      0.00000000      0.00000000
      9.12990000      0.00000000      0.00000000      0.00000000      0.00000000      0.00000000      0.00000000      0.00000000      0.00000000      0.00000000      0.00000000
      9.17990000      0.00000000      0.00000000      0.00000000      0.00000000      0.00000000      0.00000000      0.00000000      0.00000000      0.00000000      0.00000000
      9.22990000      0.00000000      0.00000000      0.00000000      0.00000000      0.00000000      0.00000000      0.00000000      0.00000000      0.00000000      0.00000000
      9.27990000      0.00000000      0.00000000      0.00000000      0.00000000      0.00000000      0.00000000      0.00000000      0.00000000      0.00000000      0.00000000
      9.32990000      0.00000000      0.00000000      0.00000000      0.00000000      0.00000000      0.00000000      0.00000000      0.00000000      0.00000000      0.00000000
      9.37990000      0.00000000      0.00000000      0.00000000      0.00000000      0.00000000      0.00000000      0.00000000      0.00000000      0.00000000      0.00000000
      9.42990000      0.00000000      0.00000000      0.00000000      0.00000000      0.00000000      0.00000000      0.00000000      0.00000000      0.00000000      0.00000000
      9.47990000      0.00000000      0.00000000      0.00000000      0.00000000      0.00000000      0.00000000      0.00000000      0.00000000      0.00000000      0.00000000
      9.52990000      0.00000000      0.00000000      0.00000000      0.00000000      0.00000000      0.00000000      0.00000000      0.00000000      0.00000000      0.00000000
      9.57990000      0.00000000      0.00000000      0.00000000      0.00000000      0.00000000      0.00000000      0.00000000      0.00000000      0.00000000      0.00000000
      9.62990000      0.00000000      0.00000000      0.00000000      0.00000000      0.00000000      0.00000000      0.00000000      0.00000000      0.00000000      0.00000000
      9.67990000      0.00000000      0.00000000      0.00000000      0.00000000      0.00000000      0.00000000      0.00000000      0.00000000      0.00000000      0.00000000
      9.72990000      0.00000000      0.00000000      0.00000000      0.00000000      0.00000000      0.00000000      0.00000000      0.00000000      0.00000000      0.00000000
      9.77990000      0.00000000      0.00000000      0.00000000      0.00000000      0.00000000      0.00000000      0.00000000      0.00000000      0.00000000      0.00000000
      9.82990000      0.00000000      0.00000000      0.00000000      0.00000000      0.00000000      0.00000000      0.00000000      0.00000000      0.00000000      0.00000000
      9.87990000      0.00000000      0.00000000      0.00000000      0.00000000      0.00000000      0.00000000      0.00000000      0.00000000      0.00000000      0.00000000
      9.92990000      0.00000000      0.00000000      0.00000000      0.00000000      0.00000000      0.00000000      0.00000000      0.00000000      0.00000000      0.00000000
      9.97990000      0.00000000      0.00000000      0.00000000      0.00000000      0.00000000      0.00000000      0.00000000      0.00000000      0.00000000      0.00000000
     10.02990000      0.00000000      0.00000000      0.00000000      0.00000000      0.00000000      0.00000000      0.00000000      0.00000000      0.00000000      0.00000000
     10.07990000      0.00000000      0.00000000      0.00000000      0.00000000      0.00000000      0.00000000      0.00000000      0.00000000      0.00000000      0.00000000
     10.12990000      0.00000000      0.00000000      0.00000000      0.00000000      0.00000000      0.00000000      0.00000000      0.00000000      0.00000000      0.00000000
     10.17990000      0.00000000      0.00000000      0.00000000      0.00000000      0.00000000      0.00000000      0.00000000      0.00000000      0.00000000      0.00000000
     10.22990000      0.00000000      0.00000000      0.00000000      0.00000000      0.00000000      0.00000000      0.00000000      0.00000000      0.00000000      0.00000000
     10.27990000      0.00000000      0.00000000      0.00000000      0.00000000      0.00000000      0.00000000      0.00000000      0.00000000      0.00000000      0.00000000
     10.32990000      0.00000000      0.00000000      0.00000000      0.00000000      0.00000000      0.00000000      0.00000000      0.00000000      0.00000000      0.00000000
     10.37990000      0.00000000      0.00000000      0.00000000      0.00000000      0.00000000      0.00000000      0.00000000      0.00000000      0.00000000      0.00000000
     10.42990000      0.00000000      0.00000000      0.00000000      0.00000000      0.00000000      0.00000000      0.00000000      0.00000000      0.00000000      0.00000000
     10.47990000      0.00000000      0.00000000      0.00000000      0.00000000      0.00000000      0.00000000      0.00000000      0.00000000      0.00000000      0.00000000
     10.52990000      0.00000000      0.00000000      0.00000000      0.00000000      0.00000000      0.00000000      0.00000000      0.00000000      0.00000000      0.00000000
     10.57990000      0.00000000      0.00000000      0.00000000      0.00000000      0.00000000      0.00000000      0.00000000      0.00000000      0.00000000      0.00000000
     10.62990000      0.00000000      0.00000000      0.00000000      0.00000000      0.00000000      0.00000000      0.00000000      0.00000000      0.00000000      0.00000000
     10.67990000      0.00000000      0.00000000      0.00000000      0.00000000      0.00000000      0.00000000      0.00000000      0.00000000      0.00000000      0.00000000
     10.72990000      0.00000000      0.00000000      0.00000000      0.00000000      0.00000000      0.00000000      0.00000000      0.00000000      0.00000000      0.00000000
     10.77990000      0.00000000      0.00000000      0.00000000      0.00000000      0.00000000      0.00000000      0.00000000      0.00000000      0.00000000      0.00000000
     10.82990000      0.00000000      0.00000000      0.00000000      0.00000000      0.00000000      0.00000000      0.00000000      0.00000000      0.00000000      0.00000000
     10.87990000      0.00000000      0.00000000      0.00000000      0.00000000      0.00000000      0.00000000      0.00000000      0.00000000      0.00000000      0.00000000
     10.92990000      0.00000000      0.00000000      0.00000000      0.00000000      0.00000000      0.00000000      0.00000000      0.00000000      0.00000000      0.00000000
     10.97990000      0.00000000      0.00000000      0.00000000      0.00000000      0.00000000      0.00000000      0.00000000      0.00000000      0.00000000      0.00000000
     11.02990000      0.00000000      0.00000000      0.00000000      0.00000000      0.00000000      0.00000000      0.00000000      0.00000000      0.00000000      0.00000000
     11.07990000      0.00000000      0.00000000      0.00000000      0.00000000      0.00000000      0.00000000      0.00000000      0.00000000      0.00000000      0.00000000
     11.12990000      0.00000000      0.00000000      0.00000000      0.00000000      0.00000000      0.00000000      0.00000000      0.00000000      0.00000000      0.00000000
     11.17990000      0.00000000      0.00000000      0.00000000      0.00000000      0.00000000      0.00000000      0.00000000      0.00000000      0.00000000      0.00000000
     11.22990000      0.00000000      0.00000000      0.00000000      0.00000000      0.00000000      0.00000000      0.00000000      0.00000000      0.00000000      0.00000000
     11.27990000      0.00000000      0.00000000      0.00000000      0.00000000      0.00000000      0.00000000      0.00000000      0.00000000      0.00000000      0.00000000
     11.32990000      0.00000000      0.00000000      0.00000000      0.00000000      0.00000000      0.00000000      0.00000000      0.00000000      0.00000000      0.00000000
     11.37990000      0.00000000      0.00000000      0.00000000      0.00000000      0.00000000      0.00000000      0.00000000      0.00000000      0.00000000      0.00000000
     11.42990000      0.00000000      0.00000000      0.00000000      0.00000000      0.00000000      0.00000000      0.00000000      0.00000000      0.00000000      0.00000000
     11.47990000      0.00000000      0.00000000      0.00000000      0.00000000      0.00000000      0.00000000      0.00000000      0.00000000      0.00000000      0.00000000
     11.52990000      0.00000000      0.00000000      0.00000000      0.00000000      0.00000000      0.00000000      0.00000000      0.00000000      0.00000000      0.00000000
     11.57990000      0.00000000      0.00000000      0.00000000      0.00000000      0.00000000      0.00000000      0.00000000      0.00000000      0.00000000      0.00000000
     11.62990000      0.00000000      0.00000000      0.00000000      0.00000000      0.00000000      0.00000000      0.00000000      0.00000000      0.00000000      0.00000000
     11.67990000      0.00000000      0.00000000      0.00000000      0.00000000      0.00000000      0.00000000      0.00000000      0.00000000      0.00000000      0.00000000
     11.72990000      0.00000000      0.00000000      0.00000000      0.00000000      0.00000000      0.00000000      0.00000000      0.00000000      0.00000000      0.00000000
     11.77990000      0.00000000      0.00000000      0.00000000      0.00000000      0.00000000      0.00000000      0.00000000      0.00000000      0.00000000      0.00000000
     11.82990000      0.00000000      0.00000000      0.00000000      0.00000000      0.00000000      0.00000000      0.00000000      0.00000000      0.00000000      0.00000000
     11.87990000      0.00000000      0.00000000      0.00000000      0.00000000      0.00000000      0.00000000      0.00000000      0.00000000      0.00000000      0.00000000
     11.92990000      0.00000000      0.00000000      0.00000000      0.00000000      0.00000000      0.00000000      0.00000000      0.00000000      0.00000000      0.00000000
     11.97990000      0.00000000      0.00000000      0.00000000      0.00000000      0.00000000      0.00000000      0.00000000      0.00000000      0.00000000      0.00000000
     12.02990000      0.00000000      0.00000000      0.00000000      0.00000000      0.00000000      0.00000000      0.00000000      0.00000000      0.00000000      0.00000000
     12.07990000      0.00000000      0.00000000      0.00000000      0.00000000      0.00000000      0.00000000      0.00000000      0.00000000      0.00000000      0.00000000
     12.12990000      0.00000000      0.00000000      0.00000000      0.00000000      0.00000000      0.00000000      0.00000000      0.00000000      0.00000000      0.00000000
     12.17990000      0.00000000      0.00000000      0.00000000      0.00000000      0.00000000      0.00000000      0.00000000      0.00000000      0.00000000      0.00000000
     12.22990000      0.00000000      0.00000000      0.00000000      0.00000000      0.00000000      0.00000000      0.00000000      0.00000000      0.00000000      0.00000000
     12.27990000      0.00000000      0.00000000      0.00000000      0.00000000      0.00000000      0.00000000      0.00000000      0.00000000      0.00000000      0.00000000
     12.32990000      0.00000000      0.00000000      0.00000000      0.00000000      0.00000000      0.00000000      0.00000000      0.00000000      0.00000000      0.00000000
     12.37990000      0.00000000      0.00000000      0.00000000      0.00000000      0.00000000      0.00000000      0.00000000      0.00000000      0.00000000      0.00000000
     12.42990000      0.00000000      0.00000000      0.00000000      0.00000000      0.00000000      0.00000000      0.00000000      0.00000000      0.00000000      0.00000000
     12.47990000      0.00000000      0.00000000      0.00000000      0.00000000      0.00000000      0.00000000      0.00000000      0.00000000      0.00000000      0.00000000
     12.52990000      0.00000000      0.00000000      0.00000000      0.00000000      0.00000000      0.00000000      0.00000000      0.00000000      0.00000000      0.00000000
     12.57990000      0.00000000      0.00000000      0.00000000      0.00000000      0.00000000      0.00000000      0.00000000      0.00000000      0.00000000      0.00000000
     12.62990000      0.00000000      0.00000000      0.00000000      0.00000000      0.00000000      0.00000000      0.00000000      0.00000000      0.00000000      0.00000000
     12.67990000      0.00000000      0.00000000      0.00000000      0.00000000      0.00000000      0.00000000      0.00000000      0.00000000      0.00000000      0.00000000
     12.72990000      0.00000000      0.00000000      0.00000000      0.00000000      0.00000000      0.00000000      0.00000000      0.00000000      0.00000000      0.00000000
