      Energy(eV)          s               py              pz              px              dxy             dyz             dz2             dxz            dx2-y2            tot 
     -7.17010000      0.16320000      0.00510000      0.00360000      0.00370000      0.00050000      0.00010000      0.00090000      0.00000000      0.00000000      0.17710000
     -7.12010000      2.01260000      0.06070000      0.04770000      0.04920000      0.01100000      0.00620000      0.01490000      0.00540000      0.00010000      2.20780000
     -7.07010000      5.47450000      0.17590000      0.12540000      0.15000000      0.03310000      0.01650000      0.04060000      0.01460000      0.00020000      6.03080000
     -7.02010000     13.41640000      0.49940000      0.27960000      0.49880000      0.10220000      0.03710000      0.09880000      0.03460000      0.00010000     14.96700000
     -6.97010000     23.64300000      0.86900000      0.53920000      0.90680000      0.18450000      0.06610000      0.16840000      0.06040000      0.00090000     26.43830000
     -6.92010000     14.40900000      0.45340000      0.49960000      0.45070000      0.10240000      0.03950000      0.08430000      0.03890000      0.00040000     16.07820000
     -6.87010000     10.66310000      0.12190000      0.71040000      0.10720000      0.05640000      0.02240000      0.05900000      0.02300000      0.00010000     11.76350000
     -6.82010000     17.89440000      0.17630000      1.49070000      0.17190000      0.16220000      0.03350000      0.26410000      0.03220000      0.00010000     20.22540000
     -6.77010000     18.28040000      0.29100000      1.69960000      0.29130000      0.24900000      0.03180000      0.44960000      0.03070000      0.00010000     21.32350000
     -6.72010000      5.60960000      0.10560000      0.55200000      0.10640000      0.08770000      0.00920000      0.16390000      0.00890000      0.00000000      6.64330000
     -6.67010000      1.07170000      0.01210000      0.07830000      0.01070000      0.00930000      0.00370000      0.01280000      0.00360000      0.00000000      1.20220000
     -6.62010000      4.46450000      0.02710000      0.26290000      0.02260000      0.02130000      0.02110000      0.00990000      0.02100000      0.00000000      4.85040000
     -6.57010000      8.72250000      0.04770000      0.51290000      0.04680000      0.04180000      0.04010000      0.02410000      0.03970000      0.00010000      9.47570000
     -6.52010000      8.73740000      0.04500000      0.50460000      0.04910000      0.04620000      0.03820000      0.03070000      0.03870000      0.00000000      9.48990000
     -6.47010000      6.53670000      0.03600000      0.35700000      0.03690000      0.04240000      0.02670000      0.02910000      0.03010000      0.00000000      7.09490000
     -6.42010000      2.52360000      0.01420000      0.13500000      0.01410000      0.01730000      0.01030000      0.01170000      0.01160000      0.00000000      2.73780000
     -6.37010000      0.89000000      0.00150000      0.03510000      0.00170000      0.00370000      0.00100000      0.00210000      0.00180000      0.00000000      0.93690000
     -6.32010000      6.86060000      0.01090000      0.23000000      0.01190000      0.02920000      0.01320000      0.01320000      0.01740000      0.00000000      7.18640000
     -6.27010000     23.30610000      0.06810000      0.67850000      0.07090000      0.14590000      0.11110000      0.06010000      0.10460000      0.00020000     24.54550000
     -6.22010000     37.39900000      0.15580000      0.98350000      0.15730000      0.29570000      0.23670000      0.12060000      0.21670000      0.00100000     39.56630000
     -6.17010000     19.36200000      0.09840000      0.50540000      0.10110000      0.17150000      0.11640000      0.07500000      0.12400000      0.00010000     20.55390000
     -6.12010000      3.49890000      0.13870000      0.25260000      0.13990000      0.04130000      0.01310000      0.09650000      0.01690000      0.00000000      4.19790000
     -6.07010000      6.52200000      0.71050000      1.10890000      0.71280000      0.10750000      0.00310000      0.49900000      0.00310000      0.00000000      9.66690000
     -6.02010000      6.84470000      0.74060000      1.18260000      0.74330000      0.11310000      0.00340000      0.52990000      0.00340000      0.00000000     10.16100000
     -5.97010000      1.51050000      0.14790000      0.25050000      0.14800000      0.02410000      0.00200000      0.10540000      0.00180000      0.00000000      2.19020000
     -5.92010000      2.18860000      0.06790000      0.22180000      0.06550000      0.02370000      0.01380000      0.02520000      0.01310000      0.00010000      2.61970000
     -5.87010000      4.73130000      0.13980000      0.47260000      0.13420000      0.05070000      0.03020000      0.04830000      0.02930000      0.00020000      5.63660000
     -5.82010000      1.91360000      0.05640000      0.19110000      0.05430000      0.02040000      0.01230000      0.01950000      0.01170000      0.00010000      2.27940000
     -5.77010000      0.13750000      0.00430000      0.01370000      0.00420000      0.00120000      0.00060000      0.00140000      0.00080000      0.00000000      0.16370000
     -5.72010000      0.02380000      0.00260000      0.00400000      0.00620000      0.00030000      0.00020000      0.00070000      0.00250000      0.00010000      0.04040000
     -5.67010000      0.04440000      0.00570000      0.00780000      0.01240000      0.00130000      0.00060000      0.00160000      0.00530000      0.00010000      0.07920000
     -5.62010000      0.01640000      0.00170000      0.00270000      0.00440000      0.00020000      0.00010000      0.00060000      0.00180000      0.00000000      0.02790000
     -5.57010000      0.00080000      0.00000000      0.00000000      0.00020000      0.00000000      0.00000000      0.00000000      0.00020000      0.00000000      0.00120000
     -5.52010000      0.00000000      0.00000000      0.00000000      0.00000000      0.00000000      0.00000000      0.00000000      0.00000000      0.00000000      0.00000000
     -5.47010000      0.00000000      0.00000000      0.00000000      0.00000000      0.00000000      0.00000000      0.00000000      0.00000000      0.00000000      0.00000000
     -5.42010000      0.00000000      0.00000000      0.00000000      0.00000000      0.00000000      0.00000000      0.00000000      0.00000000      0.00000000      0.00000000
     -5.37010000      0.00000000      0.00000000      0.00000000      0.00000000      0.00000000      0.00000000      0.00000000      0.00000000      0.00000000      0.00000000
     -5.32010000      0.00670000      0.00050000      0.00000000      0.00130000      0.00000000      0.00000000      0.00000000      0.00000000      0.00000000      0.00850000
     -5.27010000      0.52010000      0.06020000      0.02690000      0.08980000      0.00470000      0.00590000      0.01210000      0.00360000      0.00000000      0.72330000
     -5.22010000      7.24940000      0.94590000      0.36930000      1.06380000      0.07460000      0.06940000      0.17020000      0.06120000      0.00180000     10.00560000
     -5.17010000     21.02860000      3.03350000      1.08830000      2.88190000      0.21020000      0.18690000      0.49620000      0.20300000      0.00660000     29.13520000
     -5.12010000     14.99260000      2.12120000      0.80160000      2.06740000      0.15970000      0.13540000      0.36180000      0.14490000      0.00420000     20.78880000
     -5.07010000      7.53330000      0.56400000      0.37490000      0.62800000      0.16870000      0.03300000      0.20830000      0.02850000      0.00110000      9.53980000
     -5.02010000      3.79870000      0.18550000      0.17820000      0.18470000      0.10640000      0.00500000      0.11060000      0.00360000      0.00010000      4.57280000
     -4.97010000      0.46220000      0.02160000      0.02150000      0.02010000      0.01310000      0.00030000      0.01350000      0.00020000      0.00000000      0.55250000
     -4.92010000      0.00960000      0.00010000      0.00020000      0.00000000      0.00000000      0.00000000      0.00020000      0.00000000      0.00000000      0.01010000
     -4.87010000      0.00000000      0.00000000      0.00000000      0.00000000      0.00000000      0.00000000      0.00000000      0.00000000      0.00000000      0.00000000
     -4.82010000      0.00000000      0.00000000      0.00000000      0.00000000      0.00000000      0.00000000      0.00000000      0.00000000      0.00000000      0.00000000
     -4.77010000      0.00000000      0.00000000      0.00000000      0.00000000      0.00000000      0.00000000      0.00000000      0.00000000      0.00000000      0.00000000
     -4.72010000      0.00000000      0.00000000      0.00000000      0.00000000      0.00000000      0.00000000      0.00000000      0.00000000      0.00000000      0.00000000
     -4.67010000      0.00150000      0.00000000      0.00050000      0.00020000      0.00000000      0.00000000      0.00000000      0.00000000      0.00000000      0.00220000
     -4.62010000      0.05230000      0.00270000      0.02570000      0.01110000      0.00210000      0.00010000      0.00270000      0.00020000      0.00000000      0.09690000
     -4.57010000      0.31120000      0.01770000      0.15430000      0.06810000      0.01210000      0.00190000      0.01670000      0.00230000      0.00000000      0.58430000
     -4.52010000      0.35060000      0.02610000      0.19610000      0.10970000      0.01490000      0.00350000      0.01880000      0.00500000      0.00010000      0.72480000
     -4.47010000      0.14550000      0.03270000      0.15390000      0.14210000      0.01010000      0.00640000      0.00780000      0.00860000      0.00030000      0.50740000
     -4.42010000      0.16920000      0.04420000      0.17990000      0.11890000      0.00970000      0.00580000      0.00970000      0.00600000      0.00030000      0.54370000
     -4.37010000      0.13840000      0.03190000      0.12850000      0.05870000      0.00600000      0.00310000      0.00820000      0.00210000      0.00010000      0.37700000
     -4.32010000      0.02450000      0.00540000      0.02210000      0.00920000      0.00090000      0.00040000      0.00110000      0.00020000      0.00000000      0.06380000
     -4.27010000      0.00050000      0.00000000      0.00050000      0.00010000      0.00000000      0.00000000      0.00000000      0.00000000      0.00000000      0.00110000
     -4.22010000      0.00020000      0.00340000      0.00450000      0.00200000      0.00000000      0.00000000      0.00000000      0.00000000      0.00000000      0.01010000
     -4.17010000      0.02160000      0.18820000      0.27600000      0.13030000      0.01330000      0.01070000      0.00200000      0.01310000      0.00000000      0.65520000
     -4.12010000      0.21460000      1.85410000      2.92110000      1.54580000      0.14390000      0.12310000      0.02400000      0.13390000      0.00010000      6.96060000
     -4.07010000      0.43830000      3.54980000      6.09910000      3.60210000      0.30160000      0.27660000      0.04980000      0.26950000      0.00110000     14.58790000
     -4.02010000      0.54420000      1.61120000      2.94860000      1.77330000      0.14260000      0.13140000      0.03950000      0.11920000      0.00020000      7.31020000
     -3.97010000      1.15870000      0.79130000      1.26150000      0.38960000      0.05090000      0.02550000      0.05880000      0.03320000      0.00040000      3.76990000
     -3.92010000      0.97710000      0.63270000      0.83610000      0.30770000      0.03580000      0.02330000      0.05220000      0.02970000      0.00010000      2.89470000
     -3.87010000      2.85380000      2.32250000      2.23010000      2.00060000      0.12940000      0.18930000      0.17030000      0.19320000      0.00130000     10.09050000
     -3.82010000      4.63490000      4.66050000      3.72100000      4.90350000      0.23880000      0.51830000      0.28010000      0.52000000      0.00610000     19.48320000
     -3.77010000      2.60210000      4.05770000      1.97340000      4.82690000      0.12020000      0.59370000      0.16550000      0.59130000      0.01420000     14.94500000
     -3.72010000      1.53950000      2.10600000      1.03440000      2.71990000      0.05150000      0.32160000      0.10590000      0.31650000      0.00980000      8.20510000
     -3.67010000      0.92970000      0.61230000      0.63220000      0.80920000      0.03320000      0.06830000      0.06760000      0.06070000      0.00210000      3.21530000
     -3.62010000      0.71140000      0.51150000      0.65480000      0.32230000      0.04760000      0.02240000      0.05920000      0.01910000      0.00140000      2.34970000
     -3.57010000      0.92490000      0.95400000      1.25790000      0.62090000      0.07600000      0.03780000      0.08590000      0.03650000      0.00190000      3.99580000
     -3.52010000      1.18080000      1.95870000      3.01520000      1.80040000      0.16580000      0.09740000      0.13510000      0.09630000      0.00050000      8.45020000
     -3.47010000      0.85850000      2.26490000      4.15050000      2.13070000      0.44850000      0.15350000      0.15260000      0.15390000      0.00010000     10.31320000
     -3.42010000      0.15710000      1.86910000      2.33220000      1.74080000      0.37120000      0.17720000      0.07490000      0.18020000      0.00010000      6.90280000
     -3.37010000      0.03630000      0.88410000      0.38200000      0.82980000      0.06480000      0.09110000      0.01410000      0.09200000      0.00280000      2.39700000
     -3.32010000      0.18830000      2.25460000      0.15720000      2.18620000      0.01450000      0.25130000      0.02140000      0.25190000      0.02230000      5.34770000
     -3.27010000      0.36140000      4.85600000      0.34090000      4.90260000      0.03060000      0.55520000      0.05430000      0.55700000      0.03520000     11.69320000
     -3.22010000      1.19080000      6.86290000      1.14810000      6.94850000      0.11570000      0.75930000      0.22360000      0.75570000      0.03300000     18.03760000
     -3.17010000      3.72710000      6.95880000      2.29240000      7.03900000      0.26560000      0.83960000      0.52170000      0.84150000      0.06370000     22.54940000
     -3.12010000      4.55380000      5.26850000      2.18790000      5.40230000      0.34770000      0.78520000      0.59650000      0.80290000      0.13860000     20.08340000
     -3.07010000      3.22900000      5.67220000      2.46440000      5.59280000      0.40440000      0.65310000      0.81620000      0.65330000      0.18260000     19.66800000
     -3.02010000      2.08420000      4.68700000      2.51730000      4.58230000      0.37200000      0.32900000      0.86660000      0.34050000      0.14390000     15.92280000
     -2.97010000      1.16890000      3.13450000      1.81580000      3.14430000      0.36170000      0.14940000      0.50910000      0.14550000      0.07760000     10.50680000
     -2.92010000      0.43880000      3.36310000      0.81230000      3.42730000      0.18260000      0.07520000      0.18440000      0.06840000      0.04970000      8.60180000
     -2.87010000      0.10260000      1.58300000      0.19210000      1.57490000      0.03420000      0.03710000      0.03840000      0.03310000      0.01860000      3.61400000
     -2.82010000      0.09230000      0.46920000      0.20750000      0.44280000      0.03010000      0.02420000      0.02920000      0.02120000      0.00630000      1.32280000
     -2.77010000      0.19040000      0.17860000      0.49660000      0.19180000      0.07640000      0.02610000      0.05610000      0.02420000      0.00790000      1.24810000
     -2.72010000      0.12990000      0.08290000      0.33160000      0.09530000      0.05120000      0.01580000      0.03660000      0.01490000      0.00500000      0.76320000
     -2.67010000      0.30240000      0.02590000      0.22480000      0.02370000      0.03820000      0.00340000      0.01030000      0.00410000      0.00050000      0.63330000
     -2.62010000      2.82060000      0.13190000      1.59910000      0.11070000      0.27580000      0.01470000      0.06310000      0.02150000      0.00200000      5.03940000
     -2.57010000      5.69800000      0.27920000      3.60820000      0.26530000      0.61600000      0.03730000      0.14810000      0.04710000      0.00480000     10.70400000
     -2.52010000      2.38180000      0.17570000      2.37620000      0.18240000      0.40070000      0.02690000      0.07870000      0.02910000      0.00260000      5.65410000
     -2.47010000      0.19970000      0.03230000      0.40080000      0.03320000      0.06670000      0.00640000      0.00970000      0.00540000      0.00160000      0.75580000
     -2.42010000      0.09150000      0.08370000      0.36190000      0.06630000      0.04840000      0.03110000      0.00760000      0.01730000      0.04860000      0.75640000
     -2.37010000      0.53490000      0.36730000      1.05750000      0.35270000      0.13950000      0.09430000      0.03360000      0.05450000      0.46010000      3.09440000
     -2.32010000      2.10300000      1.08010000      0.86100000      1.18490000      0.10720000      0.07690000      0.09740000      0.06100000      1.25210000      6.82360000
     -2.27010000      2.51790000      1.37100000      0.71230000      1.40510000      0.08260000      0.08260000      0.10980000      0.08510000      1.00210000      7.36850000
     -2.22010000      1.09380000      1.37100000      2.06290000      1.34040000      0.26320000      0.33510000      0.03320000      0.36680000      0.20670000      7.07310000
     -2.17010000      1.20430000      2.25420000      4.42680000      2.22860000      0.59220000      0.70330000      0.02140000      0.79270000      0.02770000     12.25120000
     -2.12010000      1.18950000      2.34260000      4.52160000      2.32670000      0.63510000      0.79640000      0.02610000      0.76880000      0.02100000     12.62780000
     -2.07010000      0.64480000      1.99490000      2.47170000      1.98980000      0.36130000      0.57880000      0.01880000      0.54420000      0.01480000      8.61910000
     -2.02010000      0.34600000      1.03840000      1.26250000      1.04380000      0.19430000      0.29060000      0.01030000      0.29710000      0.00950000      4.49250000
     -1.97010000      0.15120000      0.48010000      0.53760000      0.47940000      0.08900000      0.14070000      0.00640000      0.14590000      0.01530000      2.04560000
     -1.92010000      0.06450000      0.70560000      0.16780000      0.70290000      0.07520000      0.17750000      0.02000000      0.17380000      0.08170000      2.16900000
     -1.87010000      0.24450000      1.31950000      0.48070000      1.35150000      0.47560000      0.29080000      0.15410000      0.26430000      0.30540000      4.88640000
     -1.82010000      0.53560000      2.12770000      0.98820000      2.06560000      1.37860000      0.41380000      0.48710000      0.43460000      0.48880000      8.92000000
     -1.77010000      0.47090000      1.59460000      0.94570000      1.54950000      1.28240000      0.34730000      0.49040000      0.34740000      0.29640000      7.32460000
     -1.72010000      0.17990000      0.42610000      0.41330000      0.47490000      0.41340000      0.13510000      0.16920000      0.08980000      0.07170000      2.37340000
     -1.67010000      0.07490000      0.08760000      0.15060000      0.09150000      0.09140000      0.02640000      0.06280000      0.03090000      0.01060000      0.62670000
     -1.62010000      0.12250000      0.11520000      0.22300000      0.10490000      0.11770000      0.02570000      0.09940000      0.05170000      0.01120000      0.87130000
     -1.57010000      0.13420000      0.12870000      0.22530000      0.12640000      0.13570000      0.03080000      0.08460000      0.03950000      0.01050000      0.91570000
     -1.52010000      0.17480000      0.54500000      0.30140000      0.54420000      0.22980000      0.04420000      0.11470000      0.04290000      0.01360000      2.01060000
     -1.47010000      0.09970000      1.04320000      0.19180000      1.03710000      0.21660000      0.02690000      0.09840000      0.03000000      0.01230000      2.75600000
     -1.42010000      0.08140000      0.45890000      0.09490000      0.45820000      0.10680000      0.01500000      0.04830000      0.02860000      0.01790000      1.31000000
     -1.37010000      0.04920000      0.06340000      0.03890000      0.06470000      0.02970000      0.00670000      0.01500000      0.01440000      0.01170000      0.29370000
     -1.32010000      0.16060000      0.11880000      0.09420000      0.11460000      0.04270000      0.01830000      0.03090000      0.01800000      0.03480000      0.63290000
     -1.27010000      0.97670000      0.58260000      0.42350000      0.55890000      0.24940000      0.09950000      0.16580000      0.09310000      0.19050000      3.34000000
     -1.22010000      2.20300000      1.15650000      0.98900000      1.13270000      0.63640000      0.20790000      0.39100000      0.20380000      0.38750000      7.30780000
     -1.17010000      1.41070000      0.66810000      0.77240000      0.66530000      0.58040000      0.15740000      0.33950000      0.15800000      0.33620000      5.08800000
     -1.12010000      0.44680000      0.20160000      0.30990000      0.20620000      0.76790000      0.15380000      0.24430000      0.15350000      0.46100000      2.94500000
     -1.07010000      0.20010000      0.09300000      0.28340000      0.09650000      0.90400000      0.18250000      0.17590000      0.18080000      0.27390000      2.39010000
     -1.02010000      0.26620000      0.14050000      0.58070000      0.13960000      0.70130000      0.27910000      0.10640000      0.27540000      0.12480000      2.61400000
     -0.97010000      0.45150000      0.10420000      0.48170000      0.09980000      0.49050000      0.16610000      0.10920000      0.16630000      0.08000000      2.14930000
     -0.92010000      0.78070000      0.24280000      0.57920000      0.25420000      0.42150000      0.07640000      0.17440000      0.07560000      0.21910000      2.82390000
     -0.87010000      0.73290000      0.60590000      0.87450000      0.62220000      0.43080000      0.16500000      0.18050000      0.16020000      0.52980000      4.30180000
     -0.82010000      0.74430000      0.50120000      0.83660000      0.47720000      0.63240000      0.27580000      0.16090000      0.28340000      0.46630000      4.37810000
     -0.77010000      0.71470000      0.29870000      0.73660000      0.27710000      0.69170000      0.33430000      0.15270000      0.34810000      0.42310000      3.97700000
     -0.72010000      0.27980000      0.20590000      0.65090000      0.20080000      0.31770000      0.32040000      0.06560000      0.33470000      0.51470000      2.89050000
     -0.67010000      0.09300000      0.18360000      0.42370000      0.16810000      0.13280000      0.32660000      0.02410000      0.35160000      0.41890000      2.12240000
     -0.62010000      0.07070000      0.27070000      0.08650000      0.26340000      0.03550000      0.23740000      0.01710000      0.24820000      0.19840000      1.42790000
     -0.57010000      0.34740000      0.77400000      0.09710000      0.79210000      0.06310000      0.18990000      0.07840000      0.18480000      0.27590000      2.80270000
     -0.52010000      0.57970000      0.85050000      0.25760000      0.87710000      0.21100000      0.37990000      0.16970000      0.41170000      0.36200000      4.09920000
     -0.47010000      0.27940000      0.41960000      0.19940000      0.43350000      0.22270000      0.48870000      0.12470000      0.53650000      0.13740000      2.84190000
     -0.42010000      0.15840000      0.37390000      0.14810000      0.39080000      0.15850000      0.61240000      0.07260000      0.56590000      0.07300000      2.55360000
     -0.37010000      0.25750000      0.52170000      0.20170000      0.55090000      0.22800000      0.53060000      0.09420000      0.50520000      0.12850000      3.01830000
     -0.32010000      0.35920000      0.62960000      0.10820000      0.59500000      0.31980000      0.37010000      0.09080000      0.35290000      0.26220000      3.08780000
     -0.27010000      0.47140000      0.44000000      0.06590000      0.42110000      0.54250000      0.31730000      0.13730000      0.30510000      0.58330000      3.28390000
     -0.22010000      0.37460000      0.26400000      0.06280000      0.26740000      0.68070000      0.32430000      0.18530000      0.31580000      0.47440000      2.94930000
     -0.17010000      0.40380000      0.16270000      0.09140000      0.18260000      0.59890000      0.23510000      0.17720000      0.21390000      0.17400000      2.23960000
     -0.12010000      1.58370000      0.03650000      0.41600000      0.04540000      0.33320000      0.05930000      0.18830000      0.04930000      0.06740000      2.77910000
     -0.07010000      2.91770000      0.02610000      0.77430000      0.02640000      0.36590000      0.02400000      0.28560000      0.02110000      0.22730000      4.66840000
     -0.02010000      1.03150000      0.06290000      0.27400000      0.06120000      0.12740000      0.03100000      0.10050000      0.02880000      0.47020000      2.18750000
      0.02990000      0.06490000      0.05950000      0.01700000      0.05780000      0.00860000      0.01120000      0.00630000      0.01050000      0.32100000      0.55680000
      0.07990000      0.00100000      0.01520000      0.00010000      0.01510000      0.00000000      0.00070000      0.00000000      0.00060000      0.07290000      0.10560000
      0.12990000      0.00000000      0.00030000      0.00000000      0.00030000      0.00000000      0.00000000      0.00000000      0.00000000      0.00350000      0.00410000
      0.17990000      0.00060000      0.00000000      0.00000000      0.00000000      0.00000000      0.00000000      0.00000000      0.00000000      0.00000000      0.00060000
      0.22990000      0.08270000      0.00000000      0.05440000      0.00000000      0.00580000      0.00000000      0.00450000      0.00000000      0.00000000      0.14740000
      0.27990000      1.88780000      0.01100000      1.24680000      0.01080000      0.12450000      0.00780000      0.10330000      0.00780000      0.00000000      3.39980000
      0.32990000      7.40430000      0.04220000      4.89090000      0.04200000      0.48840000      0.03050000      0.40530000      0.03040000      0.00000000     13.33400000
      0.37990000      5.31310000      0.03020000      3.50970000      0.02990000      0.35060000      0.02170000      0.29060000      0.02170000      0.00000000      9.56750000
      0.42990000      0.68510000      0.00420000      0.45290000      0.00420000      0.04520000      0.00280000      0.03750000      0.00280000      0.00000000      1.23470000
      0.47990000      0.01460000      0.00000000      0.00970000      0.00000000      0.00090000      0.00000000      0.00030000      0.00000000      0.00000000      0.02550000
      0.52990000      0.00000000      0.00000000      0.00000000      0.00000000      0.00000000      0.00000000      0.00000000      0.00000000      0.00000000      0.00000000
      0.57990000      0.00000000      0.00000000      0.00000000      0.00000000      0.00000000      0.00000000      0.00000000      0.00000000      0.00000000      0.00000000
      0.62990000      0.00000000      0.00000000      0.00000000      0.00000000      0.00000000      0.00000000      0.00000000      0.00000000      0.00000000      0.00000000
      0.67990000      0.00000000      0.00000000      0.00000000      0.00000000      0.00000000      0.00000000      0.00000000      0.00000000      0.00000000      0.00000000
      0.72990000      0.00000000      0.00000000      0.00000000      0.00000000      0.00000000      0.00000000      0.00000000      0.00000000      0.00000000      0.00000000
      0.77990000      0.00000000      0.00000000      0.00000000      0.00000000      0.00000000      0.00000000      0.00000000      0.00000000      0.00000000      0.00000000
      0.82990000      0.00230000      0.00000000      0.00140000      0.00000000      0.00000000      0.00000000      0.00000000      0.00000000      0.00000000      0.00370000
      0.87990000      0.24390000      0.01350000      0.12870000      0.01420000      0.03750000      0.00470000      0.02040000      0.00450000      0.00000000      0.46740000
      0.92990000      3.66860000      0.20380000      1.94270000      0.20310000      0.56450000      0.07350000      0.30990000      0.07480000      0.00650000      7.04740000
      0.97990000     10.27740000      0.56820000      5.48620000      0.56620000      1.57570000      0.20840000      0.86260000      0.20940000      0.01840000     19.77250000
      1.02990000      7.92340000      0.42620000      4.67270000      0.42920000      1.19150000      0.16030000      0.62330000      0.15760000      0.00950000     15.59370000
      1.07990000      6.02590000      0.31270000      4.18370000      0.31350000      0.87630000      0.11610000      0.41610000      0.11650000      0.00060000     12.36140000
      1.12990000      2.16910000      0.11190000      1.53800000      0.11160000      0.31400000      0.04150000      0.14700000      0.04190000      0.00000000      4.47500000
      1.17990000      0.15140000      0.00790000      0.10750000      0.00810000      0.02200000      0.00280000      0.01020000      0.00270000      0.00000000      0.31260000
      1.22990000      0.00150000      0.00000000      0.00120000      0.00000000      0.00010000      0.00000000      0.00000000      0.00000000      0.00000000      0.00280000
      1.27990000      0.00000000      0.00000000      0.00000000      0.00000000      0.00000000      0.00000000      0.00000000      0.00000000      0.00000000      0.00000000
      1.32990000      0.00000000      0.00000000      0.00000000      0.00000000      0.00000000      0.00000000      0.00000000      0.00000000      0.00000000      0.00000000
      1.37990000      0.02020000      0.00000000      0.01730000      0.00000000      0.00120000      0.00000000      0.00060000      0.00000000      0.00000000      0.03930000
      1.42990000      0.58360000      0.00120000      0.50200000      0.00070000      0.03040000      0.00090000      0.02310000      0.00060000      0.00000000      1.14250000
      1.47990000      2.87050000      0.00550000      2.46890000      0.00400000      0.14970000      0.00430000      0.11360000      0.00300000      0.00000000      5.61950000
      1.52990000      2.56480000      0.00510000      2.20580000      0.00320000      0.13340000      0.00390000      0.10130000      0.00240000      0.00000000      5.01990000
      1.57990000      0.41360000      0.00060000      0.35560000      0.00030000      0.02170000      0.00060000      0.01640000      0.00040000      0.00000000      0.80920000
      1.62990000      0.01180000      0.00000000      0.01030000      0.00000000      0.00060000      0.00000000      0.00040000      0.00000000      0.00000000      0.02310000
      1.67990000      0.05540000      0.00030000      0.03660000      0.00020000      0.00380000      0.00000000      0.00230000      0.00000000      0.00000000      0.09860000
      1.72990000      1.15180000      0.00790000      0.75860000      0.00800000      0.08150000      0.00260000      0.05080000      0.00280000      0.00000000      2.06400000
      1.77990000      4.16810000      0.02900000      2.74370000      0.02950000      0.29540000      0.00930000      0.18500000      0.01030000      0.00000000      7.47030000
      1.82990000      3.75040000      0.02870000      2.44740000      0.02920000      0.27220000      0.01100000      0.16970000      0.01210000      0.00000000      6.72070000
      1.87990000      4.24550000      0.04010000      2.71250000      0.04000000      0.32570000      0.01890000      0.20110000      0.02110000      0.00000000      7.60490000
      1.92990000      2.67090000      0.02550000      1.70240000      0.02580000      0.20610000      0.01230000      0.12700000      0.01360000      0.00000000      4.78360000
      1.97990000      0.32330000      0.00300000      0.20570000      0.00290000      0.02480000      0.00130000      0.01530000      0.00170000      0.00000000      0.57800000
      2.02990000      0.00640000      0.00000000      0.00390000      0.00000000      0.00040000      0.00000000      0.00020000      0.00000000      0.00000000      0.01090000
      2.07990000      0.00000000      0.00000000      0.00000000      0.00000000      0.00000000      0.00000000      0.00000000      0.00000000      0.00000000      0.00000000
      2.12990000      0.00000000      0.00000000      0.00000000      0.00000000      0.00000000      0.00000000      0.00000000      0.00000000      0.00000000      0.00000000
      2.17990000      0.03020000      0.00030000      0.01810000      0.00100000      0.00420000      0.00080000      0.00210000      0.00040000      0.00000000      0.05710000
      2.22990000      0.71350000      0.01710000      0.42890000      0.03220000      0.09880000      0.01980000      0.05190000      0.01130000      0.00040000      1.37390000
      2.27990000      3.47140000      0.09290000      2.07540000      0.14110000      0.47720000      0.08930000      0.24850000      0.06120000      0.00290000      6.65990000
      2.32990000      6.61640000      0.23130000      3.89490000      0.19410000      0.88760000      0.12660000      0.44880000      0.14820000      0.00520000     12.55310000
      2.37990000      5.71580000      0.22220000      3.32660000      0.13650000      0.75500000      0.09010000      0.37430000      0.14070000      0.00440000     10.76560000
      2.42990000      2.68550000      0.07070000      1.48760000      0.07880000      0.32090000      0.04750000      0.14660000      0.04680000      0.00160000      4.88600000
      2.47990000      3.97050000      0.06590000      2.14420000      0.13130000      0.44120000      0.07580000      0.18530000      0.04710000      0.00140000      7.06270000
      2.52990000      4.06500000      0.07810000      2.33910000      0.10460000      0.47010000      0.06730000      0.19090000      0.05550000      0.00030000      7.37090000
      2.57990000      3.31830000      0.06980000      1.98540000      0.07010000      0.39340000      0.04950000      0.15700000      0.05000000      0.00000000      6.09350000
      2.62990000      0.74850000      0.01600000      0.44810000      0.01640000      0.08860000      0.01090000      0.03520000      0.01180000      0.00000000      1.37550000
      2.67990000      0.22330000      0.01030000      0.10760000      0.02300000      0.01860000      0.00380000      0.00880000      0.01250000      0.00020000      0.40810000
      2.72990000      0.53920000      0.02710000      0.25060000      0.06280000      0.04260000      0.00950000      0.02080000      0.03360000      0.00080000      0.98700000
      2.77990000      0.27350000      0.01390000      0.12710000      0.03170000      0.02170000      0.00440000      0.01080000      0.01710000      0.00030000      0.50050000
      2.82990000      0.02470000      0.00110000      0.01130000      0.00270000      0.00190000      0.00030000      0.00090000      0.00150000      0.00000000      0.04440000
      2.87990000      0.00910000      0.00010000      0.00300000      0.00010000      0.00040000      0.00000000      0.00000000      0.00000000      0.00000000      0.01270000
      2.92990000      0.39730000      0.01090000      0.12940000      0.00890000      0.02450000      0.00390000      0.00430000      0.00300000      0.00000000      0.58220000
      2.97990000      2.99820000      0.08260000      0.97750000      0.06850000      0.18480000      0.03100000      0.03450000      0.02340000      0.00100000      4.40150000
      3.02990000      4.05960000      0.11180000      1.32370000      0.09310000      0.25020000      0.04200000      0.04660000      0.03170000      0.00110000      5.95980000
      3.07990000      1.00220000      0.02770000      0.32680000      0.02280000      0.06170000      0.01050000      0.01150000      0.00770000      0.00020000      1.47110000
      3.12990000      0.04230000      0.00080000      0.01380000      0.00060000      0.00240000      0.00030000      0.00020000      0.00020000      0.00000000      0.06060000
      3.17990000      0.00020000      0.00000000      0.00000000      0.00000000      0.00000000      0.00000000      0.00000000      0.00000000      0.00000000      0.00020000
      3.22990000      0.00000000      0.00000000      0.00000000      0.00000000      0.00000000      0.00000000      0.00000000      0.00000000      0.00000000      0.00000000
      3.27990000      0.00000000      0.00000000      0.00000000      0.00000000      0.00000000      0.00000000      0.00000000      0.00000000      0.00000000      0.00000000
      3.32990000      0.00000000      0.00000000      0.00000000      0.00000000      0.00000000      0.00000000      0.00000000      0.00000000      0.00000000      0.00000000
      3.37990000      0.00000000      0.00000000      0.00000000      0.00000000      0.00000000      0.00000000      0.00000000      0.00000000      0.00000000      0.00000000
      3.42990000      0.00000000      0.00000000      0.00000000      0.00000000      0.00000000      0.00000000      0.00000000      0.00000000      0.00000000      0.00000000
      3.47990000      0.00000000      0.00000000      0.00000000      0.00000000      0.00000000      0.00000000      0.00000000      0.00000000      0.00000000      0.00000000
      3.52990000      0.01280000      0.00000000      0.00170000      0.00000000      0.00000000      0.00000000      0.00000000      0.00000000      0.00000000      0.01450000
      3.57990000      0.09710000      0.00010000      0.01130000      0.00030000      0.00200000      0.00000000      0.00120000      0.00000000      0.00000000      0.11200000
      3.62990000      0.23060000      0.00300000      0.02230000      0.00340000      0.00420000      0.00080000      0.00310000      0.00080000      0.00000000      0.26820000
      3.67990000      2.56020000      0.06560000      0.19370000      0.06740000      0.04160000      0.01850000      0.04220000      0.01880000      0.00000000      3.00800000
      3.72990000     11.35790000      0.29560000      0.85640000      0.30510000      0.18460000      0.08310000      0.18760000      0.08440000      0.00000000     13.35470000
      3.77990000     10.13750000      0.26580000      0.76690000      0.27490000      0.16380000      0.07390000      0.16680000      0.07520000      0.00000000     11.92480000
      3.82990000      1.78820000      0.04680000      0.13580000      0.04890000      0.02850000      0.01300000      0.02930000      0.01320000      0.00000000      2.10370000
      3.87990000      0.05780000      0.00140000      0.00420000      0.00140000      0.00050000      0.00000000      0.00060000      0.00000000      0.00000000      0.06590000
      3.92990000      0.00050000      0.00000000      0.00000000      0.00000000      0.00000000      0.00000000      0.00000000      0.00000000      0.00000000      0.00050000
      3.97990000      0.05720000      0.02260000      0.00660000      0.02280000      0.00160000      0.00060000      0.00000000      0.00060000      0.00000000      0.11200000
      4.02990000      1.48770000      0.58440000      0.17030000      0.59660000      0.04020000      0.02060000      0.00580000      0.02090000      0.00480000      2.93130000
      4.07990000      7.62500000      3.11060000      0.86550000      3.14740000      0.21080000      0.10980000      0.03070000      0.11170000      0.02720000     15.23870000
      4.12990000     10.16930000      4.47790000      1.13630000      4.41560000      0.29320000      0.16060000      0.04260000      0.15770000      0.03840000     20.89160000
      4.17990000      4.01880000      1.87890000      0.44250000      1.82540000      0.12110000      0.06800000      0.01720000      0.06520000      0.01580000      8.45290000
      4.22990000      0.49840000      0.20420000      0.05450000      0.20020000      0.01340000      0.00790000      0.00230000      0.00750000      0.00120000      0.98960000
      4.27990000      1.25750000      0.39410000      0.13700000      0.39020000      0.01580000      0.01800000      0.00770000      0.01730000      0.00060000      2.23820000
      4.32990000      3.01750000      2.44680000      0.28950000      2.43130000      0.05300000      0.09640000      0.02570000      0.09580000      0.00150000      8.45750000
      4.37990000      4.94090000      4.82490000      0.25240000      4.80260000      0.17970000      0.17680000      0.08570000      0.17620000      0.00060000     15.43980000
      4.42990000      7.07830000      3.47140000      0.27000000      3.46060000      0.30110000      0.12200000      0.14190000      0.12160000      0.00020000     14.96710000
      4.47990000      3.06120000      1.10820000      0.11680000      1.10540000      0.13350000      0.03860000      0.06230000      0.03870000      0.00000000      5.66470000
      4.52990000      0.29580000      0.10240000      0.01120000      0.10200000      0.01290000      0.00320000      0.00620000      0.00350000      0.00000000      0.53720000
      4.57990000      0.03490000      0.00260000      0.00670000      0.00280000      0.00110000      0.00000000      0.00030000      0.00000000      0.00000000      0.04840000
      4.62990000      0.83580000      0.02700000      0.18290000      0.03190000      0.02710000      0.00200000      0.01090000      0.00210000      0.00000000      1.11970000
      4.67990000      4.00540000      0.12910000      0.87600000      0.15180000      0.13010000      0.01130000      0.05450000      0.01060000      0.00070000      5.36950000
      4.72990000      3.48880000      0.11270000      0.76290000      0.13220000      0.11340000      0.00970000      0.04760000      0.00900000      0.00060000      4.67690000
      4.77990000      0.61580000      0.06490000      0.12810000      0.06810000      0.01820000      0.00550000      0.00710000      0.00570000      0.00000000      0.91340000
      4.82990000      1.62460000      1.10270000      0.19190000      1.10130000      0.01240000      0.09570000      0.00180000      0.09520000      0.00450000      4.23010000
      4.87990000      7.99690000      5.14500000      0.91430000      5.14010000      0.06240000      0.45450000      0.01380000      0.45370000      0.02060000     20.20130000
      4.92990000     10.99100000      6.04400000      1.13290000      6.04940000      0.10570000      0.55800000      0.03940000      0.56090000      0.02310000     25.50440000
      4.97990000      7.73970000      4.87580000      0.63130000      4.87880000      0.12210000      0.42270000      0.07260000      0.42500000      0.01970000     19.18770000
      5.02990000      4.13100000      5.86190000      0.31760000      5.83330000      0.10380000      0.42820000      0.06530000      0.42450000      0.02680000     17.19240000
      5.07990000      1.33140000      2.45810000      0.12010000      2.44400000      0.03560000      0.17700000      0.02120000      0.17490000      0.01020000      6.77250000
      5.12990000      2.06400000      2.04040000      0.25140000      2.03990000      0.02370000      0.17160000      0.01460000      0.17140000      0.00040000      6.77740000
      5.17990000      2.24540000      2.10760000      0.27610000      2.10900000      0.02430000      0.17980000      0.01500000      0.17980000      0.00000000      7.13700000
      5.22990000      0.45870000      0.42830000      0.05660000      0.42850000      0.00490000      0.03680000      0.00270000      0.03630000      0.00000000      1.45280000
      5.27990000      0.01600000      0.01450000      0.00180000      0.01470000      0.00000000      0.00090000      0.00000000      0.00090000      0.00000000      0.04880000
      5.32990000      0.00000000      0.00000000      0.00000000      0.00000000      0.00000000      0.00000000      0.00000000      0.00000000      0.00000000      0.00000000
      5.37990000      0.00000000      0.00000000      0.00000000      0.00000000      0.00000000      0.00000000      0.00000000      0.00000000      0.00000000      0.00000000
      5.42990000      0.00000000      0.00000000      0.00000000      0.00000000      0.00000000      0.00000000      0.00000000      0.00000000      0.00000000      0.00000000
      5.47990000      0.00460000      0.00120000      0.00000000      0.00110000      0.00000000      0.00000000      0.00000000      0.00000000      0.00000000      0.00690000
      5.52990000      0.21710000      0.06970000      0.00580000      0.06410000      0.00620000      0.00620000      0.00530000      0.00530000      0.00000000      0.37970000
      5.57990000      2.04920000      0.63340000      0.05830000      0.61070000      0.05530000      0.05720000      0.05190000      0.04990000      0.00100000      3.56690000
      5.62990000      4.19770000      1.24130000      0.12620000      1.26420000      0.11200000      0.10340000      0.10750000      0.10350000      0.00190000      7.25770000
      5.67990000      1.88200000      0.53190000      0.06010000      0.56910000      0.04990000      0.04030000      0.04880000      0.04600000      0.00100000      3.22910000
      5.72990000      0.28240000      0.06360000      0.01960000      0.08150000      0.00810000      0.00650000      0.00720000      0.00770000      0.00000000      0.47660000
      5.77990000      0.40240000      0.06320000      0.04990000      0.10930000      0.01380000      0.01270000      0.01030000      0.01290000      0.00000000      0.67450000
      5.82990000      0.29050000      0.08790000      0.04730000      0.14230000      0.00970000      0.01970000      0.00750000      0.02090000      0.00000000      0.62580000
      5.87990000      0.60930000      0.57600000      0.27890000      0.84450000      0.01480000      0.12990000      0.01850000      0.13880000      0.00150000      2.61220000
      5.92990000      2.35360000      1.51690000      1.10570000      1.98640000      0.04380000      0.28290000      0.06400000      0.29970000      0.00320000      7.65620000
      5.97990000      2.20640000      1.76040000      1.05550000      1.66700000      0.03930000      0.27380000      0.06340000      0.27570000      0.00320000      7.34470000
      6.02990000      0.87560000      1.74950000      0.46360000      1.33230000      0.01990000      0.27490000      0.04150000      0.26730000      0.00360000      5.02820000
      6.07990000      1.54460000      2.75600000      0.83670000      2.44540000      0.02850000      0.41160000      0.09140000      0.40200000      0.00680000      8.52300000
      6.12990000      1.97960000      3.44420000      1.07630000      3.51350000      0.03460000      0.54000000      0.11620000      0.54340000      0.00920000     11.25700000
      6.17990000      0.71910000      1.56800000      0.37680000      1.67300000      0.01460000      0.26930000      0.03920000      0.27070000      0.00350000      4.93420000
      6.22990000      0.64320000      2.35000000      0.27730000      2.32930000      0.01760000      0.44290000      0.02630000      0.43110000      0.00390000      6.52160000
      6.27990000      1.05610000      2.93520000      0.51890000      2.92290000      0.02150000      0.55830000      0.04730000      0.55170000      0.00380000      8.61570000
      6.32990000      1.06200000      2.02100000      0.55190000      2.04410000      0.01800000      0.39150000      0.04880000      0.39430000      0.00230000      6.53390000
      6.37990000      1.14130000      2.41680000      0.58470000      2.40910000      0.02320000      0.45750000      0.04860000      0.45940000      0.00290000      7.54350000
      6.42990000      0.69550000      2.00470000      0.32040000      1.93010000      0.01600000      0.34880000      0.02610000      0.34570000      0.00350000      5.69080000
      6.47990000      0.48290000      2.44770000      0.11770000      2.37650000      0.01350000      0.38520000      0.01210000      0.38890000      0.00800000      6.23250000
      6.52990000      0.50740000      3.07390000      0.09280000      2.94160000      0.01660000      0.47710000      0.01260000      0.49550000      0.01040000      7.62790000
      6.57990000      0.33060000      1.86210000      0.05520000      1.65820000      0.01300000      0.27980000      0.00980000      0.28980000      0.00600000      4.50450000
      6.62990000      0.29940000      0.86120000      0.06150000      0.87090000      0.01160000      0.13720000      0.01080000      0.13390000      0.00200000      2.38850000
      6.67990000      0.39430000      0.78250000      0.08770000      0.92880000      0.01460000      0.13470000      0.01500000      0.12610000      0.00150000      2.48520000
      6.72990000      0.13000000      0.25440000      0.03100000      0.30280000      0.00440000      0.04280000      0.00460000      0.04040000      0.00030000      0.81070000
      6.77990000      0.16590000      0.30580000      0.10040000      0.29900000      0.00410000      0.01880000      0.00570000      0.01900000      0.00290000      0.92160000
      6.82990000      0.99870000      1.49400000      0.64120000      1.46150000      0.02420000      0.08490000      0.03600000      0.08760000      0.01570000      4.84380000
      6.87990000      1.96340000      1.84860000      1.51960000      1.75620000      0.06200000      0.10140000      0.10350000      0.10150000      0.01570000      7.47190000
      6.92990000      3.08900000      1.63530000      2.86020000      1.41330000      0.12080000      0.08320000      0.22220000      0.07660000      0.00610000      9.50670000
      6.97990000      3.84590000      2.06840000      4.68140000      1.88550000      0.13610000      0.10670000      0.27630000      0.10770000      0.00800000     13.11600000
      7.02990000      4.09260000      2.45030000      5.98950000      2.40820000      0.12790000      0.12160000      0.27930000      0.12860000      0.01120000     15.60920000
      7.07990000      2.08690000      1.01200000      2.64410000      1.07620000      0.05650000      0.04730000      0.12950000      0.05250000      0.00500000      7.11000000
      7.12990000      0.61720000      0.19320000      0.44460000      0.18330000      0.01060000      0.00740000      0.02500000      0.00730000      0.00050000      1.48910000
      7.17990000      0.09610000      0.02550000      0.04610000      0.01960000      0.00100000      0.00050000      0.00270000      0.00040000      0.00000000      0.19190000
      7.22990000      0.00310000      0.00050000      0.00110000      0.00040000      0.00000000      0.00000000      0.00000000      0.00000000      0.00000000      0.00510000
      7.27990000      0.00000000      0.00000000      0.00000000      0.00000000      0.00000000      0.00000000      0.00000000      0.00000000      0.00000000      0.00000000
      7.32990000      0.00000000      0.00000000      0.00000000      0.00000000      0.00000000      0.00000000      0.00000000      0.00000000      0.00000000      0.00000000
      7.37990000      0.00000000      0.00000000      0.00000000      0.00000000      0.00000000      0.00000000      0.00000000      0.00000000      0.00000000      0.00000000
      7.42990000      0.00000000      0.00000000      0.00000000      0.00000000      0.00000000      0.00000000      0.00000000      0.00000000      0.00000000      0.00000000
      7.47990000      0.00000000      0.00000000      0.00000000      0.00000000      0.00000000      0.00000000      0.00000000      0.00000000      0.00000000      0.00000000
      7.52990000      0.00000000      0.00000000      0.00000000      0.00000000      0.00000000      0.00000000      0.00000000      0.00000000      0.00000000      0.00000000
      7.57990000      0.00000000      0.00000000      0.00000000      0.00000000      0.00000000      0.00000000      0.00000000      0.00000000      0.00000000      0.00000000
      7.62990000      0.00000000      0.00000000      0.00000000      0.00000000      0.00000000      0.00000000      0.00000000      0.00000000      0.00000000      0.00000000
      7.67990000      0.00000000      0.00000000      0.00000000      0.00000000      0.00000000      0.00000000      0.00000000      0.00000000      0.00000000      0.00000000
      7.72990000      0.00000000      0.00000000      0.00000000      0.00000000      0.00000000      0.00000000      0.00000000      0.00000000      0.00000000      0.00000000
      7.77990000      0.00000000      0.00000000      0.00000000      0.00000000      0.00000000      0.00000000      0.00000000      0.00000000      0.00000000      0.00000000
      7.82990000      0.00000000      0.00000000      0.00000000      0.00000000      0.00000000      0.00000000      0.00000000      0.00000000      0.00000000      0.00000000
      7.87990000      0.00000000      0.00000000      0.00000000      0.00000000      0.00000000      0.00000000      0.00000000      0.00000000      0.00000000      0.00000000
      7.92990000      0.00000000      0.00000000      0.00000000      0.00000000      0.00000000      0.00000000      0.00000000      0.00000000      0.00000000      0.00000000
      7.97990000      0.00000000      0.00000000      0.00000000      0.00000000      0.00000000      0.00000000      0.00000000      0.00000000      0.00000000      0.00000000
      8.02990000      0.00000000      0.00000000      0.00000000      0.00000000      0.00000000      0.00000000      0.00000000      0.00000000      0.00000000      0.00000000
      8.07990000      0.00000000      0.00000000      0.00000000      0.00000000      0.00000000      0.00000000      0.00000000      0.00000000      0.00000000      0.00000000
      8.12990000      0.00000000      0.00000000      0.00000000      0.00000000      0.00000000      0.00000000      0.00000000      0.00000000      0.00000000      0.00000000
      8.17990000      0.00000000      0.00000000      0.00000000      0.00000000      0.00000000      0.00000000      0.00000000      0.00000000      0.00000000      0.00000000
      8.22990000      0.00000000      0.00000000      0.00000000      0.00000000      0.00000000      0.00000000      0.00000000      0.00000000      0.00000000      0.00000000
      8.27990000      0.00000000      0.00000000      0.00000000      0.00000000      0.00000000      0.00000000      0.00000000      0.00000000      0.00000000      0.00000000
      8.32990000      0.00000000      0.00000000      0.00000000      0.00000000      0.00000000      0.00000000      0.00000000      0.00000000      0.00000000      0.00000000
      8.37990000      0.00000000      0.00000000      0.00000000      0.00000000      0.00000000      0.00000000      0.00000000      0.00000000      0.00000000      0.00000000
      8.42990000      0.00000000      0.00000000      0.00000000      0.00000000      0.00000000      0.00000000      0.00000000      0.00000000      0.00000000      0.00000000
      8.47990000      0.00000000      0.00000000      0.00000000      0.00000000      0.00000000      0.00000000      0.00000000      0.00000000      0.00000000      0.00000000
      8.52990000      0.00000000      0.00000000      0.00000000      0.00000000      0.00000000      0.00000000      0.00000000      0.00000000      0.00000000      0.00000000
      8.57990000      0.00000000      0.00000000      0.00000000      0.00000000      0.00000000      0.00000000      0.00000000      0.00000000      0.00000000      0.00000000
      8.62990000      0.00000000      0.00000000      0.00000000      0.00000000      0.00000000      0.00000000      0.00000000      0.00000000      0.00000000      0.00000000
      8.67990000      0.00000000      0.00000000      0.00000000      0.00000000      0.00000000      0.00000000      0.00000000      0.00000000      0.00000000      0.00000000
      8.72990000      0.00000000      0.00000000      0.00000000      0.00000000      0.00000000      0.00000000      0.00000000      0.00000000      0.00000000      0.00000000
      8.77990000      0.00000000      0.00000000      0.00000000      0.00000000      0.00000000      0.00000000      0.00000000      0.00000000      0.00000000      0.00000000
      8.82990000      0.00000000      0.00000000      0.00000000      0.00000000      0.00000000      0.00000000      0.00000000      0.00000000      0.00000000      0.00000000
      8.87990000      0.00000000      0.00000000      0.00000000      0.00000000      0.00000000      0.00000000      0.00000000      0.00000000      0.00000000      0.00000000
      8.92990000      0.00000000      0.00000000      0.00000000      0.00000000      0.00000000      0.00000000      0.00000000      0.00000000      0.00000000      0.00000000
      8.97990000      0.00000000      0.00000000      0.00000000      0.00000000      0.00000000      0.00000000      0.00000000      0.00000000      0.00000000      0.00000000
      9.02990000      0.00000000      0.00000000      0.00000000      0.00000000      0.00000000      0.00000000      0.00000000      0.00000000      0.00000000      0.00000000
      9.07990000      0.00000000      0.00000000      0.00000000      0.00000000      0.00000000      0.00000000      0.00000000      0.00000000      0.00000000      0.00000000
      9.12990000      0.00000000      0.00000000      0.00000000      0.00000000      0.00000000      0.00000000      0.00000000      0.00000000      0.00000000      0.00000000
      9.17990000      0.00000000      0.00000000      0.00000000      0.00000000      0.00000000      0.00000000      0.00000000      0.00000000      0.00000000      0.00000000
      9.22990000      0.00000000      0.00000000      0.00000000      0.00000000      0.00000000      0.00000000      0.00000000      0.00000000      0.00000000      0.00000000
      9.27990000      0.00000000      0.00000000      0.00000000      0.00000000      0.00000000      0.00000000      0.00000000      0.00000000      0.00000000      0.00000000
      9.32990000      0.00000000      0.00000000      0.00000000      0.00000000      0.00000000      0.00000000      0.00000000      0.00000000      0.00000000      0.00000000
      9.37990000      0.00000000      0.00000000      0.00000000      0.00000000      0.00000000      0.00000000      0.00000000      0.00000000      0.00000000      0.00000000
      9.42990000      0.00000000      0.00000000      0.00000000      0.00000000      0.00000000      0.00000000      0.00000000      0.00000000      0.00000000      0.00000000
      9.47990000      0.00000000      0.00000000      0.00000000      0.00000000      0.00000000      0.00000000      0.00000000      0.00000000      0.00000000      0.00000000
      9.52990000      0.00000000      0.00000000      0.00000000      0.00000000      0.00000000      0.00000000      0.00000000      0.00000000      0.00000000      0.00000000
      9.57990000      0.00000000      0.00000000      0.00000000      0.00000000      0.00000000      0.00000000      0.00000000      0.00000000      0.00000000      0.00000000
      9.62990000      0.00000000      0.00000000      0.00000000      0.00000000      0.00000000      0.00000000      0.00000000      0.00000000      0.00000000      0.00000000
      9.67990000      0.00000000      0.00000000      0.00000000      0.00000000      0.00000000      0.00000000      0.00000000      0.00000000      0.00000000      0.00000000
      9.72990000      0.00000000      0.00000000      0.00000000      0.00000000      0.00000000      0.00000000      0.00000000      0.00000000      0.00000000      0.00000000
      9.77990000      0.00000000      0.00000000      0.00000000      0.00000000      0.00000000      0.00000000      0.00000000      0.00000000      0.00000000      0.00000000
      9.82990000      0.00000000      0.00000000      0.00000000      0.00000000      0.00000000      0.00000000      0.00000000      0.00000000      0.00000000      0.00000000
      9.87990000      0.00000000      0.00000000      0.00000000      0.00000000      0.00000000      0.00000000      0.00000000      0.00000000      0.00000000      0.00000000
      9.92990000      0.00000000      0.00000000      0.00000000      0.00000000      0.00000000      0.00000000      0.00000000      0.00000000      0.00000000      0.00000000
      9.97990000      0.00000000      0.00000000      0.00000000      0.00000000      0.00000000      0.00000000      0.00000000      0.00000000      0.00000000      0.00000000
     10.02990000      0.00000000      0.00000000      0.00000000      0.00000000      0.00000000      0.00000000      0.00000000      0.00000000      0.00000000      0.00000000
     10.07990000      0.00000000      0.00000000      0.00000000      0.00000000      0.00000000      0.00000000      0.00000000      0.00000000      0.00000000      0.00000000
     10.12990000      0.00000000      0.00000000      0.00000000      0.00000000      0.00000000      0.00000000      0.00000000      0.00000000      0.00000000      0.00000000
     10.17990000      0.00000000      0.00000000      0.00000000      0.00000000      0.00000000      0.00000000      0.00000000      0.00000000      0.00000000      0.00000000
     10.22990000      0.00000000      0.00000000      0.00000000      0.00000000      0.00000000      0.00000000      0.00000000      0.00000000      0.00000000      0.00000000
     10.27990000      0.00000000      0.00000000      0.00000000      0.00000000      0.00000000      0.00000000      0.00000000      0.00000000      0.00000000      0.00000000
     10.32990000      0.00000000      0.00000000      0.00000000      0.00000000      0.00000000      0.00000000      0.00000000      0.00000000      0.00000000      0.00000000
     10.37990000      0.00000000      0.00000000      0.00000000      0.00000000      0.00000000      0.00000000      0.00000000      0.00000000      0.00000000      0.00000000
     10.42990000      0.00000000      0.00000000      0.00000000      0.00000000      0.00000000      0.00000000      0.00000000      0.00000000      0.00000000      0.00000000
     10.47990000      0.00000000      0.00000000      0.00000000      0.00000000      0.00000000      0.00000000      0.00000000      0.00000000      0.00000000      0.00000000
     10.52990000      0.00000000      0.00000000      0.00000000      0.00000000      0.00000000      0.00000000      0.00000000      0.00000000      0.00000000      0.00000000
     10.57990000      0.00000000      0.00000000      0.00000000      0.00000000      0.00000000      0.00000000      0.00000000      0.00000000      0.00000000      0.00000000
     10.62990000      0.00000000      0.00000000      0.00000000      0.00000000      0.00000000      0.00000000      0.00000000      0.00000000      0.00000000      0.00000000
     10.67990000      0.00000000      0.00000000      0.00000000      0.00000000      0.00000000      0.00000000      0.00000000      0.00000000      0.00000000      0.00000000
     10.72990000      0.00000000      0.00000000      0.00000000      0.00000000      0.00000000      0.00000000      0.00000000      0.00000000      0.00000000      0.00000000
     10.77990000      0.00000000      0.00000000      0.00000000      0.00000000      0.00000000      0.00000000      0.00000000      0.00000000      0.00000000      0.00000000
     10.82990000      0.00000000      0.00000000      0.00000000      0.00000000      0.00000000      0.00000000      0.00000000      0.00000000      0.00000000      0.00000000
     10.87990000      0.00000000      0.00000000      0.00000000      0.00000000      0.00000000      0.00000000      0.00000000      0.00000000      0.00000000      0.00000000
     10.92990000      0.00000000      0.00000000      0.00000000      0.00000000      0.00000000      0.00000000      0.00000000      0.00000000      0.00000000      0.00000000
     10.97990000      0.00000000      0.00000000      0.00000000      0.00000000      0.00000000      0.00000000      0.00000000      0.00000000      0.00000000      0.00000000
     11.02990000      0.00000000      0.00000000      0.00000000      0.00000000      0.00000000      0.00000000      0.00000000      0.00000000      0.00000000      0.00000000
     11.07990000      0.00000000      0.00000000      0.00000000      0.00000000      0.00000000      0.00000000      0.00000000      0.00000000      0.00000000      0.00000000
     11.12990000      0.00000000      0.00000000      0.00000000      0.00000000      0.00000000      0.00000000      0.00000000      0.00000000      0.00000000      0.00000000
     11.17990000      0.00000000      0.00000000      0.00000000      0.00000000      0.00000000      0.00000000      0.00000000      0.00000000      0.00000000      0.00000000
     11.22990000      0.00000000      0.00000000      0.00000000      0.00000000      0.00000000      0.00000000      0.00000000      0.00000000      0.00000000      0.00000000
     11.27990000      0.00000000      0.00000000      0.00000000      0.00000000      0.00000000      0.00000000      0.00000000      0.00000000      0.00000000      0.00000000
     11.32990000      0.00000000      0.00000000      0.00000000      0.00000000      0.00000000      0.00000000      0.00000000      0.00000000      0.00000000      0.00000000
     11.37990000      0.00000000      0.00000000      0.00000000      0.00000000      0.00000000      0.00000000      0.00000000      0.00000000      0.00000000      0.00000000
     11.42990000      0.00000000      0.00000000      0.00000000      0.00000000      0.00000000      0.00000000      0.00000000      0.00000000      0.00000000      0.00000000
     11.47990000      0.00000000      0.00000000      0.00000000      0.00000000      0.00000000      0.00000000      0.00000000      0.00000000      0.00000000      0.00000000
     11.52990000      0.00000000      0.00000000      0.00000000      0.00000000      0.00000000      0.00000000      0.00000000      0.00000000      0.00000000      0.00000000
     11.57990000      0.00000000      0.00000000      0.00000000      0.00000000      0.00000000      0.00000000      0.00000000      0.00000000      0.00000000      0.00000000
     11.62990000      0.00000000      0.00000000      0.00000000      0.00000000      0.00000000      0.00000000      0.00000000      0.00000000      0.00000000      0.00000000
     11.67990000      0.00000000      0.00000000      0.00000000      0.00000000      0.00000000      0.00000000      0.00000000      0.00000000      0.00000000      0.00000000
     11.72990000      0.00000000      0.00000000      0.00000000      0.00000000      0.00000000      0.00000000      0.00000000      0.00000000      0.00000000      0.00000000
     11.77990000      0.00000000      0.00000000      0.00000000      0.00000000      0.00000000      0.00000000      0.00000000      0.00000000      0.00000000      0.00000000
     11.82990000      0.00000000      0.00000000      0.00000000      0.00000000      0.00000000      0.00000000      0.00000000      0.00000000      0.00000000      0.00000000
     11.87990000      0.00000000      0.00000000      0.00000000      0.00000000      0.00000000      0.00000000      0.00000000      0.00000000      0.00000000      0.00000000
     11.92990000      0.00000000      0.00000000      0.00000000      0.00000000      0.00000000      0.00000000      0.00000000      0.00000000      0.00000000      0.00000000
     11.97990000      0.00000000      0.00000000      0.00000000      0.00000000      0.00000000      0.00000000      0.00000000      0.00000000      0.00000000      0.00000000
     12.02990000      0.00000000      0.00000000      0.00000000      0.00000000      0.00000000      0.00000000      0.00000000      0.00000000      0.00000000      0.00000000
     12.07990000      0.00000000      0.00000000      0.00000000      0.00000000      0.00000000      0.00000000      0.00000000      0.00000000      0.00000000      0.00000000
     12.12990000      0.00000000      0.00000000      0.00000000      0.00000000      0.00000000      0.00000000      0.00000000      0.00000000      0.00000000      0.00000000
     12.17990000      0.00000000      0.00000000      0.00000000      0.00000000      0.00000000      0.00000000      0.00000000      0.00000000      0.00000000      0.00000000
     12.22990000      0.00000000      0.00000000      0.00000000      0.00000000      0.00000000      0.00000000      0.00000000      0.00000000      0.00000000      0.00000000
     12.27990000      0.00000000      0.00000000      0.00000000      0.00000000      0.00000000      0.00000000      0.00000000      0.00000000      0.00000000      0.00000000
     12.32990000      0.00000000      0.00000000      0.00000000      0.00000000      0.00000000      0.00000000      0.00000000      0.00000000      0.00000000      0.00000000
     12.37990000      0.00000000      0.00000000      0.00000000      0.00000000      0.00000000      0.00000000      0.00000000      0.00000000      0.00000000      0.00000000
     12.42990000      0.00000000      0.00000000      0.00000000      0.00000000      0.00000000      0.00000000      0.00000000      0.00000000      0.00000000      0.00000000
     12.47990000      0.00000000      0.00000000      0.00000000      0.00000000      0.00000000      0.00000000      0.00000000      0.00000000      0.00000000      0.00000000
     12.52990000      0.00000000      0.00000000      0.00000000      0.00000000      0.00000000      0.00000000      0.00000000      0.00000000      0.00000000      0.00000000
     12.57990000      0.00000000      0.00000000      0.00000000      0.00000000      0.00000000      0.00000000      0.00000000      0.00000000      0.00000000      0.00000000
     12.62990000      0.00000000      0.00000000      0.00000000      0.00000000      0.00000000      0.00000000      0.00000000      0.00000000      0.00000000      0.00000000
     12.67990000      0.00000000      0.00000000      0.00000000      0.00000000      0.00000000      0.00000000      0.00000000      0.00000000      0.00000000      0.00000000
     12.72990000      0.00000000      0.00000000      0.00000000      0.00000000      0.00000000      0.00000000      0.00000000      0.00000000      0.00000000      0.00000000
