      Energy(eV)          s               py              pz              px              dxy             dyz             dz2             dxz            dx2-y2            tot 
     -6.96860000      0.26010000      0.51550000      0.10970000      0.32760000      0.00000000      0.00000000      0.00000000      0.00000000      0.00000000      1.21290000
     -6.91860000      0.28000000      0.56190000      0.12730000      0.35640000      0.00000000      0.00000000      0.00000000      0.00000000      0.00000000      1.32560000
     -6.86860000      0.07530000      0.16200000      0.04990000      0.10250000      0.00000000      0.00000000      0.00000000      0.00000000      0.00000000      0.38970000
     -6.81860000      0.08070000      0.20670000      0.10400000      0.12950000      0.00000000      0.00000000      0.00000000      0.00000000      0.00000000      0.52090000
     -6.76860000      0.07300000      0.18370000      0.09160000      0.11470000      0.00000000      0.00000000      0.00000000      0.00000000      0.00000000      0.46300000
     -6.71860000      0.01440000      0.03500000      0.01650000      0.02180000      0.00000000      0.00000000      0.00000000      0.00000000      0.00000000      0.08770000
     -6.66860000      0.00060000      0.00140000      0.00060000      0.00090000      0.00000000      0.00000000      0.00000000      0.00000000      0.00000000      0.00350000
     -6.61860000      0.00050000      0.00210000      0.00290000      0.00140000      0.00000000      0.00000000      0.00000000      0.00000000      0.00000000      0.00690000
     -6.56860000      0.00470000      0.02030000      0.03200000      0.01330000      0.00000000      0.00000000      0.00000000      0.00000000      0.00000000      0.07030000
     -6.51860000      0.00810000      0.03890000      0.06500000      0.02540000      0.00000000      0.00000000      0.00000000      0.00000000      0.00000000      0.13740000
     -6.46860000      0.00280000      0.01790000      0.02430000      0.01490000      0.00000000      0.00000000      0.00000000      0.00000000      0.00000000      0.05990000
     -6.41860000      0.00020000      0.18620000      0.00320000      0.28040000      0.00000000      0.00000000      0.00000000      0.00000000      0.00000000      0.47000000
     -6.36860000      0.00080000      1.50870000      0.01340000      2.27790000      0.00000000      0.00000000      0.00000000      0.00000000      0.00000000      3.80080000
     -6.31860000      0.00130000      2.20090000      0.02150000      3.32140000      0.00000000      0.00000000      0.00000000      0.00000000      0.00000000      5.54510000
     -6.26860000      0.00050000      0.59780000      0.00970000      0.90010000      0.00000000      0.00000000      0.00000000      0.00000000      0.00000000      1.50810000
     -6.21860000      0.00030000      0.04720000      0.00610000      0.07050000      0.00000000      0.00000000      0.00000000      0.00000000      0.00000000      0.12410000
     -6.16860000      0.00030000      0.00800000      0.01190000      0.01140000      0.00000000      0.00000000      0.00000000      0.00000000      0.00000000      0.03160000
     -6.11860000      0.00180000      0.01140000      0.11480000      0.00660000      0.00000000      0.00000000      0.00000000      0.00000000      0.00000000      0.13460000
     -6.06860000      0.00530000      0.03320000      0.33190000      0.01780000      0.00000000      0.00000000      0.00000000      0.00000000      0.00000000      0.38820000
     -6.01860000      0.00800000      0.05020000      0.39970000      0.02500000      0.00000000      0.00000000      0.00000000      0.00000000      0.00000000      0.48290000
     -5.96860000      0.01100000      0.06960000      0.48990000      0.03330000      0.00000000      0.00000000      0.00000000      0.00000000      0.00000000      0.60380000
     -5.91860000      0.00390000      0.02430000      0.16960000      0.01160000      0.00000000      0.00000000      0.00000000      0.00000000      0.00000000      0.20940000
     -5.86860000      0.00030000      0.00150000      0.01050000      0.00070000      0.00000000      0.00000000      0.00000000      0.00000000      0.00000000      0.01300000
     -5.81860000      0.00000000      0.00000000      0.00010000      0.00000000      0.00000000      0.00000000      0.00000000      0.00000000      0.00000000      0.00010000
     -5.76860000      0.00000000      0.00000000      0.00000000      0.00000000      0.00000000      0.00000000      0.00000000      0.00000000      0.00000000      0.00000000
     -5.71860000      0.00000000      0.00000000      0.00000000      0.00000000      0.00000000      0.00000000      0.00000000      0.00000000      0.00000000      0.00000000
     -5.66860000      0.00000000      0.00000000      0.00000000      0.00000000      0.00000000      0.00000000      0.00000000      0.00000000      0.00000000      0.00000000
     -5.61860000      0.00000000      0.00000000      0.00000000      0.00000000      0.00000000      0.00000000      0.00000000      0.00000000      0.00000000      0.00000000
     -5.56860000      0.00000000      0.00000000      0.00000000      0.00000000      0.00000000      0.00000000      0.00000000      0.00000000      0.00000000      0.00000000
     -5.51860000      0.00000000      0.00000000      0.00000000      0.00000000      0.00000000      0.00000000      0.00000000      0.00000000      0.00000000      0.00000000
     -5.46860000      0.00000000      0.00000000      0.00000000      0.00000000      0.00000000      0.00000000      0.00000000      0.00000000      0.00000000      0.00000000
     -5.41860000      0.00000000      0.00000000      0.00000000      0.00000000      0.00000000      0.00000000      0.00000000      0.00000000      0.00000000      0.00000000
     -5.36860000      0.00000000      0.00000000      0.00040000      0.00000000      0.00000000      0.00000000      0.00000000      0.00000000      0.00000000      0.00040000
     -5.31860000      0.00000000      0.00160000      0.03430000      0.00120000      0.00000000      0.00000000      0.00000000      0.00000000      0.00000000      0.03710000
     -5.26860000      0.00070000      0.02310000      0.48510000      0.01590000      0.00000000      0.00000000      0.00000000      0.00000000      0.00000000      0.52480000
     -5.21860000      0.00260000      0.06050000      1.28030000      0.04260000      0.00000000      0.00000000      0.00000000      0.00000000      0.00000000      1.38600000
     -5.16860000      0.00530000      0.04320000      0.95360000      0.03370000      0.00000000      0.00000000      0.00000000      0.00000000      0.00000000      1.03580000
     -5.11860000      0.00390000      0.01660000      0.39210000      0.01470000      0.00000000      0.00000000      0.00000000      0.00000000      0.00000000      0.42730000
     -5.06860000      0.00070000      0.00230000      0.05630000      0.00210000      0.00000000      0.00000000      0.00000000      0.00000000      0.00000000      0.06140000
     -5.01860000      0.00000000      0.00030000      0.00320000      0.00020000      0.00000000      0.00000000      0.00000000      0.00000000      0.00000000      0.00370000
     -4.96860000      0.00020000      0.01450000      0.11170000      0.01010000      0.00000000      0.00000000      0.00000000      0.00000000      0.00000000      0.13650000
     -4.91860000      0.00230000      0.15580000      1.20010000      0.10840000      0.00000000      0.00000000      0.00000000      0.00000000      0.00000000      1.46660000
     -4.86860000      0.00440000      0.29660000      2.28470000      0.20640000      0.00000000      0.00000000      0.00000000      0.00000000      0.00000000      2.79210000
     -4.81860000      0.00150000      0.10340000      0.79640000      0.07200000      0.00000000      0.00000000      0.00000000      0.00000000      0.00000000      0.97330000
     -4.76860000      0.00010000      0.00630000      0.04830000      0.00440000      0.00000000      0.00000000      0.00000000      0.00000000      0.00000000      0.05910000
     -4.71860000      0.00000000      0.00000000      0.00050000      0.00000000      0.00000000      0.00000000      0.00000000      0.00000000      0.00000000      0.00050000
     -4.66860000      0.00000000      0.00000000      0.00000000      0.00000000      0.00000000      0.00000000      0.00000000      0.00000000      0.00000000      0.00000000
     -4.61860000      0.00000000      0.00000000      0.00000000      0.00000000      0.00000000      0.00000000      0.00000000      0.00000000      0.00000000      0.00000000
     -4.56860000      0.00000000      0.00000000      0.00000000      0.00000000      0.00000000      0.00000000      0.00000000      0.00000000      0.00000000      0.00000000
     -4.51860000      0.00000000      0.00000000      0.00000000      0.00000000      0.00000000      0.00000000      0.00000000      0.00000000      0.00000000      0.00000000
     -4.46860000      0.00000000      0.00000000      0.00000000      0.00000000      0.00000000      0.00000000      0.00000000      0.00000000      0.00000000      0.00000000
     -4.41860000      0.00000000      0.00000000      0.00000000      0.00000000      0.00000000      0.00000000      0.00000000      0.00000000      0.00000000      0.00000000
     -4.36860000      0.00000000      0.00000000      0.00000000      0.00000000      0.00000000      0.00000000      0.00000000      0.00000000      0.00000000      0.00000000
     -4.31860000      0.00000000      0.00000000      0.00000000      0.00000000      0.00000000      0.00000000      0.00000000      0.00000000      0.00000000      0.00000000
     -4.26860000      0.00000000      0.00000000      0.00000000      0.00010000      0.00000000      0.00000000      0.00000000      0.00000000      0.00000000      0.00010000
     -4.21860000      0.00000000      0.00610000      0.00000000      0.01020000      0.00000000      0.00000000      0.00000000      0.00000000      0.00000000      0.01630000
     -4.16860000      0.00020000      0.17170000      0.00210000      0.28610000      0.00000000      0.00000000      0.00000000      0.00000000      0.00000000      0.46010000
     -4.11860000      0.00160000      0.96560000      0.01720000      1.60280000      0.00000000      0.00000000      0.00000000      0.00000000      0.00000000      2.58720000
     -4.06860000      0.00310000      1.65970000      0.02970000      2.72540000      0.00000000      0.00000000      0.00000000      0.00000000      0.00000000      4.41790000
     -4.01860000      0.00140000      1.01430000      0.01090000      1.65110000      0.00000000      0.00000000      0.00000000      0.00000000      0.00000000      2.67770000
     -3.96860000      0.00020000      0.15150000      0.00090000      0.24580000      0.00000000      0.00000000      0.00000000      0.00000000      0.00000000      0.39840000
     -3.91860000      0.00010000      0.00610000      0.00080000      0.00880000      0.00000000      0.00000000      0.00000000      0.00000000      0.00000000      0.01580000
     -3.86860000      0.00060000      0.02020000      0.00450000      0.02500000      0.00000000      0.00000000      0.00000000      0.00000000      0.00000000      0.05030000
     -3.81860000      0.00070000      0.04490000      0.00820000      0.06070000      0.00000000      0.00000000      0.00000000      0.00000000      0.00000000      0.11450000
     -3.76860000      0.00150000      0.04210000      0.09030000      0.06000000      0.00000000      0.00000000      0.00000000      0.00000000      0.00000000      0.19390000
     -3.71860000      0.00710000      0.02340000      0.49890000      0.03690000      0.00000000      0.00000000      0.00000000      0.00000000      0.00000000      0.56630000
     -3.66860000      0.00820000      0.10740000      0.67660000      0.08210000      0.00000000      0.00000000      0.00000000      0.00000000      0.00000000      0.87430000
     -3.61860000      0.00870000      0.73370000      1.35410000      0.50490000      0.00000000      0.00000000      0.00000000      0.00000000      0.00000000      2.60140000
     -3.56860000      0.00980000      0.94200000      1.62910000      0.64740000      0.00000000      0.00000000      0.00000000      0.00000000      0.00000000      3.22830000
     -3.51860000      0.00350000      0.22840000      0.41970000      0.16010000      0.00000000      0.00000000      0.00000000      0.00000000      0.00000000      0.81170000
     -3.46860000      0.00170000      0.01580000      0.08830000      0.01490000      0.00000000      0.00000000      0.00000000      0.00000000      0.00000000      0.12070000
     -3.41860000      0.00090000      0.00310000      0.04550000      0.00420000      0.00000000      0.00000000      0.00000000      0.00000000      0.00000000      0.05370000
     -3.36860000      0.00010000      0.00070000      0.00630000      0.00070000      0.00000000      0.00000000      0.00000000      0.00000000      0.00000000      0.00780000
     -3.31860000      0.00020000      0.00150000      0.00260000      0.00070000      0.00000000      0.00000000      0.00000000      0.00000000      0.00000000      0.00500000
     -3.26860000      0.00200000      0.01150000      0.02000000      0.00540000      0.00000000      0.00000000      0.00000000      0.00000000      0.00000000      0.03890000
     -3.21860000      0.00320000      0.02820000      0.03410000      0.01450000      0.00000000      0.00000000      0.00000000      0.00000000      0.00000000      0.08000000
     -3.16860000      0.00210000      0.06020000      0.02510000      0.03880000      0.00000000      0.00000000      0.00000000      0.00000000      0.00000000      0.12620000
     -3.11860000      0.00340000      0.07790000      0.05310000      0.05350000      0.00000000      0.00000000      0.00000000      0.00000000      0.00000000      0.18790000
     -3.06860000      0.00460000      0.05460000      0.07710000      0.04000000      0.00000000      0.00000000      0.00000000      0.00000000      0.00000000      0.17630000
     -3.01860000      0.00400000      0.09350000      0.07480000      0.07350000      0.00000000      0.00000000      0.00000000      0.00000000      0.00000000      0.24580000
     -2.96860000      0.00840000      0.12620000      0.09310000      0.08810000      0.00000000      0.00000000      0.00000000      0.00000000      0.00000000      0.31580000
     -2.91860000      0.00840000      0.06100000      0.06210000      0.03510000      0.00000000      0.00000000      0.00000000      0.00000000      0.00000000      0.16660000
     -2.86860000      0.00190000      0.01050000      0.01080000      0.00940000      0.00000000      0.00000000      0.00000000      0.00000000      0.00000000      0.03260000
     -2.81860000      0.00020000      0.01240000      0.00180000      0.03170000      0.00000000      0.00000000      0.00000000      0.00000000      0.00000000      0.04610000
     -2.76860000      0.00020000      0.01430000      0.00170000      0.03720000      0.00000000      0.00000000      0.00000000      0.00000000      0.00000000      0.05340000
     -2.71860000      0.00000000      0.00360000      0.00040000      0.00830000      0.00000000      0.00000000      0.00000000      0.00000000      0.00000000      0.01230000
     -2.66860000      0.00030000      0.01480000      0.00050000      0.00990000      0.00000000      0.00000000      0.00000000      0.00000000      0.00000000      0.02550000
     -2.61860000      0.00230000      0.08370000      0.00580000      0.05380000      0.00000000      0.00000000      0.00000000      0.00000000      0.00000000      0.14560000
     -2.56860000      0.00550000      0.11960000      0.02860000      0.06990000      0.00000000      0.00000000      0.00000000      0.00000000      0.00000000      0.22360000
     -2.51860000      0.00550000      0.07410000      0.03670000      0.03540000      0.00000000      0.00000000      0.00000000      0.00000000      0.00000000      0.15170000
     -2.46860000      0.00160000      0.01800000      0.00960000      0.00810000      0.00000000      0.00000000      0.00000000      0.00000000      0.00000000      0.03730000
     -2.41860000      0.00600000      0.07170000      0.01450000      0.03980000      0.00000000      0.00000000      0.00000000      0.00000000      0.00000000      0.13200000
     -2.36860000      0.03150000      0.37490000      0.07500000      0.20860000      0.00000000      0.00000000      0.00000000      0.00000000      0.00000000      0.69000000
     -2.31860000      0.03140000      0.36610000      0.07870000      0.20310000      0.00000000      0.00000000      0.00000000      0.00000000      0.00000000      0.67930000
     -2.26860000      0.01900000      0.13890000      0.08070000      0.06870000      0.00000000      0.00000000      0.00000000      0.00000000      0.00000000      0.30730000
     -2.21860000      0.02710000      0.15310000      0.13480000      0.06770000      0.00000000      0.00000000      0.00000000      0.00000000      0.00000000      0.38270000
     -2.16860000      0.01410000      0.07490000      0.07270000      0.03270000      0.00000000      0.00000000      0.00000000      0.00000000      0.00000000      0.19440000
     -2.11860000      0.00590000      0.02580000      0.02290000      0.01190000      0.00000000      0.00000000      0.00000000      0.00000000      0.00000000      0.06650000
     -2.06860000      0.00700000      0.05830000      0.02460000      0.02740000      0.00000000      0.00000000      0.00000000      0.00000000      0.00000000      0.11730000
     -2.01860000      0.01320000      0.14240000      0.05560000      0.06560000      0.00000000      0.00000000      0.00000000      0.00000000      0.00000000      0.27680000
     -1.96860000      0.00670000      0.07560000      0.02880000      0.03500000      0.00000000      0.00000000      0.00000000      0.00000000      0.00000000      0.14610000
     -1.91860000      0.00110000      0.01680000      0.00560000      0.00970000      0.00000000      0.00000000      0.00000000      0.00000000      0.00000000      0.03320000
     -1.86860000      0.00210000      0.01650000      0.00650000      0.01110000      0.00000000      0.00000000      0.00000000      0.00000000      0.00000000      0.03620000
     -1.81860000      0.00520000      0.02630000      0.01250000      0.01600000      0.00000000      0.00000000      0.00000000      0.00000000      0.00000000      0.06000000
     -1.76860000      0.00460000      0.02730000      0.00970000      0.01540000      0.00000000      0.00000000      0.00000000      0.00000000      0.00000000      0.05700000
     -1.71860000      0.01410000      0.05290000      0.00360000      0.03530000      0.00000000      0.00000000      0.00000000      0.00000000      0.00000000      0.10590000
     -1.66860000      0.03090000      0.10820000      0.00370000      0.07420000      0.00000000      0.00000000      0.00000000      0.00000000      0.00000000      0.21700000
     -1.61860000      0.01290000      0.04520000      0.00150000      0.03100000      0.00000000      0.00000000      0.00000000      0.00000000      0.00000000      0.09060000
     -1.56860000      0.00100000      0.00350000      0.00010000      0.00260000      0.00000000      0.00000000      0.00000000      0.00000000      0.00000000      0.00720000
     -1.51860000      0.00040000      0.00160000      0.00040000      0.00290000      0.00000000      0.00000000      0.00000000      0.00000000      0.00000000      0.00530000
     -1.46860000      0.00060000      0.00250000      0.00070000      0.00490000      0.00000000      0.00000000      0.00000000      0.00000000      0.00000000      0.00870000
     -1.41860000      0.00010000      0.00070000      0.00020000      0.00150000      0.00000000      0.00000000      0.00000000      0.00000000      0.00000000      0.00250000
     -1.36860000      0.00000000      0.00000000      0.00000000      0.00010000      0.00000000      0.00000000      0.00000000      0.00000000      0.00000000      0.00010000
     -1.31860000      0.00000000      0.00020000      0.00040000      0.00010000      0.00000000      0.00000000      0.00000000      0.00000000      0.00000000      0.00070000
     -1.26860000      0.00060000      0.00160000      0.00490000      0.00150000      0.00000000      0.00000000      0.00000000      0.00000000      0.00000000      0.00860000
     -1.21860000      0.00340000      0.00520000      0.01470000      0.00320000      0.00000000      0.00000000      0.00000000      0.00000000      0.00000000      0.02650000
     -1.16860000      0.00680000      0.00790000      0.01910000      0.00310000      0.00000000      0.00000000      0.00000000      0.00000000      0.00000000      0.03690000
     -1.11860000      0.00310000      0.00520000      0.00880000      0.00260000      0.00000000      0.00000000      0.00000000      0.00000000      0.00000000      0.01970000
     -1.06860000      0.00070000      0.00170000      0.00260000      0.00110000      0.00000000      0.00000000      0.00000000      0.00000000      0.00000000      0.00610000
     -1.01860000      0.00100000      0.00110000      0.00300000      0.00120000      0.00000000      0.00000000      0.00000000      0.00000000      0.00000000      0.00630000
     -0.96860000      0.00140000      0.00100000      0.00730000      0.00130000      0.00000000      0.00000000      0.00000000      0.00000000      0.00000000      0.01100000
     -0.91860000      0.00350000      0.00220000      0.02210000      0.00290000      0.00000000      0.00000000      0.00000000      0.00000000      0.00000000      0.03070000
     -0.86860000      0.00500000      0.00500000      0.03540000      0.00720000      0.00000000      0.00000000      0.00000000      0.00000000      0.00000000      0.05260000
     -0.81860000      0.00900000      0.00780000      0.06350000      0.01290000      0.00000000      0.00000000      0.00000000      0.00000000      0.00000000      0.09320000
     -0.76860000      0.00900000      0.00680000      0.06170000      0.01070000      0.00000000      0.00000000      0.00000000      0.00000000      0.00000000      0.08820000
     -0.71860000      0.00330000      0.00790000      0.02630000      0.00850000      0.00000000      0.00000000      0.00000000      0.00000000      0.00000000      0.04600000
     -0.66860000      0.00120000      0.00790000      0.01460000      0.00820000      0.00000000      0.00000000      0.00000000      0.00000000      0.00000000      0.03190000
     -0.61860000      0.00040000      0.00210000      0.00430000      0.00250000      0.00000000      0.00000000      0.00000000      0.00000000      0.00000000      0.00930000
     -0.56860000      0.00140000      0.00110000      0.01050000      0.00180000      0.00000000      0.00000000      0.00000000      0.00000000      0.00000000      0.01480000
     -0.51860000      0.00300000      0.00230000      0.02160000      0.00360000      0.00000000      0.00000000      0.00000000      0.00000000      0.00000000      0.03050000
     -0.46860000      0.00270000      0.00280000      0.02020000      0.00380000      0.00000000      0.00000000      0.00000000      0.00000000      0.00000000      0.02950000
     -0.41860000      0.00280000      0.00380000      0.02190000      0.00470000      0.00000000      0.00000000      0.00000000      0.00000000      0.00000000      0.03320000
     -0.36860000      0.00350000      0.00450000      0.03190000      0.00760000      0.00000000      0.00000000      0.00000000      0.00000000      0.00000000      0.04750000
     -0.31860000      0.00410000      0.00620000      0.03950000      0.01040000      0.00000000      0.00000000      0.00000000      0.00000000      0.00000000      0.06020000
     -0.26860000      0.00410000      0.00580000      0.03570000      0.00820000      0.00000000      0.00000000      0.00000000      0.00000000      0.00000000      0.05380000
     -0.21860000      0.00300000      0.00320000      0.02490000      0.00480000      0.00000000      0.00000000      0.00000000      0.00000000      0.00000000      0.03590000
     -0.16860000      0.00390000      0.00260000      0.02220000      0.00260000      0.00000000      0.00000000      0.00000000      0.00000000      0.00000000      0.03130000
     -0.11860000      0.00570000      0.00250000      0.02140000      0.00150000      0.00000000      0.00000000      0.00000000      0.00000000      0.00000000      0.03110000
     -0.06860000      0.00330000      0.00090000      0.01130000      0.00100000      0.00000000      0.00000000      0.00000000      0.00000000      0.00000000      0.01650000
     -0.01860000      0.00050000      0.00070000      0.00290000      0.00090000      0.00000000      0.00000000      0.00000000      0.00000000      0.00000000      0.00500000
      0.03140000      0.00010000      0.00080000      0.00210000      0.00100000      0.00000000      0.00000000      0.00000000      0.00000000      0.00000000      0.00400000
      0.08140000      0.00000000      0.00020000      0.00060000      0.00020000      0.00000000      0.00000000      0.00000000      0.00000000      0.00000000      0.00100000
      0.13140000      0.00000000      0.00000000      0.00000000      0.00000000      0.00000000      0.00000000      0.00000000      0.00000000      0.00000000      0.00000000
      0.18140000      0.00000000      0.00000000      0.00000000      0.00000000      0.00000000      0.00000000      0.00000000      0.00000000      0.00000000      0.00000000
      0.23140000      0.00000000      0.00000000      0.00000000      0.00000000      0.00000000      0.00000000      0.00000000      0.00000000      0.00000000      0.00000000
      0.28140000      0.00000000      0.00000000      0.00010000      0.00000000      0.00000000      0.00000000      0.00000000      0.00000000      0.00000000      0.00010000
      0.33140000      0.00010000      0.00000000      0.00020000      0.00010000      0.00000000      0.00000000      0.00000000      0.00000000      0.00000000      0.00040000
      0.38140000      0.00000000      0.00000000      0.00010000      0.00000000      0.00000000      0.00000000      0.00000000      0.00000000      0.00000000      0.00010000
      0.43140000      0.00000000      0.00000000      0.00000000      0.00000000      0.00000000      0.00000000      0.00000000      0.00000000      0.00000000      0.00000000
      0.48140000      0.00000000      0.00000000      0.00000000      0.00000000      0.00000000      0.00000000      0.00000000      0.00000000      0.00000000      0.00000000
      0.53140000      0.00000000      0.00000000      0.00000000      0.00000000      0.00000000      0.00000000      0.00000000      0.00000000      0.00000000      0.00000000
      0.58140000      0.00000000      0.00000000      0.00000000      0.00000000      0.00000000      0.00000000      0.00000000      0.00000000      0.00000000      0.00000000
      0.63140000      0.00000000      0.00000000      0.00000000      0.00000000      0.00000000      0.00000000      0.00000000      0.00000000      0.00000000      0.00000000
      0.68140000      0.00000000      0.00000000      0.00000000      0.00000000      0.00000000      0.00000000      0.00000000      0.00000000      0.00000000      0.00000000
      0.73140000      0.00000000      0.00000000      0.00000000      0.00000000      0.00000000      0.00000000      0.00000000      0.00000000      0.00000000      0.00000000
      0.78140000      0.00000000      0.00000000      0.00000000      0.00000000      0.00000000      0.00000000      0.00000000      0.00000000      0.00000000      0.00000000
      0.83140000      0.00000000      0.00000000      0.00000000      0.00000000      0.00000000      0.00000000      0.00000000      0.00000000      0.00000000      0.00000000
      0.88140000      0.00000000      0.00000000      0.00000000      0.00000000      0.00000000      0.00000000      0.00000000      0.00000000      0.00000000      0.00000000
      0.93140000      0.00020000      0.00020000      0.00050000      0.00020000      0.00000000      0.00000000      0.00000000      0.00000000      0.00000000      0.00110000
      0.98140000      0.00060000      0.00040000      0.00150000      0.00050000      0.00000000      0.00000000      0.00000000      0.00000000      0.00000000      0.00300000
      1.03140000      0.00040000      0.00030000      0.00120000      0.00020000      0.00000000      0.00000000      0.00000000      0.00000000      0.00000000      0.00210000
      1.08140000      0.00030000      0.00020000      0.00080000      0.00020000      0.00000000      0.00000000      0.00000000      0.00000000      0.00000000      0.00150000
      1.13140000      0.00010000      0.00010000      0.00030000      0.00000000      0.00000000      0.00000000      0.00000000      0.00000000      0.00000000      0.00050000
      1.18140000      0.00000000      0.00000000      0.00000000      0.00000000      0.00000000      0.00000000      0.00000000      0.00000000      0.00000000      0.00000000
      1.23140000      0.00000000      0.00000000      0.00000000      0.00000000      0.00000000      0.00000000      0.00000000      0.00000000      0.00000000      0.00000000
      1.28140000      0.00000000      0.00000000      0.00000000      0.00000000      0.00000000      0.00000000      0.00000000      0.00000000      0.00000000      0.00000000
      1.33140000      0.00020000      0.00000000      0.00000000      0.00000000      0.00000000      0.00000000      0.00000000      0.00000000      0.00000000      0.00020000
      1.38140000      0.00130000      0.00070000      0.00050000      0.00010000      0.00000000      0.00000000      0.00000000      0.00000000      0.00000000      0.00260000
      1.43140000      0.00230000      0.00130000      0.00100000      0.00010000      0.00000000      0.00000000      0.00000000      0.00000000      0.00000000      0.00470000
      1.48140000      0.00080000      0.00050000      0.00030000      0.00010000      0.00000000      0.00000000      0.00000000      0.00000000      0.00000000      0.00170000
      1.53140000      0.00000000      0.00000000      0.00000000      0.00000000      0.00000000      0.00000000      0.00000000      0.00000000      0.00000000      0.00000000
      1.58140000      0.00000000      0.00000000      0.00000000      0.00000000      0.00000000      0.00000000      0.00000000      0.00000000      0.00000000      0.00000000
      1.63140000      0.00000000      0.00020000      0.00000000      0.00040000      0.00000000      0.00000000      0.00000000      0.00000000      0.00000000      0.00060000
      1.68140000      0.00010000      0.00130000      0.00000000      0.00190000      0.00000000      0.00000000      0.00000000      0.00000000      0.00000000      0.00330000
      1.73140000      0.00010000      0.00110000      0.00000000      0.00170000      0.00000000      0.00000000      0.00000000      0.00000000      0.00000000      0.00290000
      1.78140000      0.00000000      0.00020000      0.00000000      0.00020000      0.00000000      0.00000000      0.00000000      0.00000000      0.00000000      0.00040000
      1.83140000      0.00050000      0.00030000      0.00030000      0.00030000      0.00000000      0.00000000      0.00000000      0.00000000      0.00000000      0.00140000
      1.88140000      0.00340000      0.00220000      0.00200000      0.00170000      0.00000000      0.00000000      0.00000000      0.00000000      0.00000000      0.00930000
      1.93140000      0.00420000      0.00270000      0.00250000      0.00210000      0.00000000      0.00000000      0.00000000      0.00000000      0.00000000      0.01150000
      1.98140000      0.00090000      0.00060000      0.00050000      0.00040000      0.00000000      0.00000000      0.00000000      0.00000000      0.00000000      0.00240000
      2.03140000      0.00000000      0.00000000      0.00000000      0.00000000      0.00000000      0.00000000      0.00000000      0.00000000      0.00000000      0.00000000
      2.08140000      0.00000000      0.00000000      0.00000000      0.00000000      0.00000000      0.00000000      0.00000000      0.00000000      0.00000000      0.00000000
      2.13140000      0.00000000      0.00000000      0.00000000      0.00000000      0.00000000      0.00000000      0.00000000      0.00000000      0.00000000      0.00000000
      2.18140000      0.00000000      0.00030000      0.00000000      0.00040000      0.00000000      0.00000000      0.00000000      0.00000000      0.00000000      0.00070000
      2.23140000      0.00040000      0.00240000      0.00030000      0.00300000      0.00000000      0.00000000      0.00000000      0.00000000      0.00000000      0.00610000
      2.28140000      0.00200000      0.00420000      0.00140000      0.00430000      0.00000000      0.00000000      0.00000000      0.00000000      0.00000000      0.01190000
      2.33140000      0.00320000      0.00300000      0.00200000      0.00180000      0.00000000      0.00000000      0.00000000      0.00000000      0.00000000      0.01000000
      2.38140000      0.00310000      0.00190000      0.00120000      0.00030000      0.00000000      0.00000000      0.00000000      0.00000000      0.00000000      0.00650000
      2.43140000      0.00130000      0.00080000      0.00040000      0.00020000      0.00000000      0.00000000      0.00000000      0.00000000      0.00000000      0.00270000
      2.48140000      0.00030000      0.00060000      0.00050000      0.00070000      0.00000000      0.00000000      0.00000000      0.00000000      0.00000000      0.00210000
      2.53140000      0.00030000      0.00050000      0.00040000      0.00070000      0.00000000      0.00000000      0.00000000      0.00000000      0.00000000      0.00190000
      2.58140000      0.00000000      0.00010000      0.00000000      0.00010000      0.00000000      0.00000000      0.00000000      0.00000000      0.00000000      0.00020000
      2.63140000      0.00000000      0.00000000      0.00000000      0.00000000      0.00000000      0.00000000      0.00000000      0.00000000      0.00000000      0.00000000
      2.68140000      0.00000000      0.00000000      0.00000000      0.00000000      0.00000000      0.00000000      0.00000000      0.00000000      0.00000000      0.00000000
      2.73140000      0.00000000      0.00000000      0.00000000      0.00000000      0.00000000      0.00000000      0.00000000      0.00000000      0.00000000      0.00000000
      2.78140000      0.00000000      0.00000000      0.00000000      0.00000000      0.00000000      0.00000000      0.00000000      0.00000000      0.00000000      0.00000000
      2.83140000      0.00000000      0.00000000      0.00000000      0.00000000      0.00000000      0.00000000      0.00000000      0.00000000      0.00000000      0.00000000
      2.88140000      0.00000000      0.00000000      0.00000000      0.00000000      0.00000000      0.00000000      0.00000000      0.00000000      0.00000000      0.00000000
      2.93140000      0.00000000      0.00000000      0.00000000      0.00000000      0.00000000      0.00000000      0.00000000      0.00000000      0.00000000      0.00000000
      2.98140000      0.00000000      0.00000000      0.00000000      0.00000000      0.00000000      0.00000000      0.00000000      0.00000000      0.00000000      0.00000000
      3.03140000      0.00000000      0.00000000      0.00000000      0.00000000      0.00000000      0.00000000      0.00000000      0.00000000      0.00000000      0.00000000
      3.08140000      0.00300000      0.00330000      0.00120000      0.00120000      0.00000000      0.00000000      0.00000000      0.00000000      0.00000000      0.00870000
      3.13140000      0.03160000      0.03400000      0.01250000      0.01240000      0.00000000      0.00000000      0.00000000      0.00000000      0.00000000      0.09050000
      3.18140000      0.05840000      0.06270000      0.02300000      0.02280000      0.00000000      0.00000000      0.00000000      0.00000000      0.00000000      0.16690000
      3.23140000      0.01970000      0.02120000      0.00780000      0.00770000      0.00000000      0.00000000      0.00000000      0.00000000      0.00000000      0.05640000
      3.28140000      0.00110000      0.00120000      0.00050000      0.00050000      0.00000000      0.00000000      0.00000000      0.00000000      0.00000000      0.00330000
      3.33140000      0.00000000      0.00000000      0.00000000      0.00000000      0.00000000      0.00000000      0.00000000      0.00000000      0.00000000      0.00000000
      3.38140000      0.00000000      0.00010000      0.00000000      0.00010000      0.00000000      0.00000000      0.00000000      0.00000000      0.00000000      0.00020000
      3.43140000      0.00020000      0.01270000      0.00010000      0.01830000      0.00000000      0.00000000      0.00000000      0.00000000      0.00000000      0.03130000
      3.48140000      0.00050000      0.41650000      0.00190000      0.60180000      0.00000000      0.00000000      0.00000000      0.00000000      0.00000000      1.02070000
      3.53140000      0.00050000      2.31190000      0.00980000      3.34140000      0.00000000      0.00000000      0.00000000      0.00000000      0.00000000      5.66360000
      3.58140000      0.00030000      2.32480000      0.00990000      3.36020000      0.00000000      0.00000000      0.00000000      0.00000000      0.00000000      5.69520000
      3.63140000      0.00000000      0.42360000      0.00190000      0.61250000      0.00000000      0.00000000      0.00000000      0.00000000      0.00000000      1.03800000
      3.68140000      0.00050000      0.01400000      0.00110000      0.02190000      0.00000000      0.00000000      0.00000000      0.00000000      0.00000000      0.03750000
      3.73140000      0.00180000      0.00280000      0.00320000      0.00770000      0.00000000      0.00000000      0.00000000      0.00000000      0.00000000      0.01550000
      3.78140000      0.00130000      0.00170000      0.00200000      0.00440000      0.00000000      0.00000000      0.00000000      0.00000000      0.00000000      0.00940000
      3.83140000      0.00020000      0.00030000      0.00020000      0.00060000      0.00000000      0.00000000      0.00000000      0.00000000      0.00000000      0.00130000
      3.88140000      0.00000000      0.00000000      0.00000000      0.00000000      0.00000000      0.00000000      0.00000000      0.00000000      0.00000000      0.00000000
      3.93140000      0.00000000      0.00010000      0.00000000      0.00010000      0.00000000      0.00000000      0.00000000      0.00000000      0.00000000      0.00020000
      3.98140000      0.00000000      0.00370000      0.00000000      0.00530000      0.00000000      0.00000000      0.00000000      0.00000000      0.00000000      0.00900000
      4.03140000      0.00030000      0.03250000      0.00010000      0.04610000      0.00000000      0.00000000      0.00000000      0.00000000      0.00000000      0.07900000
      4.08140000      0.00210000      0.05100000      0.00210000      0.07380000      0.00000000      0.00000000      0.00000000      0.00000000      0.00000000      0.12900000
      4.13140000      0.00520000      0.01730000      0.00580000      0.02840000      0.00000000      0.00000000      0.00000000      0.00000000      0.00000000      0.05670000
      4.18140000      0.00490000      0.00540000      0.00510000      0.00840000      0.00000000      0.00000000      0.00000000      0.00000000      0.00000000      0.02380000
      4.23140000      0.00550000      0.00590000      0.00580000      0.00710000      0.00000000      0.00000000      0.00000000      0.00000000      0.00000000      0.02430000
      4.28140000      0.00210000      0.00290000      0.00270000      0.00330000      0.00000000      0.00000000      0.00000000      0.00000000      0.00000000      0.01100000
      4.33140000      0.00020000      0.00820000      0.00030000      0.01240000      0.00000000      0.00000000      0.00000000      0.00000000      0.00000000      0.02110000
      4.38140000      0.00050000      0.02550000      0.00010000      0.03800000      0.00000000      0.00000000      0.00000000      0.00000000      0.00000000      0.06410000
      4.43140000      0.00110000      0.01580000      0.00040000      0.02210000      0.00000000      0.00000000      0.00000000      0.00000000      0.00000000      0.03940000
      4.48140000      0.00050000      0.00210000      0.00020000      0.00230000      0.00000000      0.00000000      0.00000000      0.00000000      0.00000000      0.00510000
      4.53140000      0.00010000      0.00010000      0.00000000      0.00000000      0.00000000      0.00000000      0.00000000      0.00000000      0.00000000      0.00020000
      4.58140000      0.00010000      0.00010000      0.00000000      0.00010000      0.00000000      0.00000000      0.00000000      0.00000000      0.00000000      0.00030000
      4.63140000      0.00220000      0.00090000      0.00060000      0.00160000      0.00000000      0.00000000      0.00000000      0.00000000      0.00000000      0.00530000
      4.68140000      0.00460000      0.00170000      0.00120000      0.00330000      0.00000000      0.00000000      0.00000000      0.00000000      0.00000000      0.01080000
      4.73140000      0.00170000      0.00070000      0.00040000      0.00130000      0.00000000      0.00000000      0.00000000      0.00000000      0.00000000      0.00410000
      4.78140000      0.00020000      0.00100000      0.00020000      0.00150000      0.00000000      0.00000000      0.00000000      0.00000000      0.00000000      0.00290000
      4.83140000      0.00130000      0.00760000      0.00170000      0.01120000      0.00000000      0.00000000      0.00000000      0.00000000      0.00000000      0.02180000
      4.88140000      0.00500000      0.01130000      0.00420000      0.01690000      0.00000000      0.00000000      0.00000000      0.00000000      0.00000000      0.03740000
      4.93140000      0.00860000      0.00720000      0.00450000      0.00850000      0.00000000      0.00000000      0.00000000      0.00000000      0.00000000      0.02880000
      4.98140000      0.00700000      0.00880000      0.00250000      0.00800000      0.00000000      0.00000000      0.00000000      0.00000000      0.00000000      0.02630000
      5.03140000      0.00160000      0.00800000      0.00050000      0.00960000      0.00000000      0.00000000      0.00000000      0.00000000      0.00000000      0.01970000
      5.08140000      0.00080000      0.00470000      0.00010000      0.00590000      0.00000000      0.00000000      0.00000000      0.00000000      0.00000000      0.01150000
      5.13140000      0.00160000      0.00260000      0.00010000      0.00280000      0.00000000      0.00000000      0.00000000      0.00000000      0.00000000      0.00710000
      5.18140000      0.00080000      0.00050000      0.00000000      0.00050000      0.00000000      0.00000000      0.00000000      0.00000000      0.00000000      0.00180000
      5.23140000      0.00000000      0.00000000      0.00000000      0.00000000      0.00000000      0.00000000      0.00000000      0.00000000      0.00000000      0.00000000
      5.28140000      0.00000000      0.00000000      0.00000000      0.00000000      0.00000000      0.00000000      0.00000000      0.00000000      0.00000000      0.00000000
      5.33140000      0.00000000      0.00000000      0.00000000      0.00000000      0.00000000      0.00000000      0.00000000      0.00000000      0.00000000      0.00000000
      5.38140000      0.00150000      0.00010000      0.00060000      0.00010000      0.00000000      0.00000000      0.00000000      0.00000000      0.00000000      0.00230000
      5.43140000      0.02090000      0.00200000      0.00800000      0.00140000      0.00000000      0.00000000      0.00000000      0.00000000      0.00000000      0.03230000
      5.48140000      0.05170000      0.00570000      0.01980000      0.00510000      0.00000000      0.00000000      0.00000000      0.00000000      0.00000000      0.08230000
      5.53140000      0.02370000      0.00390000      0.00910000      0.00460000      0.00000000      0.00000000      0.00000000      0.00000000      0.00000000      0.04130000
      5.58140000      0.00250000      0.00080000      0.00090000      0.00110000      0.00000000      0.00000000      0.00000000      0.00000000      0.00000000      0.00530000
      5.63140000      0.02570000      0.00280000      0.00790000      0.00150000      0.00000000      0.00000000      0.00000000      0.00000000      0.00000000      0.03790000
      5.68140000      0.23730000      0.02480000      0.07320000      0.01400000      0.00000000      0.00000000      0.00000000      0.00000000      0.00000000      0.34930000
      5.73140000      0.39030000      0.04080000      0.12040000      0.02300000      0.00000000      0.00000000      0.00000000      0.00000000      0.00000000      0.57450000
      5.78140000      0.12320000      0.01280000      0.03740000      0.00730000      0.00000000      0.00000000      0.00000000      0.00000000      0.00000000      0.18070000
      5.83140000      0.04460000      0.00380000      0.00980000      0.00230000      0.00000000      0.00000000      0.00000000      0.00000000      0.00000000      0.06050000
      5.88140000      0.04630000      0.00360000      0.00970000      0.00210000      0.00000000      0.00000000      0.00000000      0.00000000      0.00000000      0.06170000
      5.93140000      0.01030000      0.00080000      0.00230000      0.00060000      0.00000000      0.00000000      0.00000000      0.00000000      0.00000000      0.01400000
      5.98140000      0.00130000      0.00130000      0.00290000      0.00140000      0.00000000      0.00000000      0.00000000      0.00000000      0.00000000      0.00690000
      6.03140000      0.00490000      0.00650000      0.01290000      0.00530000      0.00000000      0.00000000      0.00000000      0.00000000      0.00000000      0.02960000
      6.08140000      0.01230000      0.01640000      0.02830000      0.00960000      0.00000000      0.00000000      0.00000000      0.00000000      0.00000000      0.06660000
      6.13140000      0.01040000      0.01600000      0.02530000      0.00900000      0.00000000      0.00000000      0.00000000      0.00000000      0.00000000      0.06070000
      6.18140000      0.00230000      0.00420000      0.00620000      0.00250000      0.00000000      0.00000000      0.00000000      0.00000000      0.00000000      0.01520000
      6.23140000      0.00020000      0.00040000      0.00030000      0.00030000      0.00000000      0.00000000      0.00000000      0.00000000      0.00000000      0.00120000
      6.28140000      0.00360000      0.00300000      0.00010000      0.00290000      0.00000000      0.00000000      0.00000000      0.00000000      0.00000000      0.00960000
      6.33140000      0.03280000      0.01380000      0.00260000      0.00860000      0.00000000      0.00000000      0.00000000      0.00000000      0.00000000      0.05780000
      6.38140000      0.06530000      0.02460000      0.00770000      0.01180000      0.00000000      0.00000000      0.00000000      0.00000000      0.00000000      0.10940000
      6.43140000      0.02540000      0.01700000      0.00490000      0.01020000      0.00000000      0.00000000      0.00000000      0.00000000      0.00000000      0.05750000
      6.48140000      0.00330000      0.00760000      0.00100000      0.00860000      0.00000000      0.00000000      0.00000000      0.00000000      0.00000000      0.02050000
      6.53140000      0.00960000      0.00830000      0.00130000      0.00980000      0.00000000      0.00000000      0.00000000      0.00000000      0.00000000      0.02900000
      6.58140000      0.08060000      0.05240000      0.01030000      0.01650000      0.00000000      0.00000000      0.00000000      0.00000000      0.00000000      0.15980000
      6.63140000      0.14870000      0.09620000      0.01900000      0.02660000      0.00000000      0.00000000      0.00000000      0.00000000      0.00000000      0.29050000
      6.68140000      0.05060000      0.03270000      0.00650000      0.00890000      0.00000000      0.00000000      0.00000000      0.00000000      0.00000000      0.09870000
      6.73140000      0.00300000      0.00190000      0.00040000      0.00060000      0.00000000      0.00000000      0.00000000      0.00000000      0.00000000      0.00590000
      6.78140000      0.00060000      0.00040000      0.00030000      0.00010000      0.00000000      0.00000000      0.00000000      0.00000000      0.00000000      0.00140000
      6.83140000      0.00130000      0.00060000      0.00060000      0.00010000      0.00000000      0.00000000      0.00000000      0.00000000      0.00000000      0.00260000
      6.88140000      0.00050000      0.00020000      0.00030000      0.00000000      0.00000000      0.00000000      0.00000000      0.00000000      0.00000000      0.00100000
      6.93140000      0.00000000      0.00000000      0.00000000      0.00000000      0.00000000      0.00000000      0.00000000      0.00000000      0.00000000      0.00000000
      6.98140000      0.00000000      0.00000000      0.00000000      0.00000000      0.00000000      0.00000000      0.00000000      0.00000000      0.00000000      0.00000000
      7.03140000      0.00000000      0.00000000      0.00000000      0.00000000      0.00000000      0.00000000      0.00000000      0.00000000      0.00000000      0.00000000
      7.08140000      0.00000000      0.00000000      0.00000000      0.00000000      0.00000000      0.00000000      0.00000000      0.00000000      0.00000000      0.00000000
      7.13140000      0.00000000      0.00000000      0.00000000      0.00000000      0.00000000      0.00000000      0.00000000      0.00000000      0.00000000      0.00000000
      7.18140000      0.00000000      0.00000000      0.00000000      0.00000000      0.00000000      0.00000000      0.00000000      0.00000000      0.00000000      0.00000000
      7.23140000      0.00000000      0.00000000      0.00000000      0.00000000      0.00000000      0.00000000      0.00000000      0.00000000      0.00000000      0.00000000
      7.28140000      0.00000000      0.00000000      0.00000000      0.00000000      0.00000000      0.00000000      0.00000000      0.00000000      0.00000000      0.00000000
      7.33140000      0.00000000      0.00000000      0.00000000      0.00000000      0.00000000      0.00000000      0.00000000      0.00000000      0.00000000      0.00000000
      7.38140000      0.00000000      0.00000000      0.00000000      0.00000000      0.00000000      0.00000000      0.00000000      0.00000000      0.00000000      0.00000000
      7.43140000      0.00000000      0.00000000      0.00000000      0.00000000      0.00000000      0.00000000      0.00000000      0.00000000      0.00000000      0.00000000
      7.48140000      0.00000000      0.00000000      0.00000000      0.00000000      0.00000000      0.00000000      0.00000000      0.00000000      0.00000000      0.00000000
      7.53140000      0.00000000      0.00000000      0.00000000      0.00000000      0.00000000      0.00000000      0.00000000      0.00000000      0.00000000      0.00000000
      7.58140000      0.00000000      0.00000000      0.00000000      0.00000000      0.00000000      0.00000000      0.00000000      0.00000000      0.00000000      0.00000000
      7.63140000      0.00000000      0.00000000      0.00000000      0.00000000      0.00000000      0.00000000      0.00000000      0.00000000      0.00000000      0.00000000
      7.68140000      0.00000000      0.00000000      0.00000000      0.00000000      0.00000000      0.00000000      0.00000000      0.00000000      0.00000000      0.00000000
      7.73140000      0.00000000      0.00000000      0.00000000      0.00000000      0.00000000      0.00000000      0.00000000      0.00000000      0.00000000      0.00000000
      7.78140000      0.00000000      0.00000000      0.00000000      0.00000000      0.00000000      0.00000000      0.00000000      0.00000000      0.00000000      0.00000000
      7.83140000      0.00000000      0.00000000      0.00000000      0.00000000      0.00000000      0.00000000      0.00000000      0.00000000      0.00000000      0.00000000
      7.88140000      0.00000000      0.00000000      0.00000000      0.00000000      0.00000000      0.00000000      0.00000000      0.00000000      0.00000000      0.00000000
      7.93140000      0.00000000      0.00000000      0.00000000      0.00000000      0.00000000      0.00000000      0.00000000      0.00000000      0.00000000      0.00000000
      7.98140000      0.00000000      0.00000000      0.00000000      0.00000000      0.00000000      0.00000000      0.00000000      0.00000000      0.00000000      0.00000000
      8.03140000      0.00000000      0.00000000      0.00000000      0.00000000      0.00000000      0.00000000      0.00000000      0.00000000      0.00000000      0.00000000
      8.08140000      0.00000000      0.00000000      0.00000000      0.00000000      0.00000000      0.00000000      0.00000000      0.00000000      0.00000000      0.00000000
      8.13140000      0.00000000      0.00000000      0.00000000      0.00000000      0.00000000      0.00000000      0.00000000      0.00000000      0.00000000      0.00000000
      8.18140000      0.00000000      0.00000000      0.00000000      0.00000000      0.00000000      0.00000000      0.00000000      0.00000000      0.00000000      0.00000000
      8.23140000      0.00000000      0.00000000      0.00000000      0.00000000      0.00000000      0.00000000      0.00000000      0.00000000      0.00000000      0.00000000
      8.28140000      0.00000000      0.00000000      0.00000000      0.00000000      0.00000000      0.00000000      0.00000000      0.00000000      0.00000000      0.00000000
      8.33140000      0.00000000      0.00000000      0.00000000      0.00000000      0.00000000      0.00000000      0.00000000      0.00000000      0.00000000      0.00000000
      8.38140000      0.00000000      0.00000000      0.00000000      0.00000000      0.00000000      0.00000000      0.00000000      0.00000000      0.00000000      0.00000000
      8.43140000      0.00000000      0.00000000      0.00000000      0.00000000      0.00000000      0.00000000      0.00000000      0.00000000      0.00000000      0.00000000
      8.48140000      0.00000000      0.00000000      0.00000000      0.00000000      0.00000000      0.00000000      0.00000000      0.00000000      0.00000000      0.00000000
      8.53140000      0.00000000      0.00000000      0.00000000      0.00000000      0.00000000      0.00000000      0.00000000      0.00000000      0.00000000      0.00000000
      8.58140000      0.00000000      0.00000000      0.00000000      0.00000000      0.00000000      0.00000000      0.00000000      0.00000000      0.00000000      0.00000000
      8.63140000      0.00000000      0.00000000      0.00000000      0.00000000      0.00000000      0.00000000      0.00000000      0.00000000      0.00000000      0.00000000
      8.68140000      0.00000000      0.00000000      0.00000000      0.00000000      0.00000000      0.00000000      0.00000000      0.00000000      0.00000000      0.00000000
      8.73140000      0.00000000      0.00000000      0.00000000      0.00000000      0.00000000      0.00000000      0.00000000      0.00000000      0.00000000      0.00000000
      8.78140000      0.00000000      0.00000000      0.00000000      0.00000000      0.00000000      0.00000000      0.00000000      0.00000000      0.00000000      0.00000000
      8.83140000      0.00000000      0.00000000      0.00000000      0.00000000      0.00000000      0.00000000      0.00000000      0.00000000      0.00000000      0.00000000
      8.88140000      0.00000000      0.00000000      0.00000000      0.00000000      0.00000000      0.00000000      0.00000000      0.00000000      0.00000000      0.00000000
      8.93140000      0.00000000      0.00000000      0.00000000      0.00000000      0.00000000      0.00000000      0.00000000      0.00000000      0.00000000      0.00000000
      8.98140000      0.00000000      0.00000000      0.00000000      0.00000000      0.00000000      0.00000000      0.00000000      0.00000000      0.00000000      0.00000000
      9.03140000      0.00000000      0.00000000      0.00000000      0.00000000      0.00000000      0.00000000      0.00000000      0.00000000      0.00000000      0.00000000
      9.08140000      0.00000000      0.00000000      0.00000000      0.00000000      0.00000000      0.00000000      0.00000000      0.00000000      0.00000000      0.00000000
      9.13140000      0.00000000      0.00000000      0.00000000      0.00000000      0.00000000      0.00000000      0.00000000      0.00000000      0.00000000      0.00000000
      9.18140000      0.00000000      0.00000000      0.00000000      0.00000000      0.00000000      0.00000000      0.00000000      0.00000000      0.00000000      0.00000000
      9.23140000      0.00000000      0.00000000      0.00000000      0.00000000      0.00000000      0.00000000      0.00000000      0.00000000      0.00000000      0.00000000
      9.28140000      0.00000000      0.00000000      0.00000000      0.00000000      0.00000000      0.00000000      0.00000000      0.00000000      0.00000000      0.00000000
      9.33140000      0.00000000      0.00000000      0.00000000      0.00000000      0.00000000      0.00000000      0.00000000      0.00000000      0.00000000      0.00000000
      9.38140000      0.00000000      0.00000000      0.00000000      0.00000000      0.00000000      0.00000000      0.00000000      0.00000000      0.00000000      0.00000000
      9.43140000      0.00000000      0.00000000      0.00000000      0.00000000      0.00000000      0.00000000      0.00000000      0.00000000      0.00000000      0.00000000
      9.48140000      0.00000000      0.00000000      0.00000000      0.00000000      0.00000000      0.00000000      0.00000000      0.00000000      0.00000000      0.00000000
      9.53140000      0.00000000      0.00000000      0.00000000      0.00000000      0.00000000      0.00000000      0.00000000      0.00000000      0.00000000      0.00000000
      9.58140000      0.00000000      0.00000000      0.00000000      0.00000000      0.00000000      0.00000000      0.00000000      0.00000000      0.00000000      0.00000000
      9.63140000      0.00000000      0.00000000      0.00000000      0.00000000      0.00000000      0.00000000      0.00000000      0.00000000      0.00000000      0.00000000
      9.68140000      0.00000000      0.00000000      0.00000000      0.00000000      0.00000000      0.00000000      0.00000000      0.00000000      0.00000000      0.00000000
      9.73140000      0.00000000      0.00000000      0.00000000      0.00000000      0.00000000      0.00000000      0.00000000      0.00000000      0.00000000      0.00000000
      9.78140000      0.00000000      0.00000000      0.00000000      0.00000000      0.00000000      0.00000000      0.00000000      0.00000000      0.00000000      0.00000000
      9.83140000      0.00000000      0.00000000      0.00000000      0.00000000      0.00000000      0.00000000      0.00000000      0.00000000      0.00000000      0.00000000
      9.88140000      0.00000000      0.00000000      0.00000000      0.00000000      0.00000000      0.00000000      0.00000000      0.00000000      0.00000000      0.00000000
      9.93140000      0.00000000      0.00000000      0.00000000      0.00000000      0.00000000      0.00000000      0.00000000      0.00000000      0.00000000      0.00000000
      9.98140000      0.00000000      0.00000000      0.00000000      0.00000000      0.00000000      0.00000000      0.00000000      0.00000000      0.00000000      0.00000000
     10.03140000      0.00000000      0.00000000      0.00000000      0.00000000      0.00000000      0.00000000      0.00000000      0.00000000      0.00000000      0.00000000
     10.08140000      0.00000000      0.00000000      0.00000000      0.00000000      0.00000000      0.00000000      0.00000000      0.00000000      0.00000000      0.00000000
     10.13140000      0.00000000      0.00000000      0.00000000      0.00000000      0.00000000      0.00000000      0.00000000      0.00000000      0.00000000      0.00000000
     10.18140000      0.00000000      0.00000000      0.00000000      0.00000000      0.00000000      0.00000000      0.00000000      0.00000000      0.00000000      0.00000000
     10.23140000      0.00000000      0.00000000      0.00000000      0.00000000      0.00000000      0.00000000      0.00000000      0.00000000      0.00000000      0.00000000
     10.28140000      0.00000000      0.00000000      0.00000000      0.00000000      0.00000000      0.00000000      0.00000000      0.00000000      0.00000000      0.00000000
     10.33140000      0.00000000      0.00000000      0.00000000      0.00000000      0.00000000      0.00000000      0.00000000      0.00000000      0.00000000      0.00000000
     10.38140000      0.00000000      0.00000000      0.00000000      0.00000000      0.00000000      0.00000000      0.00000000      0.00000000      0.00000000      0.00000000
     10.43140000      0.00000000      0.00000000      0.00000000      0.00000000      0.00000000      0.00000000      0.00000000      0.00000000      0.00000000      0.00000000
     10.48140000      0.00000000      0.00000000      0.00000000      0.00000000      0.00000000      0.00000000      0.00000000      0.00000000      0.00000000      0.00000000
     10.53140000      0.00000000      0.00000000      0.00000000      0.00000000      0.00000000      0.00000000      0.00000000      0.00000000      0.00000000      0.00000000
     10.58140000      0.00000000      0.00000000      0.00000000      0.00000000      0.00000000      0.00000000      0.00000000      0.00000000      0.00000000      0.00000000
     10.63140000      0.00000000      0.00000000      0.00000000      0.00000000      0.00000000      0.00000000      0.00000000      0.00000000      0.00000000      0.00000000
     10.68140000      0.00000000      0.00000000      0.00000000      0.00000000      0.00000000      0.00000000      0.00000000      0.00000000      0.00000000      0.00000000
     10.73140000      0.00000000      0.00000000      0.00000000      0.00000000      0.00000000      0.00000000      0.00000000      0.00000000      0.00000000      0.00000000
     10.78140000      0.00000000      0.00000000      0.00000000      0.00000000      0.00000000      0.00000000      0.00000000      0.00000000      0.00000000      0.00000000
     10.83140000      0.00000000      0.00000000      0.00000000      0.00000000      0.00000000      0.00000000      0.00000000      0.00000000      0.00000000      0.00000000
     10.88140000      0.00000000      0.00000000      0.00000000      0.00000000      0.00000000      0.00000000      0.00000000      0.00000000      0.00000000      0.00000000
     10.93140000      0.00000000      0.00000000      0.00000000      0.00000000      0.00000000      0.00000000      0.00000000      0.00000000      0.00000000      0.00000000
     10.98140000      0.00000000      0.00000000      0.00000000      0.00000000      0.00000000      0.00000000      0.00000000      0.00000000      0.00000000      0.00000000
     11.03140000      0.00000000      0.00000000      0.00000000      0.00000000      0.00000000      0.00000000      0.00000000      0.00000000      0.00000000      0.00000000
     11.08140000      0.00000000      0.00000000      0.00000000      0.00000000      0.00000000      0.00000000      0.00000000      0.00000000      0.00000000      0.00000000
     11.13140000      0.00000000      0.00000000      0.00000000      0.00000000      0.00000000      0.00000000      0.00000000      0.00000000      0.00000000      0.00000000
     11.18140000      0.00000000      0.00000000      0.00000000      0.00000000      0.00000000      0.00000000      0.00000000      0.00000000      0.00000000      0.00000000
     11.23140000      0.00000000      0.00000000      0.00000000      0.00000000      0.00000000      0.00000000      0.00000000      0.00000000      0.00000000      0.00000000
     11.28140000      0.00000000      0.00000000      0.00000000      0.00000000      0.00000000      0.00000000      0.00000000      0.00000000      0.00000000      0.00000000
     11.33140000      0.00000000      0.00000000      0.00000000      0.00000000      0.00000000      0.00000000      0.00000000      0.00000000      0.00000000      0.00000000
     11.38140000      0.00000000      0.00000000      0.00000000      0.00000000      0.00000000      0.00000000      0.00000000      0.00000000      0.00000000      0.00000000
     11.43140000      0.00000000      0.00000000      0.00000000      0.00000000      0.00000000      0.00000000      0.00000000      0.00000000      0.00000000      0.00000000
     11.48140000      0.00000000      0.00000000      0.00000000      0.00000000      0.00000000      0.00000000      0.00000000      0.00000000      0.00000000      0.00000000
     11.53140000      0.00000000      0.00000000      0.00000000      0.00000000      0.00000000      0.00000000      0.00000000      0.00000000      0.00000000      0.00000000
     11.58140000      0.00000000      0.00000000      0.00000000      0.00000000      0.00000000      0.00000000      0.00000000      0.00000000      0.00000000      0.00000000
     11.63140000      0.00000000      0.00000000      0.00000000      0.00000000      0.00000000      0.00000000      0.00000000      0.00000000      0.00000000      0.00000000
     11.68140000      0.00000000      0.00000000      0.00000000      0.00000000      0.00000000      0.00000000      0.00000000      0.00000000      0.00000000      0.00000000
     11.73140000      0.00000000      0.00000000      0.00000000      0.00000000      0.00000000      0.00000000      0.00000000      0.00000000      0.00000000      0.00000000
     11.78140000      0.00000000      0.00000000      0.00000000      0.00000000      0.00000000      0.00000000      0.00000000      0.00000000      0.00000000      0.00000000
     11.83140000      0.00000000      0.00000000      0.00000000      0.00000000      0.00000000      0.00000000      0.00000000      0.00000000      0.00000000      0.00000000
     11.88140000      0.00000000      0.00000000      0.00000000      0.00000000      0.00000000      0.00000000      0.00000000      0.00000000      0.00000000      0.00000000
     11.93140000      0.00000000      0.00000000      0.00000000      0.00000000      0.00000000      0.00000000      0.00000000      0.00000000      0.00000000      0.00000000
     11.98140000      0.00000000      0.00000000      0.00000000      0.00000000      0.00000000      0.00000000      0.00000000      0.00000000      0.00000000      0.00000000
     12.03140000      0.00000000      0.00000000      0.00000000      0.00000000      0.00000000      0.00000000      0.00000000      0.00000000      0.00000000      0.00000000
     12.08140000      0.00000000      0.00000000      0.00000000      0.00000000      0.00000000      0.00000000      0.00000000      0.00000000      0.00000000      0.00000000
     12.13140000      0.00000000      0.00000000      0.00000000      0.00000000      0.00000000      0.00000000      0.00000000      0.00000000      0.00000000      0.00000000
     12.18140000      0.00000000      0.00000000      0.00000000      0.00000000      0.00000000      0.00000000      0.00000000      0.00000000      0.00000000      0.00000000
     12.23140000      0.00000000      0.00000000      0.00000000      0.00000000      0.00000000      0.00000000      0.00000000      0.00000000      0.00000000      0.00000000
     12.28140000      0.00000000      0.00000000      0.00000000      0.00000000      0.00000000      0.00000000      0.00000000      0.00000000      0.00000000      0.00000000
     12.33140000      0.00000000      0.00000000      0.00000000      0.00000000      0.00000000      0.00000000      0.00000000      0.00000000      0.00000000      0.00000000
     12.38140000      0.00000000      0.00000000      0.00000000      0.00000000      0.00000000      0.00000000      0.00000000      0.00000000      0.00000000      0.00000000
     12.43140000      0.00000000      0.00000000      0.00000000      0.00000000      0.00000000      0.00000000      0.00000000      0.00000000      0.00000000      0.00000000
     12.48140000      0.00000000      0.00000000      0.00000000      0.00000000      0.00000000      0.00000000      0.00000000      0.00000000      0.00000000      0.00000000
     12.53140000      0.00000000      0.00000000      0.00000000      0.00000000      0.00000000      0.00000000      0.00000000      0.00000000      0.00000000      0.00000000
     12.58140000      0.00000000      0.00000000      0.00000000      0.00000000      0.00000000      0.00000000      0.00000000      0.00000000      0.00000000      0.00000000
     12.63140000      0.00000000      0.00000000      0.00000000      0.00000000      0.00000000      0.00000000      0.00000000      0.00000000      0.00000000      0.00000000
     12.68140000      0.00000000      0.00000000      0.00000000      0.00000000      0.00000000      0.00000000      0.00000000      0.00000000      0.00000000      0.00000000
     12.73140000      0.00000000      0.00000000      0.00000000      0.00000000      0.00000000      0.00000000      0.00000000      0.00000000      0.00000000      0.00000000
     12.78140000      0.00000000      0.00000000      0.00000000      0.00000000      0.00000000      0.00000000      0.00000000      0.00000000      0.00000000      0.00000000
     12.83140000      0.00000000      0.00000000      0.00000000      0.00000000      0.00000000      0.00000000      0.00000000      0.00000000      0.00000000      0.00000000
     12.88140000      0.00000000      0.00000000      0.00000000      0.00000000      0.00000000      0.00000000      0.00000000      0.00000000      0.00000000      0.00000000
     12.93140000      0.00000000      0.00000000      0.00000000      0.00000000      0.00000000      0.00000000      0.00000000      0.00000000      0.00000000      0.00000000
