      Energy(eV)          s               py              pz              px              dxy             dyz             dz2             dxz            dx2-y2            tot 
     -6.96860000      2.27390000      9.88600000      2.58150000      9.81990000      0.00000000      0.00000000      0.00000000      0.00000000      0.00000000     24.56130000
     -6.91860000      1.13820000      4.75940000      2.11250000      4.69550000      0.00000000      0.00000000      0.00000000      0.00000000      0.00000000     12.70560000
     -6.86860000      0.75000000      2.67870000      3.57120000      2.65940000      0.00000000      0.00000000      0.00000000      0.00000000      0.00000000      9.65930000
     -6.81860000      2.01730000      6.00310000      6.03590000      5.97400000      0.00000000      0.00000000      0.00000000      0.00000000      0.00000000     20.03030000
     -6.76860000      2.39200000      6.64510000      4.33320000      6.62120000      0.00000000      0.00000000      0.00000000      0.00000000      0.00000000     19.99150000
     -6.71860000      0.68150000      1.85330000      0.93480000      1.84880000      0.00000000      0.00000000      0.00000000      0.00000000      0.00000000      5.31840000
     -6.66860000      0.04520000      0.11520000      0.07890000      0.11530000      0.00000000      0.00000000      0.00000000      0.00000000      0.00000000      0.35460000
     -6.61860000      0.18700000      0.32260000      0.91400000      0.32200000      0.00000000      0.00000000      0.00000000      0.00000000      0.00000000      1.74560000
     -6.56860000      1.00530000      1.73460000      4.90900000      1.72740000      0.00000000      0.00000000      0.00000000      0.00000000      0.00000000      9.37630000
     -6.51860000      1.22090000      2.10970000      5.93540000      2.09600000      0.00000000      0.00000000      0.00000000      0.00000000      0.00000000     11.36200000
     -6.46860000      0.34020000      0.59190000      1.64600000      0.58840000      0.00000000      0.00000000      0.00000000      0.00000000      0.00000000      3.16650000
     -6.41860000      0.02130000      0.22390000      0.10090000      0.30560000      0.00000000      0.00000000      0.00000000      0.00000000      0.00000000      0.65170000
     -6.36860000      0.07270000      1.64330000      0.28330000      2.31160000      0.00000000      0.00000000      0.00000000      0.00000000      0.00000000      4.31090000
     -6.31860000      0.72500000      3.39800000      2.75580000      4.37230000      0.00000000      0.00000000      0.00000000      0.00000000      0.00000000     11.25110000
     -6.26860000      2.84730000      5.00940000     10.00730000      5.27280000      0.00000000      0.00000000      0.00000000      0.00000000      0.00000000     23.13680000
     -6.21860000      4.71390000      7.39090000     15.50490000      7.41380000      0.00000000      0.00000000      0.00000000      0.00000000      0.00000000     35.02350000
     -6.16860000      2.22300000      3.70990000      6.78460000      3.71220000      0.00000000      0.00000000      0.00000000      0.00000000      0.00000000     16.42970000
     -6.11860000      1.08240000      2.36090000      1.46000000      2.33080000      0.00000000      0.00000000      0.00000000      0.00000000      0.00000000      7.23410000
     -6.06860000      2.70490000      6.27570000      2.28210000      6.18560000      0.00000000      0.00000000      0.00000000      0.00000000      0.00000000     17.44830000
     -6.01860000      2.18270000      5.09860000      2.05270000      4.97550000      0.00000000      0.00000000      0.00000000      0.00000000      0.00000000     14.30950000
     -5.96860000      1.40720000      3.24560000      1.88660000      3.08260000      0.00000000      0.00000000      0.00000000      0.00000000      0.00000000      9.62200000
     -5.91860000      0.44520000      1.02240000      0.63510000      0.96600000      0.00000000      0.00000000      0.00000000      0.00000000      0.00000000      3.06870000
     -5.86860000      0.02710000      0.06330000      0.03910000      0.05970000      0.00000000      0.00000000      0.00000000      0.00000000      0.00000000      0.18920000
     -5.81860000      0.00000000      0.00030000      0.00030000      0.00020000      0.00000000      0.00000000      0.00000000      0.00000000      0.00000000      0.00080000
     -5.76860000      0.00000000      0.00000000      0.00000000      0.00000000      0.00000000      0.00000000      0.00000000      0.00000000      0.00000000      0.00000000
     -5.71860000      0.00000000      0.00000000      0.00000000      0.00000000      0.00000000      0.00000000      0.00000000      0.00000000      0.00000000      0.00000000
     -5.66860000      0.00000000      0.00000000      0.00000000      0.00000000      0.00000000      0.00000000      0.00000000      0.00000000      0.00000000      0.00000000
     -5.61860000      0.00000000      0.00000000      0.00000000      0.00000000      0.00000000      0.00000000      0.00000000      0.00000000      0.00000000      0.00000000
     -5.56860000      0.00000000      0.00000000      0.00000000      0.00000000      0.00000000      0.00000000      0.00000000      0.00000000      0.00000000      0.00000000
     -5.51860000      0.00000000      0.00000000      0.00000000      0.00000000      0.00000000      0.00000000      0.00000000      0.00000000      0.00000000      0.00000000
     -5.46860000      0.00000000      0.00000000      0.00000000      0.00000000      0.00000000      0.00000000      0.00000000      0.00000000      0.00000000      0.00000000
     -5.41860000      0.00000000      0.00000000      0.00000000      0.00000000      0.00000000      0.00000000      0.00000000      0.00000000      0.00000000      0.00000000
     -5.36860000      0.00010000      0.00030000      0.00020000      0.00030000      0.00000000      0.00000000      0.00000000      0.00000000      0.00000000      0.00090000
     -5.31860000      0.03460000      0.07760000      0.02920000      0.07420000      0.00000000      0.00000000      0.00000000      0.00000000      0.00000000      0.21560000
     -5.26860000      0.54610000      1.27260000      0.46020000      1.21540000      0.00000000      0.00000000      0.00000000      0.00000000      0.00000000      3.49430000
     -5.21860000      2.47470000      6.59400000      2.05550000      6.42190000      0.00000000      0.00000000      0.00000000      0.00000000      0.00000000     17.54610000
     -5.16860000      5.55970000     15.98140000      4.36250000     15.80510000      0.00000000      0.00000000      0.00000000      0.00000000      0.00000000     41.70870000
     -5.11860000      4.19920000     11.57020000      3.02970000     11.48850000      0.00000000      0.00000000      0.00000000      0.00000000      0.00000000     30.28760000
     -5.06860000      0.74000000      1.88320000      0.48230000      1.87130000      0.00000000      0.00000000      0.00000000      0.00000000      0.00000000      4.97680000
     -5.01860000      0.02700000      0.06280000      0.01700000      0.06260000      0.00000000      0.00000000      0.00000000      0.00000000      0.00000000      0.16940000
     -4.96860000      0.03780000      0.08600000      0.10930000      0.07700000      0.00000000      0.00000000      0.00000000      0.00000000      0.00000000      0.31010000
     -4.91860000      0.40560000      0.92000000      1.17380000      0.82380000      0.00000000      0.00000000      0.00000000      0.00000000      0.00000000      3.32320000
     -4.86860000      0.77200000      1.75200000      2.23520000      1.56850000      0.00000000      0.00000000      0.00000000      0.00000000      0.00000000      6.32770000
     -4.81860000      0.26860000      0.61070000      0.77900000      0.54650000      0.00000000      0.00000000      0.00000000      0.00000000      0.00000000      2.20480000
     -4.76860000      0.01620000      0.03720000      0.04660000      0.03310000      0.00000000      0.00000000      0.00000000      0.00000000      0.00000000      0.13310000
     -4.71860000      0.00010000      0.00010000      0.00030000      0.00000000      0.00000000      0.00000000      0.00000000      0.00000000      0.00000000      0.00050000
     -4.66860000      0.00000000      0.00000000      0.00000000      0.00000000      0.00000000      0.00000000      0.00000000      0.00000000      0.00000000      0.00000000
     -4.61860000      0.00000000      0.00000000      0.00000000      0.00000000      0.00000000      0.00000000      0.00000000      0.00000000      0.00000000      0.00000000
     -4.56860000      0.00000000      0.00000000      0.00000000      0.00000000      0.00000000      0.00000000      0.00000000      0.00000000      0.00000000      0.00000000
     -4.51860000      0.00000000      0.00000000      0.00000000      0.00000000      0.00000000      0.00000000      0.00000000      0.00000000      0.00000000      0.00000000
     -4.46860000      0.00000000      0.00000000      0.00000000      0.00000000      0.00000000      0.00000000      0.00000000      0.00000000      0.00000000      0.00000000
     -4.41860000      0.00000000      0.00000000      0.00000000      0.00000000      0.00000000      0.00000000      0.00000000      0.00000000      0.00000000      0.00000000
     -4.36860000      0.00000000      0.00000000      0.00000000      0.00000000      0.00000000      0.00000000      0.00000000      0.00000000      0.00000000      0.00000000
     -4.31860000      0.00000000      0.00000000      0.00000000      0.00000000      0.00000000      0.00000000      0.00000000      0.00000000      0.00000000      0.00000000
     -4.26860000      0.00000000      0.00000000      0.00000000      0.00000000      0.00000000      0.00000000      0.00000000      0.00000000      0.00000000      0.00000000
     -4.21860000      0.00000000      0.02180000      0.02880000      0.02330000      0.00000000      0.00000000      0.00000000      0.00000000      0.00000000      0.07390000
     -4.16860000      0.02680000      0.84360000      1.11730000      0.87450000      0.00000000      0.00000000      0.00000000      0.00000000      0.00000000      2.86220000
     -4.11860000      0.21930000      6.64800000      9.05550000      6.83670000      0.00000000      0.00000000      0.00000000      0.00000000      0.00000000     22.75950000
     -4.06860000      0.40300000     12.04470000     16.24720000     12.42850000      0.00000000      0.00000000      0.00000000      0.00000000      0.00000000     41.12340000
     -4.01860000      0.16590000      5.18960000      6.58170000      5.44380000      0.00000000      0.00000000      0.00000000      0.00000000      0.00000000     17.38100000
     -3.96860000      0.01640000      0.53050000      0.61110000      0.56710000      0.00000000      0.00000000      0.00000000      0.00000000      0.00000000      1.72510000
     -3.91860000      0.05870000      0.85970000      1.46630000      0.84880000      0.00000000      0.00000000      0.00000000      0.00000000      0.00000000      3.23350000
     -3.86860000      0.48680000      6.71180000     13.55290000      6.69130000      0.00000000      0.00000000      0.00000000      0.00000000      0.00000000     27.44280000
     -3.81860000      0.76000000     10.42470000     27.27590000     10.49110000      0.00000000      0.00000000      0.00000000      0.00000000      0.00000000     48.95170000
     -3.76860000      0.26540000      4.99450000     23.08300000      5.04430000      0.00000000      0.00000000      0.00000000      0.00000000      0.00000000     33.38720000
     -3.71860000      0.20790000      3.67670000     11.63920000      3.56810000      0.00000000      0.00000000      0.00000000      0.00000000      0.00000000     19.09190000
     -3.66860000      0.25320000      3.02790000      2.96160000      2.76240000      0.00000000      0.00000000      0.00000000      0.00000000      0.00000000      9.00510000
     -3.61860000      0.47070000      3.60480000      1.08970000      2.60340000      0.00000000      0.00000000      0.00000000      0.00000000      0.00000000      7.76860000
     -3.56860000      0.67800000      6.47550000      2.07950000      5.21600000      0.00000000      0.00000000      0.00000000      0.00000000      0.00000000     14.44900000
     -3.51860000      0.58990000     10.12100000      5.36790000      9.80310000      0.00000000      0.00000000      0.00000000      0.00000000      0.00000000     25.88190000
     -3.46860000      0.49180000     10.30450000      8.63750000     10.26370000      0.00000000      0.00000000      0.00000000      0.00000000      0.00000000     29.69750000
     -3.41860000      0.24180000      7.13130000      5.69450000      7.12110000      0.00000000      0.00000000      0.00000000      0.00000000      0.00000000     20.18870000
     -3.36860000      0.07540000      2.99790000      1.01120000      2.99680000      0.00000000      0.00000000      0.00000000      0.00000000      0.00000000      7.08130000
     -3.31860000      0.25130000      9.18950000      2.30760000      9.19220000      0.00000000      0.00000000      0.00000000      0.00000000      0.00000000     20.94060000
     -3.26860000      0.43340000     14.42680000     14.62120000     14.48190000      0.00000000      0.00000000      0.00000000      0.00000000      0.00000000     43.96330000
     -3.21860000      0.79180000     15.31590000     31.87640000     15.47390000      0.00000000      0.00000000      0.00000000      0.00000000      0.00000000     63.45800000
     -3.16860000      2.07070000     18.42830000     25.74990000     18.55360000      0.00000000      0.00000000      0.00000000      0.00000000      0.00000000     64.80250000
     -3.11860000      3.84990000     22.61700000     17.73130000     22.54750000      0.00000000      0.00000000      0.00000000      0.00000000      0.00000000     66.74570000
     -3.06860000      3.95040000     27.47750000     17.44530000     27.42290000      0.00000000      0.00000000      0.00000000      0.00000000      0.00000000     76.29610000
     -3.01860000      2.55400000     22.73340000     11.39690000     22.70470000      0.00000000      0.00000000      0.00000000      0.00000000      0.00000000     59.38900000
     -2.96860000      1.47170000     15.16030000      7.03320000     15.07660000      0.00000000      0.00000000      0.00000000      0.00000000      0.00000000     38.74180000
     -2.91860000      1.00150000     13.71800000      5.36430000     13.64260000      0.00000000      0.00000000      0.00000000      0.00000000      0.00000000     33.72640000
     -2.86860000      0.27780000      4.89030000      1.58120000      5.13740000      0.00000000      0.00000000      0.00000000      0.00000000      0.00000000     11.88670000
     -2.81860000      0.03460000      4.19710000      0.81800000      5.95290000      0.00000000      0.00000000      0.00000000      0.00000000      0.00000000     11.00260000
     -2.76860000      0.02160000      4.63310000      0.86380000      6.70390000      0.00000000      0.00000000      0.00000000      0.00000000      0.00000000     12.22240000
     -2.71860000      0.01640000      0.99940000      0.20770000      1.44280000      0.00000000      0.00000000      0.00000000      0.00000000      0.00000000      2.66630000
     -2.66860000      0.36290000      0.28060000      0.90980000      0.29350000      0.00000000      0.00000000      0.00000000      0.00000000      0.00000000      1.84680000
     -2.61860000      1.94190000      1.85420000      7.62160000      1.84950000      0.00000000      0.00000000      0.00000000      0.00000000      0.00000000     13.26720000
     -2.56860000      1.94130000      3.80240000     17.25590000      3.84020000      0.00000000      0.00000000      0.00000000      0.00000000      0.00000000     26.83980000
     -2.51860000      0.41480000      2.52880000     11.88430000      2.56870000      0.00000000      0.00000000      0.00000000      0.00000000      0.00000000     17.39660000
     -2.46860000      0.03220000      0.50480000      2.22970000      0.51020000      0.00000000      0.00000000      0.00000000      0.00000000      0.00000000      3.27690000
     -2.41860000      0.08700000      1.19560000      0.56720000      1.14720000      0.00000000      0.00000000      0.00000000      0.00000000      0.00000000      2.99700000
     -2.36860000      0.77060000      9.43710000      3.59730000      9.18150000      0.00000000      0.00000000      0.00000000      0.00000000      0.00000000     22.98650000
     -2.31860000      2.13240000     19.47480000      8.15680000     19.22320000      0.00000000      0.00000000      0.00000000      0.00000000      0.00000000     48.98720000
     -2.26860000      1.75670000     13.45130000      7.37040000     13.34560000      0.00000000      0.00000000      0.00000000      0.00000000      0.00000000     35.92400000
     -2.21860000      1.04470000     11.59750000     12.67630000     11.47430000      0.00000000      0.00000000      0.00000000      0.00000000      0.00000000     36.79280000
     -2.16860000      0.98120000     14.64290000     22.23410000     14.58760000      0.00000000      0.00000000      0.00000000      0.00000000      0.00000000     52.44580000
     -2.11860000      0.77030000     12.16260000     16.63800000     12.14950000      0.00000000      0.00000000      0.00000000      0.00000000      0.00000000     41.72040000
     -2.06860000      0.68150000     10.90600000     13.42900000     10.88070000      0.00000000      0.00000000      0.00000000      0.00000000      0.00000000     35.89720000
     -2.01860000      0.47030000      7.48900000      8.04750000      7.44620000      0.00000000      0.00000000      0.00000000      0.00000000      0.00000000     23.45300000
     -1.96860000      0.22790000      3.13280000      2.86970000      3.11230000      0.00000000      0.00000000      0.00000000      0.00000000      0.00000000      9.34270000
     -1.91860000      0.35510000      4.14470000      5.36430000      4.14180000      0.00000000      0.00000000      0.00000000      0.00000000      0.00000000     14.00590000
     -1.86860000      0.86870000     16.11640000      7.29900000     16.10290000      0.00000000      0.00000000      0.00000000      0.00000000      0.00000000     40.38700000
     -1.81860000      1.39860000     28.13430000      8.22350000     28.09210000      0.00000000      0.00000000      0.00000000      0.00000000      0.00000000     65.84850000
     -1.76860000      0.86180000     16.19150000      5.62220000     16.20840000      0.00000000      0.00000000      0.00000000      0.00000000      0.00000000     38.88390000
     -1.71860000      0.22070000      4.15130000      3.23030000      4.08010000      0.00000000      0.00000000      0.00000000      0.00000000      0.00000000     11.68240000
     -1.66860000      0.18750000      3.76800000      5.29730000      3.56050000      0.00000000      0.00000000      0.00000000      0.00000000      0.00000000     12.81330000
     -1.61860000      0.07750000      1.55230000      2.20100000      1.46490000      0.00000000      0.00000000      0.00000000      0.00000000      0.00000000      5.29570000
     -1.56860000      0.05480000      0.89790000      0.20960000      0.89180000      0.00000000      0.00000000      0.00000000      0.00000000      0.00000000      2.05410000
     -1.51860000      0.42010000      6.67360000      0.40530000      6.67610000      0.00000000      0.00000000      0.00000000      0.00000000      0.00000000     14.17510000
     -1.46860000      0.64720000     10.26820000      0.61300000     10.27480000      0.00000000      0.00000000      0.00000000      0.00000000      0.00000000     21.80320000
     -1.41860000      0.18460000      2.92650000      0.17230000      2.92910000      0.00000000      0.00000000      0.00000000      0.00000000      0.00000000      6.21250000
     -1.36860000      0.01130000      0.16050000      0.04240000      0.16060000      0.00000000      0.00000000      0.00000000      0.00000000      0.00000000      0.37480000
     -1.31860000      0.07890000      0.77890000      1.87040000      0.77940000      0.00000000      0.00000000      0.00000000      0.00000000      0.00000000      3.50760000
     -1.26860000      0.72670000      7.17120000     18.23010000      7.17020000      0.00000000      0.00000000      0.00000000      0.00000000      0.00000000     33.29820000
     -1.21860000      1.34250000     13.82550000     36.98680000     13.81180000      0.00000000      0.00000000      0.00000000      0.00000000      0.00000000     65.96660000
     -1.16860000      0.67990000     13.16710000     24.54110000     13.14960000      0.00000000      0.00000000      0.00000000      0.00000000      0.00000000     51.53770000
     -1.11860000      0.17340000     18.57620000     22.48310000     18.57180000      0.00000000      0.00000000      0.00000000      0.00000000      0.00000000     59.80450000
     -1.06860000      0.09180000     14.30730000     27.26800000     14.30420000      0.00000000      0.00000000      0.00000000      0.00000000      0.00000000     55.97130000
     -1.01860000      0.14660000     12.38920000     31.66380000     12.38580000      0.00000000      0.00000000      0.00000000      0.00000000      0.00000000     56.58540000
     -0.96860000      0.21860000      7.22380000     19.53180000      7.22270000      0.00000000      0.00000000      0.00000000      0.00000000      0.00000000     34.19690000
     -0.91860000      0.47600000     13.64150000     21.45110000     13.65370000      0.00000000      0.00000000      0.00000000      0.00000000      0.00000000     49.22230000
     -0.86860000      0.62030000     28.15450000     30.52010000     28.15210000      0.00000000      0.00000000      0.00000000      0.00000000      0.00000000     87.44700000
     -0.81860000      0.44620000     27.96590000     35.48280000     28.00260000      0.00000000      0.00000000      0.00000000      0.00000000      0.00000000     91.89750000
     -0.76860000      0.24280000     22.08460000     27.23570000     22.12420000      0.00000000      0.00000000      0.00000000      0.00000000      0.00000000     71.68730000
     -0.71860000      0.14110000     21.03450000     20.63010000     21.01530000      0.00000000      0.00000000      0.00000000      0.00000000      0.00000000     62.82100000
     -0.66860000      0.09350000     18.06940000     15.75740000     18.04320000      0.00000000      0.00000000      0.00000000      0.00000000      0.00000000     51.96350000
     -0.61860000      0.19190000     16.53340000     10.60830000     16.53440000      0.00000000      0.00000000      0.00000000      0.00000000      0.00000000     43.86800000
     -0.56860000      0.55520000     35.08200000     21.40000000     35.08620000      0.00000000      0.00000000      0.00000000      0.00000000      0.00000000     92.12340000
     -0.51860000      0.59850000     51.49810000     36.31460000     51.47450000      0.00000000      0.00000000      0.00000000      0.00000000      0.00000000    139.88570000
     -0.46860000      0.36510000     27.64330000     37.60410000     27.65450000      0.00000000      0.00000000      0.00000000      0.00000000      0.00000000     93.26700000
     -0.41860000      0.35170000     18.68790000     29.67030000     18.76530000      0.00000000      0.00000000      0.00000000      0.00000000      0.00000000     67.47520000
     -0.36860000      0.45680000     32.68010000     26.12000000     32.68900000      0.00000000      0.00000000      0.00000000      0.00000000      0.00000000     91.94590000
     -0.31860000      0.50260000     41.29360000     30.19330000     41.24890000      0.00000000      0.00000000      0.00000000      0.00000000      0.00000000    113.23840000
     -0.26860000      0.43200000     45.39290000     35.65070000     45.34570000      0.00000000      0.00000000      0.00000000      0.00000000      0.00000000    126.82130000
     -0.21860000      0.36500000     36.63840000     37.27590000     36.62470000      0.00000000      0.00000000      0.00000000      0.00000000      0.00000000    110.90400000
     -0.16860000      0.40620000     21.11930000     28.48940000     21.17540000      0.00000000      0.00000000      0.00000000      0.00000000      0.00000000     71.19030000
     -0.11860000      0.75670000      8.89810000     15.54230000      8.87750000      0.00000000      0.00000000      0.00000000      0.00000000      0.00000000     34.07460000
     -0.06860000      0.56600000     11.52660000      5.56820000     11.49690000      0.00000000      0.00000000      0.00000000      0.00000000      0.00000000     29.15770000
     -0.01860000      0.11540000     21.94070000      2.94400000     21.92600000      0.00000000      0.00000000      0.00000000      0.00000000      0.00000000     46.92610000
      0.03140000      0.04950000     16.39280000      3.56400000     16.38200000      0.00000000      0.00000000      0.00000000      0.00000000      0.00000000     36.38830000
      0.08140000      0.01340000      3.69350000      0.99700000      3.69110000      0.00000000      0.00000000      0.00000000      0.00000000      0.00000000      8.39500000
      0.13140000      0.00020000      0.17250000      0.04820000      0.17230000      0.00000000      0.00000000      0.00000000      0.00000000      0.00000000      0.39320000
      0.18140000      0.00000000      0.00180000      0.00000000      0.00180000      0.00000000      0.00000000      0.00000000      0.00000000      0.00000000      0.00360000
      0.23140000      0.02440000      0.11950000      0.03680000      0.11970000      0.00000000      0.00000000      0.00000000      0.00000000      0.00000000      0.30040000
      0.28140000      0.38840000      1.87390000      0.57240000      1.87340000      0.00000000      0.00000000      0.00000000      0.00000000      0.00000000      4.70810000
      0.33140000      1.07400000      5.17900000      1.58380000      5.17910000      0.00000000      0.00000000      0.00000000      0.00000000      0.00000000     13.01590000
      0.38140000      0.55140000      2.65800000      0.81390000      2.65810000      0.00000000      0.00000000      0.00000000      0.00000000      0.00000000      6.68140000
      0.43140000      0.05110000      0.24480000      0.07490000      0.24440000      0.00000000      0.00000000      0.00000000      0.00000000      0.00000000      0.61520000
      0.48140000      0.00060000      0.00300000      0.00120000      0.00300000      0.00000000      0.00000000      0.00000000      0.00000000      0.00000000      0.00780000
      0.53140000      0.00000000      0.00000000      0.00000000      0.00000000      0.00000000      0.00000000      0.00000000      0.00000000      0.00000000      0.00000000
      0.58140000      0.00000000      0.00000000      0.00000000      0.00000000      0.00000000      0.00000000      0.00000000      0.00000000      0.00000000      0.00000000
      0.63140000      0.00000000      0.00000000      0.00000000      0.00000000      0.00000000      0.00000000      0.00000000      0.00000000      0.00000000      0.00000000
      0.68140000      0.00000000      0.00000000      0.00000000      0.00000000      0.00000000      0.00000000      0.00000000      0.00000000      0.00000000      0.00000000
      0.73140000      0.00000000      0.00000000      0.00000000      0.00000000      0.00000000      0.00000000      0.00000000      0.00000000      0.00000000      0.00000000
      0.78140000      0.00000000      0.00000000      0.00000000      0.00000000      0.00000000      0.00000000      0.00000000      0.00000000      0.00000000      0.00000000
      0.83140000      0.00140000      0.01350000      0.00290000      0.01360000      0.00000000      0.00000000      0.00000000      0.00000000      0.00000000      0.03140000
      0.88140000      0.06950000      0.81500000      0.15140000      0.81340000      0.00000000      0.00000000      0.00000000      0.00000000      0.00000000      1.84930000
      0.93140000      0.71470000      8.35900000      1.56210000      8.35790000      0.00000000      0.00000000      0.00000000      0.00000000      0.00000000     18.99370000
      0.98140000      1.39970000     16.53690000      3.10560000     16.53930000      0.00000000      0.00000000      0.00000000      0.00000000      0.00000000     37.58150000
      1.03140000      0.78880000     10.64170000      1.96510000     10.63910000      0.00000000      0.00000000      0.00000000      0.00000000      0.00000000     24.03470000
      1.08140000      0.44740000      7.30910000      1.31330000      7.31070000      0.00000000      0.00000000      0.00000000      0.00000000      0.00000000     16.38050000
      1.13140000      0.11860000      1.97450000      0.35540000      1.97520000      0.00000000      0.00000000      0.00000000      0.00000000      0.00000000      4.42370000
      1.18140000      0.00560000      0.10300000      0.01860000      0.10350000      0.00000000      0.00000000      0.00000000      0.00000000      0.00000000      0.23070000
      1.23140000      0.00000000      0.00080000      0.00000000      0.00080000      0.00000000      0.00000000      0.00000000      0.00000000      0.00000000      0.00160000
      1.28140000      0.00000000      0.00060000      0.00280000      0.00060000      0.00000000      0.00000000      0.00000000      0.00000000      0.00000000      0.00400000
      1.33140000      0.05130000      0.05360000      0.16160000      0.05340000      0.00000000      0.00000000      0.00000000      0.00000000      0.00000000      0.31990000
      1.38140000      0.54260000      0.56430000      1.70140000      0.56290000      0.00000000      0.00000000      0.00000000      0.00000000      0.00000000      3.37120000
      1.43140000      1.01050000      1.05020000      3.16650000      1.04750000      0.00000000      0.00000000      0.00000000      0.00000000      0.00000000      6.27470000
      1.48140000      0.34450000      0.35740000      1.07910000      0.35710000      0.00000000      0.00000000      0.00000000      0.00000000      0.00000000      2.13810000
      1.53140000      0.02100000      0.02130000      0.06410000      0.02110000      0.00000000      0.00000000      0.00000000      0.00000000      0.00000000      0.12750000
      1.58140000      0.00480000      0.01190000      0.00550000      0.01210000      0.00000000      0.00000000      0.00000000      0.00000000      0.00000000      0.03430000
      1.63140000      0.14910000      0.34990000      0.15610000      0.34960000      0.00000000      0.00000000      0.00000000      0.00000000      0.00000000      1.00470000
      1.68140000      0.72560000      1.70610000      0.76030000      1.70420000      0.00000000      0.00000000      0.00000000      0.00000000      0.00000000      4.89620000
      1.73140000      0.64280000      1.51120000      0.67280000      1.50930000      0.00000000      0.00000000      0.00000000      0.00000000      0.00000000      4.33610000
      1.78140000      0.10440000      0.24750000      0.11000000      0.24670000      0.00000000      0.00000000      0.00000000      0.00000000      0.00000000      0.70860000
      1.83140000      0.09180000      0.23290000      0.12040000      0.23290000      0.00000000      0.00000000      0.00000000      0.00000000      0.00000000      0.67800000
      1.88140000      0.60930000      1.55470000      0.80430000      1.55340000      0.00000000      0.00000000      0.00000000      0.00000000      0.00000000      4.52170000
      1.93140000      0.75260000      1.92040000      0.99360000      1.91860000      0.00000000      0.00000000      0.00000000      0.00000000      0.00000000      5.58520000
      1.98140000      0.16910000      0.43160000      0.22340000      0.43080000      0.00000000      0.00000000      0.00000000      0.00000000      0.00000000      1.25490000
      2.03140000      0.00630000      0.01610000      0.00840000      0.01620000      0.00000000      0.00000000      0.00000000      0.00000000      0.00000000      0.04700000
      2.08140000      0.00000000      0.00000000      0.00000000      0.00000000      0.00000000      0.00000000      0.00000000      0.00000000      0.00000000      0.00000000
      2.13140000      0.00240000      0.01310000      0.00530000      0.01310000      0.00000000      0.00000000      0.00000000      0.00000000      0.00000000      0.03390000
      2.18140000      0.12630000      0.58100000      0.23980000      0.57950000      0.00000000      0.00000000      0.00000000      0.00000000      0.00000000      1.52660000
      2.23140000      0.97190000      4.46060000      1.84200000      4.45990000      0.00000000      0.00000000      0.00000000      0.00000000      0.00000000     11.73440000
      2.28140000      1.68170000      7.77540000      3.18090000      7.77830000      0.00000000      0.00000000      0.00000000      0.00000000      0.00000000     20.41630000
      2.33140000      1.10780000      5.32710000      2.12300000      5.31690000      0.00000000      0.00000000      0.00000000      0.00000000      0.00000000     13.87480000
      2.38140000      0.70770000      3.65640000      1.42580000      3.65580000      0.00000000      0.00000000      0.00000000      0.00000000      0.00000000      9.44570000
      2.43140000      0.32640000      1.85940000      0.67940000      1.86060000      0.00000000      0.00000000      0.00000000      0.00000000      0.00000000      4.72580000
      2.48140000      0.39050000      2.74270000      0.85410000      2.74230000      0.00000000      0.00000000      0.00000000      0.00000000      0.00000000      6.72960000
      2.53140000      0.32180000      2.28960000      0.70710000      2.28970000      0.00000000      0.00000000      0.00000000      0.00000000      0.00000000      5.60820000
      2.58140000      0.05020000      0.35700000      0.11000000      0.35670000      0.00000000      0.00000000      0.00000000      0.00000000      0.00000000      0.87390000
      2.63140000      0.00110000      0.00900000      0.00230000      0.00900000      0.00000000      0.00000000      0.00000000      0.00000000      0.00000000      0.02140000
      2.68140000      0.00000000      0.00000000      0.00000000      0.00000000      0.00000000      0.00000000      0.00000000      0.00000000      0.00000000      0.00000000
      2.73140000      0.00000000      0.00000000      0.00000000      0.00000000      0.00000000      0.00000000      0.00000000      0.00000000      0.00000000      0.00000000
      2.78140000      0.00000000      0.00000000      0.00000000      0.00000000      0.00000000      0.00000000      0.00000000      0.00000000      0.00000000      0.00000000
      2.83140000      0.00000000      0.00000000      0.00000000      0.00000000      0.00000000      0.00000000      0.00000000      0.00000000      0.00000000      0.00000000
      2.88140000      0.00000000      0.00000000      0.00000000      0.00000000      0.00000000      0.00000000      0.00000000      0.00000000      0.00000000      0.00000000
      2.93140000      0.00000000      0.00000000      0.00000000      0.00000000      0.00000000      0.00000000      0.00000000      0.00000000      0.00000000      0.00000000
      2.98140000      0.00000000      0.00000000      0.00000000      0.00000000      0.00000000      0.00000000      0.00000000      0.00000000      0.00000000      0.00000000
      3.03140000      0.00070000      0.00120000      0.00150000      0.00120000      0.00000000      0.00000000      0.00000000      0.00000000      0.00000000      0.00460000
      3.08140000      0.07070000      0.10570000      0.12400000      0.10610000      0.00000000      0.00000000      0.00000000      0.00000000      0.00000000      0.40650000
      3.13140000      0.74200000      1.10160000      1.29180000      1.10460000      0.00000000      0.00000000      0.00000000      0.00000000      0.00000000      4.24000000
      3.18140000      1.37050000      2.03450000      2.38620000      2.04020000      0.00000000      0.00000000      0.00000000      0.00000000      0.00000000      7.83140000
      3.23140000      0.46350000      0.68770000      0.80640000      0.68990000      0.00000000      0.00000000      0.00000000      0.00000000      0.00000000      2.64750000
      3.28140000      0.02690000      0.04020000      0.04730000      0.04040000      0.00000000      0.00000000      0.00000000      0.00000000      0.00000000      0.15480000
      3.33140000      0.00020000      0.00020000      0.00030000      0.00020000      0.00000000      0.00000000      0.00000000      0.00000000      0.00000000      0.00090000
      3.38140000      0.00000000      0.00000000      0.00020000      0.00000000      0.00000000      0.00000000      0.00000000      0.00000000      0.00000000      0.00020000
      3.43140000      0.00300000      0.01420000      0.01860000      0.01710000      0.00000000      0.00000000      0.00000000      0.00000000      0.00000000      0.05290000
      3.48140000      0.01740000      0.29770000      0.06530000      0.40950000      0.00000000      0.00000000      0.00000000      0.00000000      0.00000000      0.78990000
      3.53140000      0.05010000      1.56450000      0.07080000      2.18410000      0.00000000      0.00000000      0.00000000      0.00000000      0.00000000      3.86950000
      3.58140000      0.05210000      1.57120000      0.05270000      2.19430000      0.00000000      0.00000000      0.00000000      0.00000000      0.00000000      3.87030000
      3.63140000      0.24890000      0.56470000      0.42280000      0.67850000      0.00000000      0.00000000      0.00000000      0.00000000      0.00000000      1.91490000
      3.68140000      1.74310000      2.01750000      3.00630000      2.02720000      0.00000000      0.00000000      0.00000000      0.00000000      0.00000000      8.79410000
      3.73140000      3.04790000      3.45770000      5.23380000      3.47550000      0.00000000      0.00000000      0.00000000      0.00000000      0.00000000     15.21490000
      3.78140000      1.42850000      1.59510000      2.44220000      1.60760000      0.00000000      0.00000000      0.00000000      0.00000000      0.00000000      7.07340000
      3.83140000      0.15610000      0.17260000      0.26520000      0.17430000      0.00000000      0.00000000      0.00000000      0.00000000      0.00000000      0.76820000
      3.88140000      0.00280000      0.00300000      0.00570000      0.00320000      0.00000000      0.00000000      0.00000000      0.00000000      0.00000000      0.01470000
      3.93140000      0.00260000      0.00360000      0.00410000      0.00340000      0.00000000      0.00000000      0.00000000      0.00000000      0.00000000      0.01370000
      3.98140000      0.15080000      0.19760000      0.23190000      0.19080000      0.00000000      0.00000000      0.00000000      0.00000000      0.00000000      0.77110000
      4.03140000      1.42060000      1.85170000      2.16440000      1.78870000      0.00000000      0.00000000      0.00000000      0.00000000      0.00000000      7.22540000
      4.08140000      2.78310000      3.59440000      4.04180000      3.52050000      0.00000000      0.00000000      0.00000000      0.00000000      0.00000000     13.93980000
      4.13140000      2.22210000      2.80340000      2.80590000      2.85660000      0.00000000      0.00000000      0.00000000      0.00000000      0.00000000     10.68800000
      4.18140000      1.55970000      1.86440000      2.43840000      1.91680000      0.00000000      0.00000000      0.00000000      0.00000000      0.00000000      7.77930000
      4.23140000      1.53080000      1.70910000      2.95540000      1.73700000      0.00000000      0.00000000      0.00000000      0.00000000      0.00000000      7.93230000
      4.28140000      0.71910000      0.79640000      1.26430000      0.80760000      0.00000000      0.00000000      0.00000000      0.00000000      0.00000000      3.58740000
      4.33140000      0.87150000      1.11580000      0.68930000      1.12090000      0.00000000      0.00000000      0.00000000      0.00000000      0.00000000      3.79750000
      4.38140000      2.23360000      3.04610000      1.75820000      3.05830000      0.00000000      0.00000000      0.00000000      0.00000000      0.00000000     10.09620000
      4.43140000      1.89510000      3.13200000      1.93400000      3.14210000      0.00000000      0.00000000      0.00000000      0.00000000      0.00000000     10.10320000
      4.48140000      0.63580000      1.23230000      0.78840000      1.23500000      0.00000000      0.00000000      0.00000000      0.00000000      0.00000000      3.89150000
      4.53140000      0.05650000      0.11430000      0.07550000      0.11440000      0.00000000      0.00000000      0.00000000      0.00000000      0.00000000      0.36070000
      4.58140000      0.02780000      0.04100000      0.17940000      0.04080000      0.00000000      0.00000000      0.00000000      0.00000000      0.00000000      0.28900000
      4.63140000      0.31660000      0.45520000      2.06960000      0.45310000      0.00000000      0.00000000      0.00000000      0.00000000      0.00000000      3.29450000
      4.68140000      0.65040000      0.93450000      4.25090000      0.93050000      0.00000000      0.00000000      0.00000000      0.00000000      0.00000000      6.76630000
      4.73140000      0.24590000      0.35580000      1.60790000      0.35440000      0.00000000      0.00000000      0.00000000      0.00000000      0.00000000      2.56400000
      4.78140000      0.09100000      0.22690000      0.57860000      0.22760000      0.00000000      0.00000000      0.00000000      0.00000000      0.00000000      1.12410000
      4.83140000      0.69810000      1.97070000      4.42620000      1.96880000      0.00000000      0.00000000      0.00000000      0.00000000      0.00000000      9.06380000
      4.88140000      1.48260000      4.23550000      9.24090000      4.23900000      0.00000000      0.00000000      0.00000000      0.00000000      0.00000000     19.19800000
      4.93140000      1.10400000      2.98690000      6.31170000      2.99300000      0.00000000      0.00000000      0.00000000      0.00000000      0.00000000     13.39560000
      4.98140000      0.85660000      2.81450000      2.93070000      2.81900000      0.00000000      0.00000000      0.00000000      0.00000000      0.00000000      9.42080000
      5.03140000      0.84720000      3.60580000      1.35050000      3.61170000      0.00000000      0.00000000      0.00000000      0.00000000      0.00000000      9.41520000
      5.08140000      0.59290000      2.87410000      1.62340000      2.87760000      0.00000000      0.00000000      0.00000000      0.00000000      0.00000000      7.96800000
      5.13140000      0.54720000      2.63860000      2.08600000      2.64020000      0.00000000      0.00000000      0.00000000      0.00000000      0.00000000      7.91200000
      5.18140000      0.19730000      0.91320000      0.76290000      0.91230000      0.00000000      0.00000000      0.00000000      0.00000000      0.00000000      2.78570000
      5.23140000      0.01480000      0.06830000      0.05810000      0.06850000      0.00000000      0.00000000      0.00000000      0.00000000      0.00000000      0.20970000
      5.28140000      0.00000000      0.00000000      0.00040000      0.00000000      0.00000000      0.00000000      0.00000000      0.00000000      0.00000000      0.00040000
      5.33140000      0.00000000      0.00000000      0.00000000      0.00000000      0.00000000      0.00000000      0.00000000      0.00000000      0.00000000      0.00000000
      5.38140000      0.00330000      0.01180000      0.01270000      0.01180000      0.00000000      0.00000000      0.00000000      0.00000000      0.00000000      0.03960000
      5.43140000      0.06480000      0.22800000      0.22490000      0.22360000      0.00000000      0.00000000      0.00000000      0.00000000      0.00000000      0.74130000
      5.48140000      0.27010000      1.10490000      0.92860000      1.09560000      0.00000000      0.00000000      0.00000000      0.00000000      0.00000000      3.39920000
      5.53140000      0.30560000      1.40810000      1.04790000      1.40740000      0.00000000      0.00000000      0.00000000      0.00000000      0.00000000      4.16900000
      5.58140000      0.08230000      0.39990000      0.28290000      0.40110000      0.00000000      0.00000000      0.00000000      0.00000000      0.00000000      1.16620000
      5.63140000      0.03730000      0.04720000      0.05550000      0.04180000      0.00000000      0.00000000      0.00000000      0.00000000      0.00000000      0.18180000
      5.68140000      0.30720000      0.24080000      0.37800000      0.19270000      0.00000000      0.00000000      0.00000000      0.00000000      0.00000000      1.11870000
      5.73140000      0.51120000      0.39840000      0.62630000      0.31840000      0.00000000      0.00000000      0.00000000      0.00000000      0.00000000      1.85430000
      5.78140000      0.31140000      0.19660000      0.30860000      0.17200000      0.00000000      0.00000000      0.00000000      0.00000000      0.00000000      0.98860000
      5.83140000      0.82490000      0.41310000      0.64160000      0.40600000      0.00000000      0.00000000      0.00000000      0.00000000      0.00000000      2.28560000
      5.88140000      0.80030000      0.40490000      0.62670000      0.39770000      0.00000000      0.00000000      0.00000000      0.00000000      0.00000000      2.22960000
      5.93140000      0.17040000      0.10090000      0.15330000      0.09930000      0.00000000      0.00000000      0.00000000      0.00000000      0.00000000      0.52390000
      5.98140000      0.35020000      0.39510000      0.59430000      0.39610000      0.00000000      0.00000000      0.00000000      0.00000000      0.00000000      1.73570000
      6.03140000      1.13730000      1.26410000      2.18160000      1.28200000      0.00000000      0.00000000      0.00000000      0.00000000      0.00000000      5.86500000
      6.08140000      1.65590000      1.71710000      4.44690000      1.76120000      0.00000000      0.00000000      0.00000000      0.00000000      0.00000000      9.58110000
      6.13140000      1.71310000      1.73800000      5.18670000      1.72360000      0.00000000      0.00000000      0.00000000      0.00000000      0.00000000     10.36140000
      6.18140000      0.51470000      0.52480000      1.56190000      0.50860000      0.00000000      0.00000000      0.00000000      0.00000000      0.00000000      3.11000000
      6.23140000      0.03410000      0.03760000      0.21240000      0.03650000      0.00000000      0.00000000      0.00000000      0.00000000      0.00000000      0.32060000
      6.28140000      0.05340000      0.09050000      1.46330000      0.09070000      0.00000000      0.00000000      0.00000000      0.00000000      0.00000000      1.69790000
      6.33140000      0.21700000      0.49210000      3.93350000      0.49730000      0.00000000      0.00000000      0.00000000      0.00000000      0.00000000      5.13990000
      6.38140000      0.57530000      1.60010000      5.66830000      1.61230000      0.00000000      0.00000000      0.00000000      0.00000000      0.00000000      9.45600000
      6.43140000      0.70190000      2.25180000      6.01470000      2.26050000      0.00000000      0.00000000      0.00000000      0.00000000      0.00000000     11.22890000
      6.48140000      0.47870000      2.28780000      3.83980000      2.32880000      0.00000000      0.00000000      0.00000000      0.00000000      0.00000000      8.93510000
      6.53140000      0.29870000      1.66550000      2.18960000      1.72350000      0.00000000      0.00000000      0.00000000      0.00000000      0.00000000      5.87730000
      6.58140000      0.20500000      0.60500000      0.79220000      0.58490000      0.00000000      0.00000000      0.00000000      0.00000000      0.00000000      2.18710000
      6.63140000      0.26800000      0.46480000      0.63450000      0.39540000      0.00000000      0.00000000      0.00000000      0.00000000      0.00000000      1.76270000
      6.68140000      0.09140000      0.15360000      0.20880000      0.12930000      0.00000000      0.00000000      0.00000000      0.00000000      0.00000000      0.58310000
      6.73140000      0.07430000      0.06710000      0.02990000      0.06600000      0.00000000      0.00000000      0.00000000      0.00000000      0.00000000      0.23730000
      6.78140000      0.60460000      0.51310000      0.15850000      0.51320000      0.00000000      0.00000000      0.00000000      0.00000000      0.00000000      1.78940000
      6.83140000      1.01360000      0.85900000      0.26790000      0.85960000      0.00000000      0.00000000      0.00000000      0.00000000      0.00000000      3.00010000
      6.88140000      0.33320000      0.28180000      0.08900000      0.28240000      0.00000000      0.00000000      0.00000000      0.00000000      0.00000000      0.98640000
      6.93140000      0.02020000      0.01690000      0.00540000      0.01720000      0.00000000      0.00000000      0.00000000      0.00000000      0.00000000      0.05970000
      6.98140000      0.00000000      0.00000000      0.00000000      0.00000000      0.00000000      0.00000000      0.00000000      0.00000000      0.00000000      0.00000000
      7.03140000      0.00000000      0.00000000      0.00000000      0.00000000      0.00000000      0.00000000      0.00000000      0.00000000      0.00000000      0.00000000
      7.08140000      0.00000000      0.00000000      0.00000000      0.00000000      0.00000000      0.00000000      0.00000000      0.00000000      0.00000000      0.00000000
      7.13140000      0.00000000      0.00000000      0.00000000      0.00000000      0.00000000      0.00000000      0.00000000      0.00000000      0.00000000      0.00000000
      7.18140000      0.00000000      0.00000000      0.00000000      0.00000000      0.00000000      0.00000000      0.00000000      0.00000000      0.00000000      0.00000000
      7.23140000      0.00000000      0.00000000      0.00000000      0.00000000      0.00000000      0.00000000      0.00000000      0.00000000      0.00000000      0.00000000
      7.28140000      0.00000000      0.00000000      0.00000000      0.00000000      0.00000000      0.00000000      0.00000000      0.00000000      0.00000000      0.00000000
      7.33140000      0.00000000      0.00000000      0.00000000      0.00000000      0.00000000      0.00000000      0.00000000      0.00000000      0.00000000      0.00000000
      7.38140000      0.00000000      0.00000000      0.00000000      0.00000000      0.00000000      0.00000000      0.00000000      0.00000000      0.00000000      0.00000000
      7.43140000      0.00000000      0.00000000      0.00000000      0.00000000      0.00000000      0.00000000      0.00000000      0.00000000      0.00000000      0.00000000
      7.48140000      0.00000000      0.00000000      0.00000000      0.00000000      0.00000000      0.00000000      0.00000000      0.00000000      0.00000000      0.00000000
      7.53140000      0.00000000      0.00000000      0.00000000      0.00000000      0.00000000      0.00000000      0.00000000      0.00000000      0.00000000      0.00000000
      7.58140000      0.00000000      0.00000000      0.00000000      0.00000000      0.00000000      0.00000000      0.00000000      0.00000000      0.00000000      0.00000000
      7.63140000      0.00000000      0.00000000      0.00000000      0.00000000      0.00000000      0.00000000      0.00000000      0.00000000      0.00000000      0.00000000
      7.68140000      0.00000000      0.00000000      0.00000000      0.00000000      0.00000000      0.00000000      0.00000000      0.00000000      0.00000000      0.00000000
      7.73140000      0.00000000      0.00000000      0.00000000      0.00000000      0.00000000      0.00000000      0.00000000      0.00000000      0.00000000      0.00000000
      7.78140000      0.00000000      0.00000000      0.00000000      0.00000000      0.00000000      0.00000000      0.00000000      0.00000000      0.00000000      0.00000000
      7.83140000      0.00000000      0.00000000      0.00000000      0.00000000      0.00000000      0.00000000      0.00000000      0.00000000      0.00000000      0.00000000
      7.88140000      0.00000000      0.00000000      0.00000000      0.00000000      0.00000000      0.00000000      0.00000000      0.00000000      0.00000000      0.00000000
      7.93140000      0.00000000      0.00000000      0.00000000      0.00000000      0.00000000      0.00000000      0.00000000      0.00000000      0.00000000      0.00000000
      7.98140000      0.00000000      0.00000000      0.00000000      0.00000000      0.00000000      0.00000000      0.00000000      0.00000000      0.00000000      0.00000000
      8.03140000      0.00000000      0.00000000      0.00000000      0.00000000      0.00000000      0.00000000      0.00000000      0.00000000      0.00000000      0.00000000
      8.08140000      0.00000000      0.00000000      0.00000000      0.00000000      0.00000000      0.00000000      0.00000000      0.00000000      0.00000000      0.00000000
      8.13140000      0.00000000      0.00000000      0.00000000      0.00000000      0.00000000      0.00000000      0.00000000      0.00000000      0.00000000      0.00000000
      8.18140000      0.00000000      0.00000000      0.00000000      0.00000000      0.00000000      0.00000000      0.00000000      0.00000000      0.00000000      0.00000000
      8.23140000      0.00000000      0.00000000      0.00000000      0.00000000      0.00000000      0.00000000      0.00000000      0.00000000      0.00000000      0.00000000
      8.28140000      0.00000000      0.00000000      0.00000000      0.00000000      0.00000000      0.00000000      0.00000000      0.00000000      0.00000000      0.00000000
      8.33140000      0.00000000      0.00000000      0.00000000      0.00000000      0.00000000      0.00000000      0.00000000      0.00000000      0.00000000      0.00000000
      8.38140000      0.00000000      0.00000000      0.00000000      0.00000000      0.00000000      0.00000000      0.00000000      0.00000000      0.00000000      0.00000000
      8.43140000      0.00000000      0.00000000      0.00000000      0.00000000      0.00000000      0.00000000      0.00000000      0.00000000      0.00000000      0.00000000
      8.48140000      0.00000000      0.00000000      0.00000000      0.00000000      0.00000000      0.00000000      0.00000000      0.00000000      0.00000000      0.00000000
      8.53140000      0.00000000      0.00000000      0.00000000      0.00000000      0.00000000      0.00000000      0.00000000      0.00000000      0.00000000      0.00000000
      8.58140000      0.00000000      0.00000000      0.00000000      0.00000000      0.00000000      0.00000000      0.00000000      0.00000000      0.00000000      0.00000000
      8.63140000      0.00000000      0.00000000      0.00000000      0.00000000      0.00000000      0.00000000      0.00000000      0.00000000      0.00000000      0.00000000
      8.68140000      0.00000000      0.00000000      0.00000000      0.00000000      0.00000000      0.00000000      0.00000000      0.00000000      0.00000000      0.00000000
      8.73140000      0.00000000      0.00000000      0.00000000      0.00000000      0.00000000      0.00000000      0.00000000      0.00000000      0.00000000      0.00000000
      8.78140000      0.00000000      0.00000000      0.00000000      0.00000000      0.00000000      0.00000000      0.00000000      0.00000000      0.00000000      0.00000000
      8.83140000      0.00000000      0.00000000      0.00000000      0.00000000      0.00000000      0.00000000      0.00000000      0.00000000      0.00000000      0.00000000
      8.88140000      0.00000000      0.00000000      0.00000000      0.00000000      0.00000000      0.00000000      0.00000000      0.00000000      0.00000000      0.00000000
      8.93140000      0.00000000      0.00000000      0.00000000      0.00000000      0.00000000      0.00000000      0.00000000      0.00000000      0.00000000      0.00000000
      8.98140000      0.00000000      0.00000000      0.00000000      0.00000000      0.00000000      0.00000000      0.00000000      0.00000000      0.00000000      0.00000000
      9.03140000      0.00000000      0.00000000      0.00000000      0.00000000      0.00000000      0.00000000      0.00000000      0.00000000      0.00000000      0.00000000
      9.08140000      0.00000000      0.00000000      0.00000000      0.00000000      0.00000000      0.00000000      0.00000000      0.00000000      0.00000000      0.00000000
      9.13140000      0.00000000      0.00000000      0.00000000      0.00000000      0.00000000      0.00000000      0.00000000      0.00000000      0.00000000      0.00000000
      9.18140000      0.00000000      0.00000000      0.00000000      0.00000000      0.00000000      0.00000000      0.00000000      0.00000000      0.00000000      0.00000000
      9.23140000      0.00000000      0.00000000      0.00000000      0.00000000      0.00000000      0.00000000      0.00000000      0.00000000      0.00000000      0.00000000
      9.28140000      0.00000000      0.00000000      0.00000000      0.00000000      0.00000000      0.00000000      0.00000000      0.00000000      0.00000000      0.00000000
      9.33140000      0.00000000      0.00000000      0.00000000      0.00000000      0.00000000      0.00000000      0.00000000      0.00000000      0.00000000      0.00000000
      9.38140000      0.00000000      0.00000000      0.00000000      0.00000000      0.00000000      0.00000000      0.00000000      0.00000000      0.00000000      0.00000000
      9.43140000      0.00000000      0.00000000      0.00000000      0.00000000      0.00000000      0.00000000      0.00000000      0.00000000      0.00000000      0.00000000
      9.48140000      0.00000000      0.00000000      0.00000000      0.00000000      0.00000000      0.00000000      0.00000000      0.00000000      0.00000000      0.00000000
      9.53140000      0.00000000      0.00000000      0.00000000      0.00000000      0.00000000      0.00000000      0.00000000      0.00000000      0.00000000      0.00000000
      9.58140000      0.00000000      0.00000000      0.00000000      0.00000000      0.00000000      0.00000000      0.00000000      0.00000000      0.00000000      0.00000000
      9.63140000      0.00000000      0.00000000      0.00000000      0.00000000      0.00000000      0.00000000      0.00000000      0.00000000      0.00000000      0.00000000
      9.68140000      0.00000000      0.00000000      0.00000000      0.00000000      0.00000000      0.00000000      0.00000000      0.00000000      0.00000000      0.00000000
      9.73140000      0.00000000      0.00000000      0.00000000      0.00000000      0.00000000      0.00000000      0.00000000      0.00000000      0.00000000      0.00000000
      9.78140000      0.00000000      0.00000000      0.00000000      0.00000000      0.00000000      0.00000000      0.00000000      0.00000000      0.00000000      0.00000000
      9.83140000      0.00000000      0.00000000      0.00000000      0.00000000      0.00000000      0.00000000      0.00000000      0.00000000      0.00000000      0.00000000
      9.88140000      0.00000000      0.00000000      0.00000000      0.00000000      0.00000000      0.00000000      0.00000000      0.00000000      0.00000000      0.00000000
      9.93140000      0.00000000      0.00000000      0.00000000      0.00000000      0.00000000      0.00000000      0.00000000      0.00000000      0.00000000      0.00000000
      9.98140000      0.00000000      0.00000000      0.00000000      0.00000000      0.00000000      0.00000000      0.00000000      0.00000000      0.00000000      0.00000000
     10.03140000      0.00000000      0.00000000      0.00000000      0.00000000      0.00000000      0.00000000      0.00000000      0.00000000      0.00000000      0.00000000
     10.08140000      0.00000000      0.00000000      0.00000000      0.00000000      0.00000000      0.00000000      0.00000000      0.00000000      0.00000000      0.00000000
     10.13140000      0.00000000      0.00000000      0.00000000      0.00000000      0.00000000      0.00000000      0.00000000      0.00000000      0.00000000      0.00000000
     10.18140000      0.00000000      0.00000000      0.00000000      0.00000000      0.00000000      0.00000000      0.00000000      0.00000000      0.00000000      0.00000000
     10.23140000      0.00000000      0.00000000      0.00000000      0.00000000      0.00000000      0.00000000      0.00000000      0.00000000      0.00000000      0.00000000
     10.28140000      0.00000000      0.00000000      0.00000000      0.00000000      0.00000000      0.00000000      0.00000000      0.00000000      0.00000000      0.00000000
     10.33140000      0.00000000      0.00000000      0.00000000      0.00000000      0.00000000      0.00000000      0.00000000      0.00000000      0.00000000      0.00000000
     10.38140000      0.00000000      0.00000000      0.00000000      0.00000000      0.00000000      0.00000000      0.00000000      0.00000000      0.00000000      0.00000000
     10.43140000      0.00000000      0.00000000      0.00000000      0.00000000      0.00000000      0.00000000      0.00000000      0.00000000      0.00000000      0.00000000
     10.48140000      0.00000000      0.00000000      0.00000000      0.00000000      0.00000000      0.00000000      0.00000000      0.00000000      0.00000000      0.00000000
     10.53140000      0.00000000      0.00000000      0.00000000      0.00000000      0.00000000      0.00000000      0.00000000      0.00000000      0.00000000      0.00000000
     10.58140000      0.00000000      0.00000000      0.00000000      0.00000000      0.00000000      0.00000000      0.00000000      0.00000000      0.00000000      0.00000000
     10.63140000      0.00000000      0.00000000      0.00000000      0.00000000      0.00000000      0.00000000      0.00000000      0.00000000      0.00000000      0.00000000
     10.68140000      0.00000000      0.00000000      0.00000000      0.00000000      0.00000000      0.00000000      0.00000000      0.00000000      0.00000000      0.00000000
     10.73140000      0.00000000      0.00000000      0.00000000      0.00000000      0.00000000      0.00000000      0.00000000      0.00000000      0.00000000      0.00000000
     10.78140000      0.00000000      0.00000000      0.00000000      0.00000000      0.00000000      0.00000000      0.00000000      0.00000000      0.00000000      0.00000000
     10.83140000      0.00000000      0.00000000      0.00000000      0.00000000      0.00000000      0.00000000      0.00000000      0.00000000      0.00000000      0.00000000
     10.88140000      0.00000000      0.00000000      0.00000000      0.00000000      0.00000000      0.00000000      0.00000000      0.00000000      0.00000000      0.00000000
     10.93140000      0.00000000      0.00000000      0.00000000      0.00000000      0.00000000      0.00000000      0.00000000      0.00000000      0.00000000      0.00000000
     10.98140000      0.00000000      0.00000000      0.00000000      0.00000000      0.00000000      0.00000000      0.00000000      0.00000000      0.00000000      0.00000000
     11.03140000      0.00000000      0.00000000      0.00000000      0.00000000      0.00000000      0.00000000      0.00000000      0.00000000      0.00000000      0.00000000
     11.08140000      0.00000000      0.00000000      0.00000000      0.00000000      0.00000000      0.00000000      0.00000000      0.00000000      0.00000000      0.00000000
     11.13140000      0.00000000      0.00000000      0.00000000      0.00000000      0.00000000      0.00000000      0.00000000      0.00000000      0.00000000      0.00000000
     11.18140000      0.00000000      0.00000000      0.00000000      0.00000000      0.00000000      0.00000000      0.00000000      0.00000000      0.00000000      0.00000000
     11.23140000      0.00000000      0.00000000      0.00000000      0.00000000      0.00000000      0.00000000      0.00000000      0.00000000      0.00000000      0.00000000
     11.28140000      0.00000000      0.00000000      0.00000000      0.00000000      0.00000000      0.00000000      0.00000000      0.00000000      0.00000000      0.00000000
     11.33140000      0.00000000      0.00000000      0.00000000      0.00000000      0.00000000      0.00000000      0.00000000      0.00000000      0.00000000      0.00000000
     11.38140000      0.00000000      0.00000000      0.00000000      0.00000000      0.00000000      0.00000000      0.00000000      0.00000000      0.00000000      0.00000000
     11.43140000      0.00000000      0.00000000      0.00000000      0.00000000      0.00000000      0.00000000      0.00000000      0.00000000      0.00000000      0.00000000
     11.48140000      0.00000000      0.00000000      0.00000000      0.00000000      0.00000000      0.00000000      0.00000000      0.00000000      0.00000000      0.00000000
     11.53140000      0.00000000      0.00000000      0.00000000      0.00000000      0.00000000      0.00000000      0.00000000      0.00000000      0.00000000      0.00000000
     11.58140000      0.00000000      0.00000000      0.00000000      0.00000000      0.00000000      0.00000000      0.00000000      0.00000000      0.00000000      0.00000000
     11.63140000      0.00000000      0.00000000      0.00000000      0.00000000      0.00000000      0.00000000      0.00000000      0.00000000      0.00000000      0.00000000
     11.68140000      0.00000000      0.00000000      0.00000000      0.00000000      0.00000000      0.00000000      0.00000000      0.00000000      0.00000000      0.00000000
     11.73140000      0.00000000      0.00000000      0.00000000      0.00000000      0.00000000      0.00000000      0.00000000      0.00000000      0.00000000      0.00000000
     11.78140000      0.00000000      0.00000000      0.00000000      0.00000000      0.00000000      0.00000000      0.00000000      0.00000000      0.00000000      0.00000000
     11.83140000      0.00000000      0.00000000      0.00000000      0.00000000      0.00000000      0.00000000      0.00000000      0.00000000      0.00000000      0.00000000
     11.88140000      0.00000000      0.00000000      0.00000000      0.00000000      0.00000000      0.00000000      0.00000000      0.00000000      0.00000000      0.00000000
     11.93140000      0.00000000      0.00000000      0.00000000      0.00000000      0.00000000      0.00000000      0.00000000      0.00000000      0.00000000      0.00000000
     11.98140000      0.00000000      0.00000000      0.00000000      0.00000000      0.00000000      0.00000000      0.00000000      0.00000000      0.00000000      0.00000000
     12.03140000      0.00000000      0.00000000      0.00000000      0.00000000      0.00000000      0.00000000      0.00000000      0.00000000      0.00000000      0.00000000
     12.08140000      0.00000000      0.00000000      0.00000000      0.00000000      0.00000000      0.00000000      0.00000000      0.00000000      0.00000000      0.00000000
     12.13140000      0.00000000      0.00000000      0.00000000      0.00000000      0.00000000      0.00000000      0.00000000      0.00000000      0.00000000      0.00000000
     12.18140000      0.00000000      0.00000000      0.00000000      0.00000000      0.00000000      0.00000000      0.00000000      0.00000000      0.00000000      0.00000000
     12.23140000      0.00000000      0.00000000      0.00000000      0.00000000      0.00000000      0.00000000      0.00000000      0.00000000      0.00000000      0.00000000
     12.28140000      0.00000000      0.00000000      0.00000000      0.00000000      0.00000000      0.00000000      0.00000000      0.00000000      0.00000000      0.00000000
     12.33140000      0.00000000      0.00000000      0.00000000      0.00000000      0.00000000      0.00000000      0.00000000      0.00000000      0.00000000      0.00000000
     12.38140000      0.00000000      0.00000000      0.00000000      0.00000000      0.00000000      0.00000000      0.00000000      0.00000000      0.00000000      0.00000000
     12.43140000      0.00000000      0.00000000      0.00000000      0.00000000      0.00000000      0.00000000      0.00000000      0.00000000      0.00000000      0.00000000
     12.48140000      0.00000000      0.00000000      0.00000000      0.00000000      0.00000000      0.00000000      0.00000000      0.00000000      0.00000000      0.00000000
     12.53140000      0.00000000      0.00000000      0.00000000      0.00000000      0.00000000      0.00000000      0.00000000      0.00000000      0.00000000      0.00000000
     12.58140000      0.00000000      0.00000000      0.00000000      0.00000000      0.00000000      0.00000000      0.00000000      0.00000000      0.00000000      0.00000000
     12.63140000      0.00000000      0.00000000      0.00000000      0.00000000      0.00000000      0.00000000      0.00000000      0.00000000      0.00000000      0.00000000
     12.68140000      0.00000000      0.00000000      0.00000000      0.00000000      0.00000000      0.00000000      0.00000000      0.00000000      0.00000000      0.00000000
     12.73140000      0.00000000      0.00000000      0.00000000      0.00000000      0.00000000      0.00000000      0.00000000      0.00000000      0.00000000      0.00000000
     12.78140000      0.00000000      0.00000000      0.00000000      0.00000000      0.00000000      0.00000000      0.00000000      0.00000000      0.00000000      0.00000000
     12.83140000      0.00000000      0.00000000      0.00000000      0.00000000      0.00000000      0.00000000      0.00000000      0.00000000      0.00000000      0.00000000
     12.88140000      0.00000000      0.00000000      0.00000000      0.00000000      0.00000000      0.00000000      0.00000000      0.00000000      0.00000000      0.00000000
     12.93140000      0.00000000      0.00000000      0.00000000      0.00000000      0.00000000      0.00000000      0.00000000      0.00000000      0.00000000      0.00000000
