      Energy(eV)          s               py              pz              px              dxy             dyz             dz2             dxz            dx2-y2            tot 
     -7.10240000      0.00030000      0.00000000      0.00000000      0.00000000      0.00000000      0.00000000      0.00000000      0.00000000      0.00000000      0.00030000
     -7.05240000      0.01580000      0.00020000      0.00040000      0.00010000      0.00000000      0.00000000      0.00000000      0.00000000      0.00000000      0.01650000
     -7.00240000      0.08370000      0.00220000      0.00280000      0.00150000      0.00000000      0.00000000      0.00000000      0.00000000      0.00000000      0.09020000
     -6.95240000      0.08810000      0.00260000      0.00260000      0.00190000      0.00000000      0.00000000      0.00000000      0.00000000      0.00000000      0.09520000
     -6.90240000      0.04350000      0.00090000      0.00130000      0.00080000      0.00000000      0.00000000      0.00000000      0.00000000      0.00000000      0.04650000
     -6.85240000      0.12930000      0.00320000      0.00430000      0.00230000      0.00000000      0.00000000      0.00000000      0.00000000      0.00000000      0.13910000
     -6.80240000      0.12400000      0.00300000      0.00410000      0.00210000      0.00000000      0.00000000      0.00000000      0.00000000      0.00000000      0.13320000
     -6.75240000      0.02530000      0.00040000      0.00070000      0.00010000      0.00000000      0.00000000      0.00000000      0.00000000      0.00000000      0.02650000
     -6.70240000      0.02860000      0.00060000      0.00130000      0.00010000      0.00000000      0.00000000      0.00000000      0.00000000      0.00000000      0.03060000
     -6.65240000      0.38970000      0.00870000      0.01730000      0.00350000      0.00000000      0.00000000      0.00000000      0.00000000      0.00000000      0.41920000
     -6.60240000      0.98740000      0.02210000      0.04370000      0.00940000      0.00000000      0.00000000      0.00000000      0.00000000      0.00000000      1.06260000
     -6.55240000      0.58180000      0.01260000      0.02580000      0.00540000      0.00000000      0.00000000      0.00000000      0.00000000      0.00000000      0.62560000
     -6.50240000      0.75110000      0.01380000      0.03490000      0.00600000      0.00000000      0.00000000      0.00000000      0.00000000      0.00000000      0.80580000
     -6.45240000      0.89780000      0.01630000      0.04220000      0.00700000      0.00000000      0.00000000      0.00000000      0.00000000      0.00000000      0.96330000
     -6.40240000      0.20990000      0.00380000      0.00980000      0.00170000      0.00000000      0.00000000      0.00000000      0.00000000      0.00000000      0.22520000
     -6.35240000      0.01770000      0.00020000      0.00050000      0.00020000      0.00000000      0.00000000      0.00000000      0.00000000      0.00000000      0.01860000
     -6.30240000      0.06370000      0.00150000      0.00230000      0.00160000      0.00000000      0.00000000      0.00000000      0.00000000      0.00000000      0.06910000
     -6.25240000      0.14640000      0.00390000      0.00500000      0.00460000      0.00000000      0.00000000      0.00000000      0.00000000      0.00000000      0.15990000
     -6.20240000      0.10230000      0.00270000      0.00330000      0.00290000      0.00000000      0.00000000      0.00000000      0.00000000      0.00000000      0.11120000
     -6.15240000      0.02860000      0.00030000      0.00070000      0.00060000      0.00000000      0.00000000      0.00000000      0.00000000      0.00000000      0.03020000
     -6.10240000      0.19840000      0.00260000      0.00580000      0.00340000      0.00000000      0.00000000      0.00000000      0.00000000      0.00000000      0.21020000
     -6.05240000      1.14240000      0.01890000      0.03020000      0.02380000      0.00000000      0.00000000      0.00000000      0.00000000      0.00000000      1.21530000
     -6.00240000      3.27750000      0.06490000      0.08020000      0.08110000      0.00000000      0.00000000      0.00000000      0.00000000      0.00000000      3.50370000
     -5.95240000      2.80880000      0.05770000      0.06780000      0.07440000      0.00000000      0.00000000      0.00000000      0.00000000      0.00000000      3.00870000
     -5.90240000      0.49980000      0.01030000      0.01190000      0.01340000      0.00000000      0.00000000      0.00000000      0.00000000      0.00000000      0.53540000
     -5.85240000      0.08930000      0.00320000      0.00120000      0.00240000      0.00000000      0.00000000      0.00000000      0.00000000      0.00000000      0.09610000
     -5.80240000      0.83620000      0.03430000      0.00910000      0.02440000      0.00000000      0.00000000      0.00000000      0.00000000      0.00000000      0.90400000
     -5.75240000      1.68730000      0.06910000      0.01830000      0.04910000      0.00000000      0.00000000      0.00000000      0.00000000      0.00000000      1.82380000
     -5.70240000      0.62360000      0.02550000      0.00670000      0.01850000      0.00000000      0.00000000      0.00000000      0.00000000      0.00000000      0.67430000
     -5.65240000      0.04010000      0.00160000      0.00020000      0.00110000      0.00000000      0.00000000      0.00000000      0.00000000      0.00000000      0.04300000
     -5.60240000      0.00030000      0.00000000      0.00000000      0.00000000      0.00000000      0.00000000      0.00000000      0.00000000      0.00000000      0.00030000
     -5.55240000      0.00000000      0.00000000      0.00000000      0.00000000      0.00000000      0.00000000      0.00000000      0.00000000      0.00000000      0.00000000
     -5.50240000      0.00610000      0.00000000      0.00000000      0.00000000      0.00000000      0.00000000      0.00000000      0.00000000      0.00000000      0.00610000
     -5.45240000      0.32400000      0.00240000      0.01150000      0.00290000      0.00000000      0.00000000      0.00000000      0.00000000      0.00000000      0.34080000
     -5.40240000      2.78370000      0.02130000      0.09980000      0.02470000      0.00000000      0.00000000      0.00000000      0.00000000      0.00000000      2.92950000
     -5.35240000      4.27220000      0.03300000      0.15320000      0.03800000      0.00000000      0.00000000      0.00000000      0.00000000      0.00000000      4.49640000
     -5.30240000      1.19810000      0.00910000      0.04300000      0.01060000      0.00000000      0.00000000      0.00000000      0.00000000      0.00000000      1.26080000
     -5.25240000      0.06790000      0.00060000      0.00220000      0.00040000      0.00000000      0.00000000      0.00000000      0.00000000      0.00000000      0.07110000
     -5.20240000      0.13500000      0.00330000      0.00400000      0.00170000      0.00000000      0.00000000      0.00000000      0.00000000      0.00000000      0.14400000
     -5.15240000      0.38900000      0.00920000      0.01180000      0.00440000      0.00000000      0.00000000      0.00000000      0.00000000      0.00000000      0.41440000
     -5.10240000      0.49240000      0.00930000      0.01540000      0.00570000      0.00000000      0.00000000      0.00000000      0.00000000      0.00000000      0.52280000
     -5.05240000      0.44440000      0.00690000      0.01430000      0.00520000      0.00000000      0.00000000      0.00000000      0.00000000      0.00000000      0.47080000
     -5.00240000      0.10560000      0.00150000      0.00330000      0.00140000      0.00000000      0.00000000      0.00000000      0.00000000      0.00000000      0.11180000
     -4.95240000      0.00450000      0.00000000      0.00000000      0.00000000      0.00000000      0.00000000      0.00000000      0.00000000      0.00000000      0.00450000
     -4.90240000      0.00000000      0.00000000      0.00000000      0.00000000      0.00000000      0.00000000      0.00000000      0.00000000      0.00000000      0.00000000
     -4.85240000      0.02510000      0.00000000      0.00080000      0.00010000      0.00000000      0.00000000      0.00000000      0.00000000      0.00000000      0.02600000
     -4.80240000      0.77190000      0.00560000      0.02630000      0.00750000      0.00000000      0.00000000      0.00000000      0.00000000      0.00000000      0.81130000
     -4.75240000      4.03750000      0.02890000      0.13740000      0.04000000      0.00000000      0.00000000      0.00000000      0.00000000      0.00000000      4.24380000
     -4.70240000      3.83060000      0.02740000      0.13050000      0.03800000      0.00000000      0.00000000      0.00000000      0.00000000      0.00000000      4.02650000
     -4.65240000      0.65740000      0.00460000      0.02220000      0.00640000      0.00000000      0.00000000      0.00000000      0.00000000      0.00000000      0.69060000
     -4.60240000      0.01890000      0.00000000      0.00060000      0.00000000      0.00000000      0.00000000      0.00000000      0.00000000      0.00000000      0.01950000
     -4.55240000      0.00220000      0.00000000      0.00000000      0.00000000      0.00000000      0.00000000      0.00000000      0.00000000      0.00000000      0.00220000
     -4.50240000      0.16290000      0.00540000      0.00030000      0.00570000      0.00000000      0.00000000      0.00000000      0.00000000      0.00000000      0.17430000
     -4.45240000      1.81990000      0.06000000      0.00580000      0.06410000      0.00000000      0.00000000      0.00000000      0.00000000      0.00000000      1.94980000
     -4.40240000      3.59160000      0.11860000      0.01150000      0.12620000      0.00000000      0.00000000      0.00000000      0.00000000      0.00000000      3.84790000
     -4.35240000      1.30310000      0.04290000      0.00410000      0.04560000      0.00000000      0.00000000      0.00000000      0.00000000      0.00000000      1.39570000
     -4.30240000      0.35360000      0.00960000      0.00490000      0.00630000      0.00000000      0.00000000      0.00000000      0.00000000      0.00000000      0.37440000
     -4.25240000      2.47500000      0.06290000      0.04220000      0.03040000      0.00000000      0.00000000      0.00000000      0.00000000      0.00000000      2.61050000
     -4.20240000      4.01580000      0.10200000      0.06830000      0.04900000      0.00000000      0.00000000      0.00000000      0.00000000      0.00000000      4.23510000
     -4.15240000      1.25560000      0.03130000      0.02190000      0.01530000      0.00000000      0.00000000      0.00000000      0.00000000      0.00000000      1.32410000
     -4.10240000      0.35760000      0.00730000      0.00800000      0.00500000      0.00000000      0.00000000      0.00000000      0.00000000      0.00000000      0.37790000
     -4.05240000      0.26280000      0.00520000      0.00590000      0.00390000      0.00000000      0.00000000      0.00000000      0.00000000      0.00000000      0.27780000
     -4.00240000      0.14880000      0.00210000      0.00340000      0.00230000      0.00000000      0.00000000      0.00000000      0.00000000      0.00000000      0.15660000
     -3.95240000      1.34270000      0.01460000      0.03200000      0.01910000      0.00000000      0.00000000      0.00000000      0.00000000      0.00000000      1.40840000
     -3.90240000      3.50380000      0.04080000      0.08330000      0.05420000      0.00000000      0.00000000      0.00000000      0.00000000      0.00000000      3.68210000
     -3.85240000      2.93550000      0.03440000      0.07240000      0.04670000      0.00000000      0.00000000      0.00000000      0.00000000      0.00000000      3.08900000
     -3.80240000      3.01160000      0.02670000      0.08330000      0.03910000      0.00000000      0.00000000      0.00000000      0.00000000      0.00000000      3.16070000
     -3.75240000      2.60720000      0.02580000      0.07350000      0.03490000      0.00000000      0.00000000      0.00000000      0.00000000      0.00000000      2.74140000
     -3.70240000      1.07480000      0.01630000      0.03010000      0.01730000      0.00000000      0.00000000      0.00000000      0.00000000      0.00000000      1.13850000
     -3.65240000      0.27110000      0.00510000      0.00700000      0.00340000      0.00000000      0.00000000      0.00000000      0.00000000      0.00000000      0.28660000
     -3.60240000      1.28880000      0.02150000      0.03110000      0.00580000      0.00000000      0.00000000      0.00000000      0.00000000      0.00000000      1.34720000
     -3.55240000      2.94630000      0.04970000      0.07120000      0.01440000      0.00000000      0.00000000      0.00000000      0.00000000      0.00000000      3.08160000
     -3.50240000      1.40800000      0.02750000      0.03390000      0.01150000      0.00000000      0.00000000      0.00000000      0.00000000      0.00000000      1.48090000
     -3.45240000      0.71670000      0.02490000      0.01700000      0.01820000      0.00000000      0.00000000      0.00000000      0.00000000      0.00000000      0.77680000
     -3.40240000      1.46360000      0.05240000      0.03650000      0.04550000      0.00000000      0.00000000      0.00000000      0.00000000      0.00000000      1.59800000
     -3.35240000      1.07190000      0.03740000      0.02520000      0.03430000      0.00000000      0.00000000      0.00000000      0.00000000      0.00000000      1.16880000
     -3.30240000      1.20330000      0.03460000      0.01040000      0.03390000      0.00000000      0.00000000      0.00000000      0.00000000      0.00000000      1.28220000
     -3.25240000      2.37870000      0.06690000      0.01590000      0.06460000      0.00000000      0.00000000      0.00000000      0.00000000      0.00000000      2.52610000
     -3.20240000      1.57910000      0.04400000      0.01340000      0.03970000      0.00000000      0.00000000      0.00000000      0.00000000      0.00000000      1.67620000
     -3.15240000      0.71240000      0.01890000      0.00830000      0.01600000      0.00000000      0.00000000      0.00000000      0.00000000      0.00000000      0.75560000
     -3.10240000      0.43400000      0.01180000      0.00440000      0.01040000      0.00000000      0.00000000      0.00000000      0.00000000      0.00000000      0.46060000
     -3.05240000      0.52230000      0.01220000      0.00590000      0.01370000      0.00000000      0.00000000      0.00000000      0.00000000      0.00000000      0.55410000
     -3.00240000      0.91600000      0.01970000      0.00820000      0.02520000      0.00000000      0.00000000      0.00000000      0.00000000      0.00000000      0.96910000
     -2.95240000      0.60460000      0.01350000      0.00480000      0.01660000      0.00000000      0.00000000      0.00000000      0.00000000      0.00000000      0.63950000
     -2.90240000      0.45930000      0.01100000      0.00280000      0.01260000      0.00000000      0.00000000      0.00000000      0.00000000      0.00000000      0.48570000
     -2.85240000      0.17750000      0.00450000      0.00100000      0.00500000      0.00000000      0.00000000      0.00000000      0.00000000      0.00000000      0.18800000
     -2.80240000      0.01320000      0.00020000      0.00000000      0.00020000      0.00000000      0.00000000      0.00000000      0.00000000      0.00000000      0.01360000
     -2.75240000      0.00200000      0.00000000      0.00000000      0.00000000      0.00000000      0.00000000      0.00000000      0.00000000      0.00000000      0.00200000
     -2.70240000      0.14610000      0.00100000      0.00320000      0.00080000      0.00000000      0.00000000      0.00000000      0.00000000      0.00000000      0.15110000
     -2.65240000      1.94010000      0.01510000      0.04400000      0.01150000      0.00000000      0.00000000      0.00000000      0.00000000      0.00000000      2.01070000
     -2.60240000      5.47620000      0.04370000      0.12320000      0.03510000      0.00000000      0.00000000      0.00000000      0.00000000      0.00000000      5.67820000
     -2.55240000      4.63460000      0.04520000      0.09660000      0.04070000      0.00000000      0.00000000      0.00000000      0.00000000      0.00000000      4.81710000
     -2.50240000      1.70240000      0.02510000      0.02670000      0.02590000      0.00000000      0.00000000      0.00000000      0.00000000      0.00000000      1.78010000
     -2.45240000      0.25100000      0.00470000      0.00280000      0.00500000      0.00000000      0.00000000      0.00000000      0.00000000      0.00000000      0.26350000
     -2.40240000      0.09490000      0.00190000      0.00070000      0.00230000      0.00000000      0.00000000      0.00000000      0.00000000      0.00000000      0.09980000
     -2.35240000      0.64670000      0.01390000      0.00490000      0.01540000      0.00000000      0.00000000      0.00000000      0.00000000      0.00000000      0.68090000
     -2.30240000      1.22710000      0.02690000      0.00900000      0.03000000      0.00000000      0.00000000      0.00000000      0.00000000      0.00000000      1.29300000
     -2.25240000      1.28000000      0.02800000      0.00930000      0.03160000      0.00000000      0.00000000      0.00000000      0.00000000      0.00000000      1.34890000
     -2.20240000      0.74830000      0.01500000      0.00610000      0.01750000      0.00000000      0.00000000      0.00000000      0.00000000      0.00000000      0.78690000
     -2.15240000      0.58340000      0.01090000      0.00560000      0.01230000      0.00000000      0.00000000      0.00000000      0.00000000      0.00000000      0.61220000
     -2.10240000      0.58500000      0.01180000      0.00600000      0.01290000      0.00000000      0.00000000      0.00000000      0.00000000      0.00000000      0.61570000
     -2.05240000      0.19660000      0.00400000      0.00230000      0.00460000      0.00000000      0.00000000      0.00000000      0.00000000      0.00000000      0.20750000
     -2.00240000      0.53180000      0.01000000      0.00530000      0.01130000      0.00000000      0.00000000      0.00000000      0.00000000      0.00000000      0.55840000
     -1.95240000      1.69550000      0.03100000      0.01610000      0.03550000      0.00000000      0.00000000      0.00000000      0.00000000      0.00000000      1.77810000
     -1.90240000      1.93890000      0.03180000      0.01720000      0.03890000      0.00000000      0.00000000      0.00000000      0.00000000      0.00000000      2.02680000
     -1.85240000      1.30130000      0.01850000      0.01240000      0.02380000      0.00000000      0.00000000      0.00000000      0.00000000      0.00000000      1.35600000
     -1.80240000      0.71690000      0.00920000      0.00840000      0.01170000      0.00000000      0.00000000      0.00000000      0.00000000      0.00000000      0.74620000
     -1.75240000      0.65980000      0.00660000      0.00890000      0.00850000      0.00000000      0.00000000      0.00000000      0.00000000      0.00000000      0.68380000
     -1.70240000      1.65180000      0.00820000      0.03150000      0.01170000      0.00000000      0.00000000      0.00000000      0.00000000      0.00000000      1.70320000
     -1.65240000      4.27520000      0.01880000      0.08430000      0.02810000      0.00000000      0.00000000      0.00000000      0.00000000      0.00000000      4.40640000
     -1.60240000      3.61490000      0.02350000      0.06520000      0.03210000      0.00000000      0.00000000      0.00000000      0.00000000      0.00000000      3.73570000
     -1.55240000      3.84840000      0.04190000      0.06060000      0.04860000      0.00000000      0.00000000      0.00000000      0.00000000      0.00000000      3.99950000
     -1.50240000      2.86570000      0.06520000      0.04280000      0.05210000      0.00000000      0.00000000      0.00000000      0.00000000      0.00000000      3.02580000
     -1.45240000      2.63050000      0.08640000      0.02670000      0.06570000      0.00000000      0.00000000      0.00000000      0.00000000      0.00000000      2.80930000
     -1.40240000      1.12390000      0.03500000      0.00760000      0.02920000      0.00000000      0.00000000      0.00000000      0.00000000      0.00000000      1.19570000
     -1.35240000      0.32770000      0.00390000      0.00400000      0.00570000      0.00000000      0.00000000      0.00000000      0.00000000      0.00000000      0.34130000
     -1.30240000      2.20850000      0.01030000      0.03360000      0.02510000      0.00000000      0.00000000      0.00000000      0.00000000      0.00000000      2.27750000
     -1.25240000      5.21520000      0.02600000      0.07670000      0.04630000      0.00000000      0.00000000      0.00000000      0.00000000      0.00000000      5.36420000
     -1.20240000      4.01530000      0.02270000      0.05710000      0.02480000      0.00000000      0.00000000      0.00000000      0.00000000      0.00000000      4.11990000
     -1.15240000      1.16340000      0.01060000      0.01600000      0.00710000      0.00000000      0.00000000      0.00000000      0.00000000      0.00000000      1.19710000
     -1.10240000      0.63990000      0.01390000      0.00850000      0.00950000      0.00000000      0.00000000      0.00000000      0.00000000      0.00000000      0.67180000
     -1.05240000      1.06990000      0.02480000      0.01370000      0.01760000      0.00000000      0.00000000      0.00000000      0.00000000      0.00000000      1.12600000
     -1.00240000      0.55380000      0.01320000      0.00720000      0.01010000      0.00000000      0.00000000      0.00000000      0.00000000      0.00000000      0.58430000
     -0.95240000      0.15500000      0.00450000      0.00260000      0.00410000      0.00000000      0.00000000      0.00000000      0.00000000      0.00000000      0.16620000
     -0.90240000      0.17910000      0.00460000      0.00450000      0.00400000      0.00000000      0.00000000      0.00000000      0.00000000      0.00000000      0.19220000
     -0.85240000      0.25990000      0.00440000      0.00720000      0.00380000      0.00000000      0.00000000      0.00000000      0.00000000      0.00000000      0.27530000
     -0.80240000      0.43280000      0.00600000      0.01120000      0.00540000      0.00000000      0.00000000      0.00000000      0.00000000      0.00000000      0.45540000
     -0.75240000      0.44940000      0.00580000      0.01070000      0.00560000      0.00000000      0.00000000      0.00000000      0.00000000      0.00000000      0.47150000
     -0.70240000      0.32440000      0.00430000      0.00780000      0.00480000      0.00000000      0.00000000      0.00000000      0.00000000      0.00000000      0.34130000
     -0.65240000      0.39800000      0.00640000      0.00800000      0.00670000      0.00000000      0.00000000      0.00000000      0.00000000      0.00000000      0.41910000
     -0.60240000      0.28400000      0.00450000      0.00580000      0.00500000      0.00000000      0.00000000      0.00000000      0.00000000      0.00000000      0.29930000
     -0.55240000      0.12030000      0.00270000      0.00330000      0.00260000      0.00000000      0.00000000      0.00000000      0.00000000      0.00000000      0.12890000
     -0.50240000      0.15540000      0.00330000      0.00440000      0.00290000      0.00000000      0.00000000      0.00000000      0.00000000      0.00000000      0.16600000
     -0.45240000      0.11280000      0.00210000      0.00320000      0.00180000      0.00000000      0.00000000      0.00000000      0.00000000      0.00000000      0.11990000
     -0.40240000      0.08330000      0.00120000      0.00330000      0.00110000      0.00000000      0.00000000      0.00000000      0.00000000      0.00000000      0.08890000
     -0.35240000      0.11210000      0.00180000      0.00470000      0.00170000      0.00000000      0.00000000      0.00000000      0.00000000      0.00000000      0.12030000
     -0.30240000      0.10720000      0.00210000      0.00510000      0.00200000      0.00000000      0.00000000      0.00000000      0.00000000      0.00000000      0.11640000
     -0.25240000      0.05430000      0.00150000      0.00290000      0.00100000      0.00000000      0.00000000      0.00000000      0.00000000      0.00000000      0.05970000
     -0.20240000      0.03000000      0.00090000      0.00200000      0.00060000      0.00000000      0.00000000      0.00000000      0.00000000      0.00000000      0.03350000
     -0.15240000      0.05920000      0.00200000      0.00260000      0.00150000      0.00000000      0.00000000      0.00000000      0.00000000      0.00000000      0.06530000
     -0.10240000      0.09530000      0.00280000      0.00300000      0.00300000      0.00000000      0.00000000      0.00000000      0.00000000      0.00000000      0.10410000
     -0.05240000      0.05080000      0.00170000      0.00150000      0.00160000      0.00000000      0.00000000      0.00000000      0.00000000      0.00000000      0.05560000
     -0.00240000      0.01310000      0.00020000      0.00050000      0.00020000      0.00000000      0.00000000      0.00000000      0.00000000      0.00000000      0.01400000
      0.04760000      0.00570000      0.00000000      0.00030000      0.00010000      0.00000000      0.00000000      0.00000000      0.00000000      0.00000000      0.00610000
      0.09760000      0.00070000      0.00000000      0.00000000      0.00000000      0.00000000      0.00000000      0.00000000      0.00000000      0.00000000      0.00070000
      0.14760000      0.00000000      0.00000000      0.00000000      0.00000000      0.00000000      0.00000000      0.00000000      0.00000000      0.00000000      0.00000000
      0.19760000      0.00000000      0.00000000      0.00000000      0.00000000      0.00000000      0.00000000      0.00000000      0.00000000      0.00000000      0.00000000
      0.24760000      0.00000000      0.00000000      0.00000000      0.00000000      0.00000000      0.00000000      0.00000000      0.00000000      0.00000000      0.00000000
      0.29760000      0.00040000      0.00000000      0.00000000      0.00000000      0.00000000      0.00000000      0.00000000      0.00000000      0.00000000      0.00040000
      0.34760000      0.00110000      0.00000000      0.00000000      0.00000000      0.00000000      0.00000000      0.00000000      0.00000000      0.00000000      0.00110000
      0.39760000      0.00030000      0.00000000      0.00000000      0.00000000      0.00000000      0.00000000      0.00000000      0.00000000      0.00000000      0.00030000
      0.44760000      0.00000000      0.00000000      0.00000000      0.00000000      0.00000000      0.00000000      0.00000000      0.00000000      0.00000000      0.00000000
      0.49760000      0.00000000      0.00000000      0.00000000      0.00000000      0.00000000      0.00000000      0.00000000      0.00000000      0.00000000      0.00000000
      0.54760000      0.00000000      0.00000000      0.00000000      0.00000000      0.00000000      0.00000000      0.00000000      0.00000000      0.00000000      0.00000000
      0.59760000      0.00000000      0.00000000      0.00000000      0.00000000      0.00000000      0.00000000      0.00000000      0.00000000      0.00000000      0.00000000
      0.64760000      0.00000000      0.00000000      0.00000000      0.00000000      0.00000000      0.00000000      0.00000000      0.00000000      0.00000000      0.00000000
      0.69760000      0.00000000      0.00000000      0.00000000      0.00000000      0.00000000      0.00000000      0.00000000      0.00000000      0.00000000      0.00000000
      0.74760000      0.00000000      0.00000000      0.00000000      0.00000000      0.00000000      0.00000000      0.00000000      0.00000000      0.00000000      0.00000000
      0.79760000      0.00000000      0.00000000      0.00000000      0.00000000      0.00000000      0.00000000      0.00000000      0.00000000      0.00000000      0.00000000
      0.84760000      0.00000000      0.00000000      0.00000000      0.00000000      0.00000000      0.00000000      0.00000000      0.00000000      0.00000000      0.00000000
      0.89760000      0.00060000      0.00000000      0.00000000      0.00000000      0.00000000      0.00000000      0.00000000      0.00000000      0.00000000      0.00060000
      0.94760000      0.00490000      0.00010000      0.00020000      0.00010000      0.00000000      0.00000000      0.00000000      0.00000000      0.00000000      0.00530000
      0.99760000      0.00710000      0.00010000      0.00050000      0.00030000      0.00000000      0.00000000      0.00000000      0.00000000      0.00000000      0.00800000
      1.04760000      0.00630000      0.00010000      0.00010000      0.00010000      0.00000000      0.00000000      0.00000000      0.00000000      0.00000000      0.00660000
      1.09760000      0.00460000      0.00010000      0.00010000      0.00010000      0.00000000      0.00000000      0.00000000      0.00000000      0.00000000      0.00490000
      1.14760000      0.00090000      0.00000000      0.00000000      0.00000000      0.00000000      0.00000000      0.00000000      0.00000000      0.00000000      0.00090000
      1.19760000      0.00000000      0.00000000      0.00000000      0.00000000      0.00000000      0.00000000      0.00000000      0.00000000      0.00000000      0.00000000
      1.24760000      0.00000000      0.00000000      0.00000000      0.00000000      0.00000000      0.00000000      0.00000000      0.00000000      0.00000000      0.00000000
      1.29760000      0.00000000      0.00000000      0.00000000      0.00000000      0.00000000      0.00000000      0.00000000      0.00000000      0.00000000      0.00000000
      1.34760000      0.00250000      0.00010000      0.00030000      0.00010000      0.00000000      0.00000000      0.00000000      0.00000000      0.00000000      0.00300000
      1.39760000      0.01590000      0.00130000      0.00150000      0.00140000      0.00000000      0.00000000      0.00000000      0.00000000      0.00000000      0.02010000
      1.44760000      0.01750000      0.00130000      0.00150000      0.00160000      0.00000000      0.00000000      0.00000000      0.00000000      0.00000000      0.02190000
      1.49760000      0.00350000      0.00010000      0.00030000      0.00020000      0.00000000      0.00000000      0.00000000      0.00000000      0.00000000      0.00410000
      1.54760000      0.00000000      0.00000000      0.00000000      0.00000000      0.00000000      0.00000000      0.00000000      0.00000000      0.00000000      0.00000000
      1.59760000      0.00080000      0.00000000      0.00010000      0.00010000      0.00000000      0.00000000      0.00000000      0.00000000      0.00000000      0.00100000
      1.64760000      0.01080000      0.00020000      0.00120000      0.00070000      0.00000000      0.00000000      0.00000000      0.00000000      0.00000000      0.01290000
      1.69760000      0.01890000      0.00040000      0.00230000      0.00130000      0.00000000      0.00000000      0.00000000      0.00000000      0.00000000      0.02290000
      1.74760000      0.00630000      0.00010000      0.00060000      0.00040000      0.00000000      0.00000000      0.00000000      0.00000000      0.00000000      0.00740000
      1.79760000      0.00010000      0.00000000      0.00000000      0.00000000      0.00000000      0.00000000      0.00000000      0.00000000      0.00000000      0.00010000
      1.84760000      0.00000000      0.00000000      0.00000000      0.00000000      0.00000000      0.00000000      0.00000000      0.00000000      0.00000000      0.00000000
      1.89760000      0.00140000      0.00010000      0.00010000      0.00000000      0.00000000      0.00000000      0.00000000      0.00000000      0.00000000      0.00160000
      1.94760000      0.03360000      0.00170000      0.00240000      0.00130000      0.00000000      0.00000000      0.00000000      0.00000000      0.00000000      0.03900000
      1.99760000      0.13440000      0.00690000      0.01000000      0.00570000      0.00000000      0.00000000      0.00000000      0.00000000      0.00000000      0.15700000
      2.04760000      0.09810000      0.00520000      0.00730000      0.00420000      0.00000000      0.00000000      0.00000000      0.00000000      0.00000000      0.11480000
      2.09760000      0.01280000      0.00060000      0.00090000      0.00060000      0.00000000      0.00000000      0.00000000      0.00000000      0.00000000      0.01490000
      2.14760000      0.00080000      0.00000000      0.00010000      0.00000000      0.00000000      0.00000000      0.00000000      0.00000000      0.00000000      0.00090000
      2.19760000      0.00940000      0.00040000      0.00150000      0.00090000      0.00000000      0.00000000      0.00000000      0.00000000      0.00000000      0.01220000
      2.24760000      0.02420000      0.00120000      0.00390000      0.00280000      0.00000000      0.00000000      0.00000000      0.00000000      0.00000000      0.03210000
      2.29760000      0.03300000      0.00260000      0.00450000      0.00340000      0.00000000      0.00000000      0.00000000      0.00000000      0.00000000      0.04350000
      2.34760000      0.05890000      0.00530000      0.00660000      0.00590000      0.00000000      0.00000000      0.00000000      0.00000000      0.00000000      0.07670000
      2.39760000      0.02910000      0.00240000      0.00290000      0.00250000      0.00000000      0.00000000      0.00000000      0.00000000      0.00000000      0.03690000
      2.44760000      0.00300000      0.00010000      0.00030000      0.00010000      0.00000000      0.00000000      0.00000000      0.00000000      0.00000000      0.00350000
      2.49760000      0.01830000      0.00090000      0.00130000      0.00060000      0.00000000      0.00000000      0.00000000      0.00000000      0.00000000      0.02110000
      2.54760000      0.16020000      0.00880000      0.01190000      0.00630000      0.00000000      0.00000000      0.00000000      0.00000000      0.00000000      0.18720000
      2.59760000      0.25130000      0.01400000      0.01870000      0.00970000      0.00000000      0.00000000      0.00000000      0.00000000      0.00000000      0.29370000
      2.64760000      0.07620000      0.00400000      0.00530000      0.00260000      0.00000000      0.00000000      0.00000000      0.00000000      0.00000000      0.08810000
      2.69760000      0.15100000      0.00160000      0.00130000      0.00100000      0.00000000      0.00000000      0.00000000      0.00000000      0.00000000      0.15490000
      2.74760000      0.86630000      0.00860000      0.00630000      0.00560000      0.00000000      0.00000000      0.00000000      0.00000000      0.00000000      0.88680000
      2.79760000      0.92160000      0.00910000      0.00670000      0.00580000      0.00000000      0.00000000      0.00000000      0.00000000      0.00000000      0.94320000
      2.84760000      0.17780000      0.00160000      0.00130000      0.00090000      0.00000000      0.00000000      0.00000000      0.00000000      0.00000000      0.18160000
      2.89760000      0.00570000      0.00000000      0.00000000      0.00000000      0.00000000      0.00000000      0.00000000      0.00000000      0.00000000      0.00570000
      2.94760000      0.00000000      0.00000000      0.00000000      0.00000000      0.00000000      0.00000000      0.00000000      0.00000000      0.00000000      0.00000000
      2.99760000      0.00000000      0.00000000      0.00000000      0.00000000      0.00000000      0.00000000      0.00000000      0.00000000      0.00000000      0.00000000
      3.04760000      0.00000000      0.00000000      0.00000000      0.00000000      0.00000000      0.00000000      0.00000000      0.00000000      0.00000000      0.00000000
      3.09760000      0.00000000      0.00000000      0.00000000      0.00000000      0.00000000      0.00000000      0.00000000      0.00000000      0.00000000      0.00000000
      3.14760000      0.00000000      0.00000000      0.00000000      0.00000000      0.00000000      0.00000000      0.00000000      0.00000000      0.00000000      0.00000000
      3.19760000      0.00000000      0.00000000      0.00000000      0.00000000      0.00000000      0.00000000      0.00000000      0.00000000      0.00000000      0.00000000
      3.24760000      0.00000000      0.00000000      0.00000000      0.00000000      0.00000000      0.00000000      0.00000000      0.00000000      0.00000000      0.00000000
      3.29760000      0.00000000      0.00000000      0.00000000      0.00000000      0.00000000      0.00000000      0.00000000      0.00000000      0.00000000      0.00000000
      3.34760000      0.00000000      0.00000000      0.00000000      0.00000000      0.00000000      0.00000000      0.00000000      0.00000000      0.00000000      0.00000000
      3.39760000      0.00290000      0.00000000      0.00000000      0.00000000      0.00000000      0.00000000      0.00000000      0.00000000      0.00000000      0.00290000
      3.44760000      0.08070000      0.00110000      0.00040000      0.00070000      0.00000000      0.00000000      0.00000000      0.00000000      0.00000000      0.08290000
      3.49760000      0.36450000      0.00480000      0.00230000      0.00350000      0.00000000      0.00000000      0.00000000      0.00000000      0.00000000      0.37510000
      3.54760000      0.30150000      0.00420000      0.00200000      0.00300000      0.00000000      0.00000000      0.00000000      0.00000000      0.00000000      0.31070000
      3.59760000      0.05150000      0.00060000      0.00030000      0.00060000      0.00000000      0.00000000      0.00000000      0.00000000      0.00000000      0.05300000
      3.64760000      0.00780000      0.00020000      0.00030000      0.00010000      0.00000000      0.00000000      0.00000000      0.00000000      0.00000000      0.00840000
      3.69760000      0.00660000      0.00030000      0.00080000      0.00050000      0.00000000      0.00000000      0.00000000      0.00000000      0.00000000      0.00820000
      3.74760000      0.00710000      0.00040000      0.00080000      0.00070000      0.00000000      0.00000000      0.00000000      0.00000000      0.00000000      0.00900000
      3.79760000      0.00260000      0.00000000      0.00020000      0.00000000      0.00000000      0.00000000      0.00000000      0.00000000      0.00000000      0.00280000
      3.84760000      0.00010000      0.00000000      0.00000000      0.00000000      0.00000000      0.00000000      0.00000000      0.00000000      0.00000000      0.00010000
      3.89760000      0.00000000      0.00000000      0.00000000      0.00000000      0.00000000      0.00000000      0.00000000      0.00000000      0.00000000      0.00000000
      3.94760000      0.00010000      0.00000000      0.00010000      0.00000000      0.00000000      0.00000000      0.00000000      0.00000000      0.00000000      0.00020000
      3.99760000      0.00380000      0.00030000      0.00130000      0.00020000      0.00000000      0.00000000      0.00000000      0.00000000      0.00000000      0.00560000
      4.04760000      0.00990000      0.00090000      0.00420000      0.00120000      0.00000000      0.00000000      0.00000000      0.00000000      0.00000000      0.01620000
      4.09760000      0.00670000      0.00060000      0.00270000      0.00060000      0.00000000      0.00000000      0.00000000      0.00000000      0.00000000      0.01060000
      4.14760000      0.01020000      0.00070000      0.00180000      0.00090000      0.00000000      0.00000000      0.00000000      0.00000000      0.00000000      0.01360000
      4.19760000      0.02230000      0.00120000      0.00320000      0.00140000      0.00000000      0.00000000      0.00000000      0.00000000      0.00000000      0.02810000
      4.24760000      0.01020000      0.00050000      0.00120000      0.00050000      0.00000000      0.00000000      0.00000000      0.00000000      0.00000000      0.01240000
      4.29760000      0.00610000      0.00050000      0.00160000      0.00050000      0.00000000      0.00000000      0.00000000      0.00000000      0.00000000      0.00870000
      4.34760000      0.01510000      0.00170000      0.00520000      0.00180000      0.00000000      0.00000000      0.00000000      0.00000000      0.00000000      0.02380000
      4.39760000      0.01010000      0.00110000      0.00420000      0.00110000      0.00000000      0.00000000      0.00000000      0.00000000      0.00000000      0.01650000
      4.44760000      0.00210000      0.00050000      0.00130000      0.00050000      0.00000000      0.00000000      0.00000000      0.00000000      0.00000000      0.00440000
      4.49760000      0.00010000      0.00010000      0.00020000      0.00010000      0.00000000      0.00000000      0.00000000      0.00000000      0.00000000      0.00050000
      4.54760000      0.00000000      0.00000000      0.00000000      0.00000000      0.00000000      0.00000000      0.00000000      0.00000000      0.00000000      0.00000000
      4.59760000      0.00000000      0.00000000      0.00000000      0.00000000      0.00000000      0.00000000      0.00000000      0.00000000      0.00000000      0.00000000
      4.64760000      0.00110000      0.00010000      0.00010000      0.00000000      0.00000000      0.00000000      0.00000000      0.00000000      0.00000000      0.00130000
      4.69760000      0.00600000      0.00110000      0.00090000      0.00060000      0.00000000      0.00000000      0.00000000      0.00000000      0.00000000      0.00860000
      4.74760000      0.00570000      0.00110000      0.00100000      0.00050000      0.00000000      0.00000000      0.00000000      0.00000000      0.00000000      0.00830000
      4.79760000      0.00260000      0.00040000      0.00100000      0.00010000      0.00000000      0.00000000      0.00000000      0.00000000      0.00000000      0.00410000
      4.84760000      0.00650000      0.00080000      0.00360000      0.00060000      0.00000000      0.00000000      0.00000000      0.00000000      0.00000000      0.01150000
      4.89760000      0.00800000      0.00140000      0.00370000      0.00100000      0.00000000      0.00000000      0.00000000      0.00000000      0.00000000      0.01410000
      4.94760000      0.01080000      0.00230000      0.00380000      0.00170000      0.00000000      0.00000000      0.00000000      0.00000000      0.00000000      0.01860000
      4.99760000      0.01190000      0.00180000      0.00480000      0.00180000      0.00000000      0.00000000      0.00000000      0.00000000      0.00000000      0.02030000
      5.04760000      0.00790000      0.00150000      0.00380000      0.00160000      0.00000000      0.00000000      0.00000000      0.00000000      0.00000000      0.01480000
      5.09760000      0.00310000      0.00060000      0.00180000      0.00070000      0.00000000      0.00000000      0.00000000      0.00000000      0.00000000      0.00620000
      5.14760000      0.00310000      0.00060000      0.00180000      0.00070000      0.00000000      0.00000000      0.00000000      0.00000000      0.00000000      0.00620000
      5.19760000      0.00190000      0.00070000      0.00120000      0.00080000      0.00000000      0.00000000      0.00000000      0.00000000      0.00000000      0.00460000
      5.24760000      0.00030000      0.00010000      0.00010000      0.00010000      0.00000000      0.00000000      0.00000000      0.00000000      0.00000000      0.00060000
      5.29760000      0.00000000      0.00000000      0.00000000      0.00000000      0.00000000      0.00000000      0.00000000      0.00000000      0.00000000      0.00000000
      5.34760000      0.00000000      0.00000000      0.00000000      0.00000000      0.00000000      0.00000000      0.00000000      0.00000000      0.00000000      0.00000000
      5.39760000      0.00000000      0.00000000      0.00000000      0.00000000      0.00000000      0.00000000      0.00000000      0.00000000      0.00000000      0.00000000
      5.44760000      0.00000000      0.00000000      0.00000000      0.00000000      0.00000000      0.00000000      0.00000000      0.00000000      0.00000000      0.00000000
      5.49760000      0.00000000      0.00000000      0.00000000      0.00000000      0.00000000      0.00000000      0.00000000      0.00000000      0.00000000      0.00000000
      5.54760000      0.00050000      0.00010000      0.00050000      0.00020000      0.00000000      0.00000000      0.00000000      0.00000000      0.00000000      0.00130000
      5.59760000      0.00570000      0.00320000      0.00480000      0.00300000      0.00000000      0.00000000      0.00000000      0.00000000      0.00000000      0.01670000
      5.64760000      0.00880000      0.00480000      0.00760000      0.00420000      0.00000000      0.00000000      0.00000000      0.00000000      0.00000000      0.02540000
      5.69760000      0.00270000      0.00110000      0.00200000      0.00130000      0.00000000      0.00000000      0.00000000      0.00000000      0.00000000      0.00710000
      5.74760000      0.00000000      0.00000000      0.00000000      0.00000000      0.00000000      0.00000000      0.00000000      0.00000000      0.00000000      0.00000000
      5.79760000      0.00000000      0.00000000      0.00000000      0.00000000      0.00000000      0.00000000      0.00000000      0.00000000      0.00000000      0.00000000
      5.84760000      0.00320000      0.00530000      0.00250000      0.00400000      0.00000000      0.00000000      0.00000000      0.00000000      0.00000000      0.01500000
      5.89760000      0.03230000      0.04790000      0.02450000      0.03630000      0.00000000      0.00000000      0.00000000      0.00000000      0.00000000      0.14100000
      5.94760000      0.06380000      0.09300000      0.05200000      0.06930000      0.00000000      0.00000000      0.00000000      0.00000000      0.00000000      0.27810000
      5.99760000      0.04150000      0.07600000      0.04790000      0.04980000      0.00000000      0.00000000      0.00000000      0.00000000      0.00000000      0.21520000
      6.04760000      0.02650000      0.04600000      0.03550000      0.03290000      0.00000000      0.00000000      0.00000000      0.00000000      0.00000000      0.14090000
      6.09760000      0.02640000      0.03020000      0.02970000      0.03180000      0.00000000      0.00000000      0.00000000      0.00000000      0.00000000      0.11810000
      6.14760000      0.02170000      0.03680000      0.02210000      0.03880000      0.00000000      0.00000000      0.00000000      0.00000000      0.00000000      0.11940000
      6.19760000      0.02320000      0.03650000      0.01850000      0.03450000      0.00000000      0.00000000      0.00000000      0.00000000      0.00000000      0.11270000
      6.24760000      0.04000000      0.03400000      0.02700000      0.02710000      0.00000000      0.00000000      0.00000000      0.00000000      0.00000000      0.12810000
      6.29760000      0.03850000      0.02900000      0.03340000      0.02700000      0.00000000      0.00000000      0.00000000      0.00000000      0.00000000      0.12790000
      6.34760000      0.01940000      0.01710000      0.02220000      0.01700000      0.00000000      0.00000000      0.00000000      0.00000000      0.00000000      0.07570000
      6.39760000      0.02140000      0.01040000      0.01350000      0.01110000      0.00000000      0.00000000      0.00000000      0.00000000      0.00000000      0.05640000
      6.44760000      0.03200000      0.01130000      0.01830000      0.01510000      0.00000000      0.00000000      0.00000000      0.00000000      0.00000000      0.07670000
      6.49760000      0.02260000      0.01830000      0.02280000      0.02250000      0.00000000      0.00000000      0.00000000      0.00000000      0.00000000      0.08620000
      6.54760000      0.01140000      0.01310000      0.01330000      0.01540000      0.00000000      0.00000000      0.00000000      0.00000000      0.00000000      0.05320000
      6.59760000      0.00840000      0.03730000      0.02250000      0.03420000      0.00000000      0.00000000      0.00000000      0.00000000      0.00000000      0.10240000
      6.64760000      0.01840000      0.09600000      0.05700000      0.08970000      0.00000000      0.00000000      0.00000000      0.00000000      0.00000000      0.26110000
      6.69760000      0.02520000      0.08090000      0.05300000      0.09190000      0.00000000      0.00000000      0.00000000      0.00000000      0.00000000      0.25100000
      6.74760000      0.04830000      0.08700000      0.05620000      0.10130000      0.00000000      0.00000000      0.00000000      0.00000000      0.00000000      0.29280000
      6.79760000      0.05440000      0.06610000      0.03900000      0.06460000      0.00000000      0.00000000      0.00000000      0.00000000      0.00000000      0.22410000
      6.84760000      0.03900000      0.03710000      0.02350000      0.03550000      0.00000000      0.00000000      0.00000000      0.00000000      0.00000000      0.13510000
      6.89760000      0.02580000      0.03260000      0.02850000      0.03640000      0.00000000      0.00000000      0.00000000      0.00000000      0.00000000      0.12330000
      6.94760000      0.02940000      0.03670000      0.03430000      0.03990000      0.00000000      0.00000000      0.00000000      0.00000000      0.00000000      0.14030000
      6.99760000      0.02630000      0.02960000      0.02330000      0.03120000      0.00000000      0.00000000      0.00000000      0.00000000      0.00000000      0.11040000
      7.04760000      0.03370000      0.03980000      0.02510000      0.04180000      0.00000000      0.00000000      0.00000000      0.00000000      0.00000000      0.14040000
      7.09760000      0.05330000      0.05520000      0.03030000      0.05780000      0.00000000      0.00000000      0.00000000      0.00000000      0.00000000      0.19660000
      7.14760000      0.04810000      0.04820000      0.02190000      0.04740000      0.00000000      0.00000000      0.00000000      0.00000000      0.00000000      0.16560000
      7.19760000      0.02280000      0.02570000      0.01110000      0.02640000      0.00000000      0.00000000      0.00000000      0.00000000      0.00000000      0.08600000
      7.24760000      0.00800000      0.00670000      0.00360000      0.00870000      0.00000000      0.00000000      0.00000000      0.00000000      0.00000000      0.02700000
      7.29760000      0.00170000      0.00060000      0.00030000      0.00130000      0.00000000      0.00000000      0.00000000      0.00000000      0.00000000      0.00390000
      7.34760000      0.00000000      0.00000000      0.00000000      0.00000000      0.00000000      0.00000000      0.00000000      0.00000000      0.00000000      0.00000000
      7.39760000      0.00000000      0.00000000      0.00000000      0.00000000      0.00000000      0.00000000      0.00000000      0.00000000      0.00000000      0.00000000
      7.44760000      0.00000000      0.00000000      0.00000000      0.00000000      0.00000000      0.00000000      0.00000000      0.00000000      0.00000000      0.00000000
      7.49760000      0.00000000      0.00000000      0.00000000      0.00000000      0.00000000      0.00000000      0.00000000      0.00000000      0.00000000      0.00000000
      7.54760000      0.00000000      0.00000000      0.00000000      0.00000000      0.00000000      0.00000000      0.00000000      0.00000000      0.00000000      0.00000000
      7.59760000      0.00000000      0.00000000      0.00000000      0.00000000      0.00000000      0.00000000      0.00000000      0.00000000      0.00000000      0.00000000
      7.64760000      0.00000000      0.00000000      0.00000000      0.00000000      0.00000000      0.00000000      0.00000000      0.00000000      0.00000000      0.00000000
      7.69760000      0.00000000      0.00000000      0.00000000      0.00000000      0.00000000      0.00000000      0.00000000      0.00000000      0.00000000      0.00000000
      7.74760000      0.00000000      0.00000000      0.00000000      0.00000000      0.00000000      0.00000000      0.00000000      0.00000000      0.00000000      0.00000000
      7.79760000      0.00000000      0.00000000      0.00000000      0.00000000      0.00000000      0.00000000      0.00000000      0.00000000      0.00000000      0.00000000
      7.84760000      0.00000000      0.00000000      0.00000000      0.00000000      0.00000000      0.00000000      0.00000000      0.00000000      0.00000000      0.00000000
      7.89760000      0.00000000      0.00000000      0.00000000      0.00000000      0.00000000      0.00000000      0.00000000      0.00000000      0.00000000      0.00000000
      7.94760000      0.00000000      0.00000000      0.00000000      0.00000000      0.00000000      0.00000000      0.00000000      0.00000000      0.00000000      0.00000000
      7.99760000      0.00000000      0.00000000      0.00000000      0.00000000      0.00000000      0.00000000      0.00000000      0.00000000      0.00000000      0.00000000
      8.04760000      0.00000000      0.00000000      0.00000000      0.00000000      0.00000000      0.00000000      0.00000000      0.00000000      0.00000000      0.00000000
      8.09760000      0.00000000      0.00000000      0.00000000      0.00000000      0.00000000      0.00000000      0.00000000      0.00000000      0.00000000      0.00000000
      8.14760000      0.00000000      0.00000000      0.00000000      0.00000000      0.00000000      0.00000000      0.00000000      0.00000000      0.00000000      0.00000000
      8.19760000      0.00000000      0.00000000      0.00000000      0.00000000      0.00000000      0.00000000      0.00000000      0.00000000      0.00000000      0.00000000
      8.24760000      0.00000000      0.00000000      0.00000000      0.00000000      0.00000000      0.00000000      0.00000000      0.00000000      0.00000000      0.00000000
      8.29760000      0.00000000      0.00000000      0.00000000      0.00000000      0.00000000      0.00000000      0.00000000      0.00000000      0.00000000      0.00000000
      8.34760000      0.00000000      0.00000000      0.00000000      0.00000000      0.00000000      0.00000000      0.00000000      0.00000000      0.00000000      0.00000000
      8.39760000      0.00000000      0.00000000      0.00000000      0.00000000      0.00000000      0.00000000      0.00000000      0.00000000      0.00000000      0.00000000
      8.44760000      0.00000000      0.00000000      0.00000000      0.00000000      0.00000000      0.00000000      0.00000000      0.00000000      0.00000000      0.00000000
      8.49760000      0.00000000      0.00000000      0.00000000      0.00000000      0.00000000      0.00000000      0.00000000      0.00000000      0.00000000      0.00000000
      8.54760000      0.00000000      0.00000000      0.00000000      0.00000000      0.00000000      0.00000000      0.00000000      0.00000000      0.00000000      0.00000000
      8.59760000      0.00000000      0.00000000      0.00000000      0.00000000      0.00000000      0.00000000      0.00000000      0.00000000      0.00000000      0.00000000
      8.64760000      0.00000000      0.00000000      0.00000000      0.00000000      0.00000000      0.00000000      0.00000000      0.00000000      0.00000000      0.00000000
      8.69760000      0.00000000      0.00000000      0.00000000      0.00000000      0.00000000      0.00000000      0.00000000      0.00000000      0.00000000      0.00000000
      8.74760000      0.00000000      0.00000000      0.00000000      0.00000000      0.00000000      0.00000000      0.00000000      0.00000000      0.00000000      0.00000000
      8.79760000      0.00000000      0.00000000      0.00000000      0.00000000      0.00000000      0.00000000      0.00000000      0.00000000      0.00000000      0.00000000
      8.84760000      0.00000000      0.00000000      0.00000000      0.00000000      0.00000000      0.00000000      0.00000000      0.00000000      0.00000000      0.00000000
      8.89760000      0.00000000      0.00000000      0.00000000      0.00000000      0.00000000      0.00000000      0.00000000      0.00000000      0.00000000      0.00000000
      8.94760000      0.00000000      0.00000000      0.00000000      0.00000000      0.00000000      0.00000000      0.00000000      0.00000000      0.00000000      0.00000000
      8.99760000      0.00000000      0.00000000      0.00000000      0.00000000      0.00000000      0.00000000      0.00000000      0.00000000      0.00000000      0.00000000
      9.04760000      0.00000000      0.00000000      0.00000000      0.00000000      0.00000000      0.00000000      0.00000000      0.00000000      0.00000000      0.00000000
      9.09760000      0.00000000      0.00000000      0.00000000      0.00000000      0.00000000      0.00000000      0.00000000      0.00000000      0.00000000      0.00000000
      9.14760000      0.00000000      0.00000000      0.00000000      0.00000000      0.00000000      0.00000000      0.00000000      0.00000000      0.00000000      0.00000000
      9.19760000      0.00000000      0.00000000      0.00000000      0.00000000      0.00000000      0.00000000      0.00000000      0.00000000      0.00000000      0.00000000
      9.24760000      0.00000000      0.00000000      0.00000000      0.00000000      0.00000000      0.00000000      0.00000000      0.00000000      0.00000000      0.00000000
      9.29760000      0.00000000      0.00000000      0.00000000      0.00000000      0.00000000      0.00000000      0.00000000      0.00000000      0.00000000      0.00000000
      9.34760000      0.00000000      0.00000000      0.00000000      0.00000000      0.00000000      0.00000000      0.00000000      0.00000000      0.00000000      0.00000000
      9.39760000      0.00000000      0.00000000      0.00000000      0.00000000      0.00000000      0.00000000      0.00000000      0.00000000      0.00000000      0.00000000
      9.44760000      0.00000000      0.00000000      0.00000000      0.00000000      0.00000000      0.00000000      0.00000000      0.00000000      0.00000000      0.00000000
      9.49760000      0.00000000      0.00000000      0.00000000      0.00000000      0.00000000      0.00000000      0.00000000      0.00000000      0.00000000      0.00000000
      9.54760000      0.00000000      0.00000000      0.00000000      0.00000000      0.00000000      0.00000000      0.00000000      0.00000000      0.00000000      0.00000000
      9.59760000      0.00000000      0.00000000      0.00000000      0.00000000      0.00000000      0.00000000      0.00000000      0.00000000      0.00000000      0.00000000
      9.64760000      0.00000000      0.00000000      0.00000000      0.00000000      0.00000000      0.00000000      0.00000000      0.00000000      0.00000000      0.00000000
      9.69760000      0.00000000      0.00000000      0.00000000      0.00000000      0.00000000      0.00000000      0.00000000      0.00000000      0.00000000      0.00000000
      9.74760000      0.00000000      0.00000000      0.00000000      0.00000000      0.00000000      0.00000000      0.00000000      0.00000000      0.00000000      0.00000000
      9.79760000      0.00000000      0.00000000      0.00000000      0.00000000      0.00000000      0.00000000      0.00000000      0.00000000      0.00000000      0.00000000
      9.84760000      0.00000000      0.00000000      0.00000000      0.00000000      0.00000000      0.00000000      0.00000000      0.00000000      0.00000000      0.00000000
      9.89760000      0.00000000      0.00000000      0.00000000      0.00000000      0.00000000      0.00000000      0.00000000      0.00000000      0.00000000      0.00000000
      9.94760000      0.00000000      0.00000000      0.00000000      0.00000000      0.00000000      0.00000000      0.00000000      0.00000000      0.00000000      0.00000000
      9.99760000      0.00000000      0.00000000      0.00000000      0.00000000      0.00000000      0.00000000      0.00000000      0.00000000      0.00000000      0.00000000
     10.04760000      0.00000000      0.00000000      0.00000000      0.00000000      0.00000000      0.00000000      0.00000000      0.00000000      0.00000000      0.00000000
     10.09760000      0.00000000      0.00000000      0.00000000      0.00000000      0.00000000      0.00000000      0.00000000      0.00000000      0.00000000      0.00000000
     10.14760000      0.00000000      0.00000000      0.00000000      0.00000000      0.00000000      0.00000000      0.00000000      0.00000000      0.00000000      0.00000000
     10.19760000      0.00000000      0.00000000      0.00000000      0.00000000      0.00000000      0.00000000      0.00000000      0.00000000      0.00000000      0.00000000
     10.24760000      0.00000000      0.00000000      0.00000000      0.00000000      0.00000000      0.00000000      0.00000000      0.00000000      0.00000000      0.00000000
     10.29760000      0.00000000      0.00000000      0.00000000      0.00000000      0.00000000      0.00000000      0.00000000      0.00000000      0.00000000      0.00000000
     10.34760000      0.00000000      0.00000000      0.00000000      0.00000000      0.00000000      0.00000000      0.00000000      0.00000000      0.00000000      0.00000000
     10.39760000      0.00000000      0.00000000      0.00000000      0.00000000      0.00000000      0.00000000      0.00000000      0.00000000      0.00000000      0.00000000
     10.44760000      0.00000000      0.00000000      0.00000000      0.00000000      0.00000000      0.00000000      0.00000000      0.00000000      0.00000000      0.00000000
     10.49760000      0.00000000      0.00000000      0.00000000      0.00000000      0.00000000      0.00000000      0.00000000      0.00000000      0.00000000      0.00000000
     10.54760000      0.00000000      0.00000000      0.00000000      0.00000000      0.00000000      0.00000000      0.00000000      0.00000000      0.00000000      0.00000000
     10.59760000      0.00000000      0.00000000      0.00000000      0.00000000      0.00000000      0.00000000      0.00000000      0.00000000      0.00000000      0.00000000
     10.64760000      0.00000000      0.00000000      0.00000000      0.00000000      0.00000000      0.00000000      0.00000000      0.00000000      0.00000000      0.00000000
     10.69760000      0.00000000      0.00000000      0.00000000      0.00000000      0.00000000      0.00000000      0.00000000      0.00000000      0.00000000      0.00000000
     10.74760000      0.00000000      0.00000000      0.00000000      0.00000000      0.00000000      0.00000000      0.00000000      0.00000000      0.00000000      0.00000000
     10.79760000      0.00000000      0.00000000      0.00000000      0.00000000      0.00000000      0.00000000      0.00000000      0.00000000      0.00000000      0.00000000
     10.84760000      0.00000000      0.00000000      0.00000000      0.00000000      0.00000000      0.00000000      0.00000000      0.00000000      0.00000000      0.00000000
     10.89760000      0.00000000      0.00000000      0.00000000      0.00000000      0.00000000      0.00000000      0.00000000      0.00000000      0.00000000      0.00000000
     10.94760000      0.00000000      0.00000000      0.00000000      0.00000000      0.00000000      0.00000000      0.00000000      0.00000000      0.00000000      0.00000000
     10.99760000      0.00000000      0.00000000      0.00000000      0.00000000      0.00000000      0.00000000      0.00000000      0.00000000      0.00000000      0.00000000
     11.04760000      0.00000000      0.00000000      0.00000000      0.00000000      0.00000000      0.00000000      0.00000000      0.00000000      0.00000000      0.00000000
     11.09760000      0.00000000      0.00000000      0.00000000      0.00000000      0.00000000      0.00000000      0.00000000      0.00000000      0.00000000      0.00000000
     11.14760000      0.00000000      0.00000000      0.00000000      0.00000000      0.00000000      0.00000000      0.00000000      0.00000000      0.00000000      0.00000000
     11.19760000      0.00000000      0.00000000      0.00000000      0.00000000      0.00000000      0.00000000      0.00000000      0.00000000      0.00000000      0.00000000
     11.24760000      0.00000000      0.00000000      0.00000000      0.00000000      0.00000000      0.00000000      0.00000000      0.00000000      0.00000000      0.00000000
     11.29760000      0.00000000      0.00000000      0.00000000      0.00000000      0.00000000      0.00000000      0.00000000      0.00000000      0.00000000      0.00000000
     11.34760000      0.00000000      0.00000000      0.00000000      0.00000000      0.00000000      0.00000000      0.00000000      0.00000000      0.00000000      0.00000000
     11.39760000      0.00000000      0.00000000      0.00000000      0.00000000      0.00000000      0.00000000      0.00000000      0.00000000      0.00000000      0.00000000
     11.44760000      0.00000000      0.00000000      0.00000000      0.00000000      0.00000000      0.00000000      0.00000000      0.00000000      0.00000000      0.00000000
     11.49760000      0.00000000      0.00000000      0.00000000      0.00000000      0.00000000      0.00000000      0.00000000      0.00000000      0.00000000      0.00000000
     11.54760000      0.00000000      0.00000000      0.00000000      0.00000000      0.00000000      0.00000000      0.00000000      0.00000000      0.00000000      0.00000000
     11.59760000      0.00000000      0.00000000      0.00000000      0.00000000      0.00000000      0.00000000      0.00000000      0.00000000      0.00000000      0.00000000
     11.64760000      0.00000000      0.00000000      0.00000000      0.00000000      0.00000000      0.00000000      0.00000000      0.00000000      0.00000000      0.00000000
     11.69760000      0.00000000      0.00000000      0.00000000      0.00000000      0.00000000      0.00000000      0.00000000      0.00000000      0.00000000      0.00000000
     11.74760000      0.00000000      0.00000000      0.00000000      0.00000000      0.00000000      0.00000000      0.00000000      0.00000000      0.00000000      0.00000000
     11.79760000      0.00000000      0.00000000      0.00000000      0.00000000      0.00000000      0.00000000      0.00000000      0.00000000      0.00000000      0.00000000
     11.84760000      0.00000000      0.00000000      0.00000000      0.00000000      0.00000000      0.00000000      0.00000000      0.00000000      0.00000000      0.00000000
     11.89760000      0.00000000      0.00000000      0.00000000      0.00000000      0.00000000      0.00000000      0.00000000      0.00000000      0.00000000      0.00000000
     11.94760000      0.00000000      0.00000000      0.00000000      0.00000000      0.00000000      0.00000000      0.00000000      0.00000000      0.00000000      0.00000000
     11.99760000      0.00000000      0.00000000      0.00000000      0.00000000      0.00000000      0.00000000      0.00000000      0.00000000      0.00000000      0.00000000
     12.04760000      0.00000000      0.00000000      0.00000000      0.00000000      0.00000000      0.00000000      0.00000000      0.00000000      0.00000000      0.00000000
     12.09760000      0.00000000      0.00000000      0.00000000      0.00000000      0.00000000      0.00000000      0.00000000      0.00000000      0.00000000      0.00000000
     12.14760000      0.00000000      0.00000000      0.00000000      0.00000000      0.00000000      0.00000000      0.00000000      0.00000000      0.00000000      0.00000000
     12.19760000      0.00000000      0.00000000      0.00000000      0.00000000      0.00000000      0.00000000      0.00000000      0.00000000      0.00000000      0.00000000
     12.24760000      0.00000000      0.00000000      0.00000000      0.00000000      0.00000000      0.00000000      0.00000000      0.00000000      0.00000000      0.00000000
     12.29760000      0.00000000      0.00000000      0.00000000      0.00000000      0.00000000      0.00000000      0.00000000      0.00000000      0.00000000      0.00000000
     12.34760000      0.00000000      0.00000000      0.00000000      0.00000000      0.00000000      0.00000000      0.00000000      0.00000000      0.00000000      0.00000000
     12.39760000      0.00000000      0.00000000      0.00000000      0.00000000      0.00000000      0.00000000      0.00000000      0.00000000      0.00000000      0.00000000
     12.44760000      0.00000000      0.00000000      0.00000000      0.00000000      0.00000000      0.00000000      0.00000000      0.00000000      0.00000000      0.00000000
     12.49760000      0.00000000      0.00000000      0.00000000      0.00000000      0.00000000      0.00000000      0.00000000      0.00000000      0.00000000      0.00000000
     12.54760000      0.00000000      0.00000000      0.00000000      0.00000000      0.00000000      0.00000000      0.00000000      0.00000000      0.00000000      0.00000000
     12.59760000      0.00000000      0.00000000      0.00000000      0.00000000      0.00000000      0.00000000      0.00000000      0.00000000      0.00000000      0.00000000
     12.64760000      0.00000000      0.00000000      0.00000000      0.00000000      0.00000000      0.00000000      0.00000000      0.00000000      0.00000000      0.00000000
     12.69760000      0.00000000      0.00000000      0.00000000      0.00000000      0.00000000      0.00000000      0.00000000      0.00000000      0.00000000      0.00000000
     12.74760000      0.00000000      0.00000000      0.00000000      0.00000000      0.00000000      0.00000000      0.00000000      0.00000000      0.00000000      0.00000000
     12.79760000      0.00000000      0.00000000      0.00000000      0.00000000      0.00000000      0.00000000      0.00000000      0.00000000      0.00000000      0.00000000
