      Energy(eV)          TDOS
     -7.15240000       0.00540000
     -7.10240000       0.73310000
     -7.05240000      16.63870000
     -7.00240000      70.24650000
     -6.95240000      61.49930000
     -6.90240000      22.94770000
     -6.85240000      45.93510000
     -6.80240000      61.32060000
     -6.75240000      35.22360000
     -6.70240000       5.90820000
     -6.65240000       9.30980000
     -6.60240000      30.53850000
     -6.55240000      32.29250000
     -6.50240000      23.51880000
     -6.45240000      19.31700000
     -6.40240000       4.54970000
     -6.35240000       4.87720000
     -6.30240000      34.55130000
     -6.25240000      94.33830000
     -6.20240000      84.13440000
     -6.15240000      22.39330000
     -6.10240000      20.04480000
     -6.05240000      48.69310000
     -6.00240000      53.68500000
     -5.95240000      32.03590000
     -5.90240000       5.12100000
     -5.85240000       1.05100000
     -5.80240000      10.25410000
     -5.75240000      20.69050000
     -5.70240000       7.64750000
     -5.65240000       0.49300000
     -5.60240000       0.00510000
     -5.55240000       0.00010000
     -5.50240000       0.02880000
     -5.45240000       1.49980000
     -5.40240000      12.88480000
     -5.35240000      19.77340000
     -5.30240000       5.64280000
     -5.25240000       5.79210000
     -5.20240000      54.01630000
     -5.15240000     102.51270000
     -5.10240000      51.24490000
     -5.05240000      21.67400000
     -5.00240000       4.73080000
     -4.95240000       0.19810000
     -4.90240000       0.00180000
     -4.85240000       0.10670000
     -4.80240000       3.30480000
     -4.75240000      17.28890000
     -4.70240000      16.40310000
     -4.65240000       2.81450000
     -4.60240000       0.08110000
     -4.55240000       0.01400000
     -4.50240000       0.93760000
     -4.45240000      10.46250000
     -4.40240000      20.64840000
     -4.35240000       7.48780000
     -4.30240000       1.82680000
     -4.25240000      12.35450000
     -4.20240000      20.54260000
     -4.15240000      19.78100000
     -4.10240000      68.26250000
     -4.05240000      65.16840000
     -4.00240000      12.99160000
     -3.95240000      13.02280000
     -3.90240000      49.82230000
     -3.85240000      94.07460000
     -3.80240000      98.45450000
     -3.75240000      67.16390000
     -3.70240000      31.37600000
     -3.65240000       6.18770000
     -3.60240000      12.16260000
     -3.55240000      46.11250000
     -3.50240000      61.43570000
     -3.45240000      55.64960000
     -3.40240000      45.26560000
     -3.35240000      30.62770000
     -3.30240000      61.39420000
     -3.25240000     101.17390000
     -3.20240000     130.52840000
     -3.15240000     133.81260000
     -3.10240000     146.11520000
     -3.05240000     143.29340000
     -3.00240000      95.27060000
     -2.95240000      64.60000000
     -2.90240000      55.75280000
     -2.85240000      15.31530000
     -2.80240000       0.90110000
     -2.75240000       0.02170000
     -2.70240000       1.02390000
     -2.65240000      16.01110000
     -2.60240000      54.91300000
     -2.55240000      56.58000000
     -2.50240000      26.63450000
     -2.45240000       4.90070000
     -2.40240000       8.46700000
     -2.35240000      56.40730000
     -2.30240000      97.60830000
     -2.25240000      73.10160000
     -2.20240000      75.39270000
     -2.15240000      86.33550000
     -2.10240000      83.84610000
     -2.05240000      35.77760000
     -2.00240000      12.29940000
     -1.95240000      35.67750000
     -1.90240000      66.38080000
     -1.85240000     100.05150000
     -1.80240000      96.30560000
     -1.75240000      43.53090000
     -1.70240000      15.99960000
     -1.65240000      21.73320000
     -1.60240000      19.74400000
     -1.55240000      30.17380000
     -1.50240000      51.34990000
     -1.45240000      51.85410000
     -1.40240000      16.61620000
     -1.35240000       3.74380000
     -1.30240000      31.50260000
     -1.25240000     106.62010000
     -1.20240000     114.28220000
     -1.15240000      77.94150000
     -1.10240000      94.43280000
     -1.05240000     103.09610000
     -1.00240000      87.52190000
     -0.95240000      59.66070000
     -0.90240000     106.92130000
     -0.85240000     142.33120000
     -0.80240000     125.67370000
     -0.75240000     102.51520000
     -0.70240000      87.29310000
     -0.65240000      79.03800000
     -0.60240000      89.17240000
     -0.55240000     171.81070000
     -0.50240000     204.85930000
     -0.45240000     116.67830000
     -0.40240000     105.34030000
     -0.35240000     141.18230000
     -0.30240000     181.38820000
     -0.25240000     185.34740000
     -0.20240000     141.37470000
     -0.15240000      77.58190000
     -0.10240000      52.41370000
     -0.05240000      60.49890000
     -0.00240000      68.26020000
      0.04760000      37.14940000
      0.09760000       5.48850000
      0.14760000       0.15120000
      0.19760000       0.04490000
      0.24760000       2.45520000
      0.29760000      23.17450000
      0.34760000      40.27930000
      0.39760000      13.25500000
      0.44760000       0.78400000
      0.49760000       0.00770000
      0.54760000       0.00000000
      0.59760000       0.00000000
      0.64760000       0.00000000
      0.69760000       0.00000000
      0.74760000       0.00000000
      0.79760000       0.00120000
      0.84760000       0.26280000
      0.89760000       9.37700000
      0.94760000      59.53040000
      0.99760000      79.12750000
      1.04760000      51.11100000
      1.09760000      33.99600000
      1.14760000       6.37300000
      1.19760000       0.22000000
      1.24760000       0.00160000
      1.29760000       0.07410000
      1.34760000       2.66790000
      1.39760000      16.10340000
      1.44760000      17.56110000
      1.49760000       3.47610000
      1.54760000       0.13580000
      1.59760000       1.17330000
      1.64760000      11.58240000
      1.69760000      20.32960000
      1.74760000       6.52940000
      1.79760000       0.36330000
      1.84760000       0.00460000
      1.89760000       0.20450000
      1.94760000       4.78410000
      1.99760000      19.15350000
      2.04760000      13.98510000
      2.09760000       1.84680000
      2.14760000       1.32650000
      2.19760000      17.46970000
      2.24760000      42.62690000
      2.29760000      32.79020000
      2.34760000      41.40970000
      2.39760000      22.01050000
      2.44760000       2.37350000
      2.49760000       1.48780000
      2.54760000      12.67780000
      2.59760000      19.87490000
      2.64760000       5.77320000
      2.69760000       3.05600000
      2.74760000      16.32610000
      2.79760000      17.36210000
      2.84760000       3.34980000
      2.89760000       0.10920000
      2.94760000       0.00060000
      2.99760000       0.00000000
      3.04760000       0.00000000
      3.09760000       0.00000000
      3.14760000       0.00000000
      3.19760000       0.00000000
      3.24760000       0.00000000
      3.29760000       0.00000000
      3.34760000       0.00090000
      3.39760000       0.15280000
      3.44760000       4.06350000
      3.49760000      18.54650000
      3.54760000      19.50960000
      3.59760000      21.44910000
      3.64760000      22.53980000
      3.69760000      30.90460000
      3.74760000      31.46560000
      3.79760000      10.56300000
      3.84760000       0.79420000
      3.89760000       0.02580000
      3.94760000       1.14760000
      3.99760000      15.05760000
      4.04760000      39.43230000
      4.09760000      23.33540000
      4.14760000      20.65280000
      4.19760000      41.42370000
      4.24760000      27.82990000
      4.29760000      65.62780000
      4.34760000     109.09600000
      4.39760000      60.61020000
      4.44760000      26.65970000
      4.49760000       8.51310000
      4.54760000       0.59220000
      4.59760000       0.11960000
      4.64760000       3.41510000
      4.69760000      17.46870000
      4.74760000      16.55550000
      4.79760000      10.77510000
      4.84760000      36.94480000
      4.89760000      58.01460000
      4.94760000     101.07210000
      4.99760000     131.76660000
      5.04760000      82.76310000
      5.09760000      29.80340000
      5.14760000      34.37920000
      5.19760000      29.64230000
      5.24760000       6.94530000
      5.29760000       0.33820000
      5.34760000       0.00280000
      5.39760000       0.00000000
      5.44760000       0.00030000
      5.49760000       0.10680000
      5.54760000       5.60380000
      5.59760000      49.53150000
      5.64760000      79.64980000
      5.69760000      23.84230000
      5.74760000       1.25490000
      5.79760000       0.05500000
      5.84760000       2.66520000
      5.89760000      28.92920000
      5.94760000      65.52750000
      5.99760000      47.94200000
      6.04760000      48.25270000
      6.09760000      83.29810000
      6.14760000      59.13220000
      6.19760000      28.72160000
      6.24760000      31.18760000
      6.29760000      36.66800000
      6.34760000      33.02590000
      6.39760000      37.01880000
      6.44760000      62.47840000
      6.49760000      90.46610000
      6.54760000      56.39210000
      6.59760000      16.70500000
      6.64760000      23.43840000
      6.69760000      29.65010000
      6.74760000      42.93530000
      6.79760000      53.73440000
      6.84760000      67.00000000
      6.89760000      56.85330000
      6.94760000      58.44610000
      6.99760000      70.21480000
      7.04760000      81.97150000
      7.09760000      81.49970000
      7.14760000      65.99130000
      7.19760000      43.28880000
      7.24760000      27.77450000
      7.29760000       8.21670000
      7.34760000       0.52460000
      7.39760000       0.00560000
      7.44760000       0.00000000
      7.49760000       0.00000000
      7.54760000       0.00000000
      7.59760000       0.00000000
      7.64760000       0.00000000
      7.69760000       0.00000000
      7.74760000       0.00000000
      7.79760000       0.00000000
      7.84760000       0.00000000
      7.89760000       0.00000000
      7.94760000       0.00000000
      7.99760000       0.00000000
      8.04760000       0.00000000
      8.09760000       0.00000000
      8.14760000       0.00000000
      8.19760000       0.00000000
      8.24760000       0.00000000
      8.29760000       0.00000000
      8.34760000       0.00000000
      8.39760000       0.00000000
      8.44760000       0.00000000
      8.49760000       0.00000000
      8.54760000       0.00000000
      8.59760000       0.00000000
      8.64760000       0.00000000
      8.69760000       0.00000000
      8.74760000       0.00000000
      8.79760000       0.00000000
      8.84760000       0.00000000
      8.89760000       0.00000000
      8.94760000       0.00000000
      8.99760000       0.00000000
      9.04760000       0.00000000
      9.09760000       0.00000000
      9.14760000       0.00000000
      9.19760000       0.00000000
      9.24760000       0.00000000
      9.29760000       0.00000000
      9.34760000       0.00000000
      9.39760000       0.00000000
      9.44760000       0.00000000
      9.49760000       0.00000000
      9.54760000       0.00000000
      9.59760000       0.00000000
      9.64760000       0.00000000
      9.69760000       0.00000000
      9.74760000       0.00000000
      9.79760000       0.00000000
      9.84760000       0.00000000
      9.89760000       0.00000000
      9.94760000       0.00000000
      9.99760000       0.00000000
     10.04760000       0.00000000
     10.09760000       0.00000000
     10.14760000       0.00000000
     10.19760000       0.00000000
     10.24760000       0.00000000
     10.29760000       0.00000000
     10.34760000       0.00000000
     10.39760000       0.00000000
     10.44760000       0.00000000
     10.49760000       0.00000000
     10.54760000       0.00000000
     10.59760000       0.00000000
     10.64760000       0.00000000
     10.69760000       0.00000000
     10.74760000       0.00000000
     10.79760000       0.00000000
     10.84760000       0.00000000
     10.89760000       0.00000000
     10.94760000       0.00000000
     10.99760000       0.00000000
     11.04760000       0.00000000
     11.09760000       0.00000000
     11.14760000       0.00000000
     11.19760000       0.00000000
     11.24760000       0.00000000
     11.29760000       0.00000000
     11.34760000       0.00000000
     11.39760000       0.00000000
     11.44760000       0.00000000
     11.49760000       0.00000000
     11.54760000       0.00000000
     11.59760000       0.00000000
     11.64760000       0.00000000
     11.69760000       0.00000000
     11.74760000       0.00000000
     11.79760000       0.00000000
     11.84760000       0.00000000
     11.89760000       0.00000000
     11.94760000       0.00000000
     11.99760000       0.00000000
     12.04760000       0.00000000
     12.09760000       0.00000000
     12.14760000       0.00000000
     12.19760000       0.00000000
     12.24760000       0.00000000
     12.29760000       0.00000000
     12.34760000       0.00000000
     12.39760000       0.00000000
     12.44760000       0.00000000
     12.49760000       0.00000000
     12.54760000       0.00000000
     12.59760000       0.00000000
     12.64760000       0.00000000
     12.69760000       0.00000000
     12.74760000       0.00000000
     12.79760000       0.00000000
     12.84760000       0.00000000
