      Energy(eV)          s               py              pz              px              dxy             dyz             dz2             dxz            dx2-y2            tot 
     -7.06550000      0.00910000      0.00010000      0.00000000      0.00000000      0.00000000      0.00000000      0.00000000      0.00000000      0.00000000      0.00920000
     -7.01550000      0.09310000      0.00280000      0.00240000      0.00040000      0.00000000      0.00000000      0.00000000      0.00000000      0.00000000      0.09870000
     -6.96550000      0.32660000      0.00840000      0.00880000      0.00220000      0.00000000      0.00000000      0.00000000      0.00000000      0.00000000      0.34600000
     -6.91550000      0.28400000      0.00710000      0.00760000      0.00200000      0.00000000      0.00000000      0.00000000      0.00000000      0.00000000      0.30070000
     -6.86550000      0.11170000      0.00320000      0.00270000      0.00060000      0.00000000      0.00000000      0.00000000      0.00000000      0.00000000      0.11820000
     -6.81550000      0.21380000      0.00620000      0.00460000      0.00130000      0.00000000      0.00000000      0.00000000      0.00000000      0.00000000      0.22590000
     -6.76550000      0.15120000      0.00420000      0.00310000      0.00100000      0.00000000      0.00000000      0.00000000      0.00000000      0.00000000      0.15950000
     -6.71550000      0.02140000      0.00050000      0.00040000      0.00010000      0.00000000      0.00000000      0.00000000      0.00000000      0.00000000      0.02240000
     -6.66550000      0.00220000      0.00000000      0.00000000      0.00000000      0.00000000      0.00000000      0.00000000      0.00000000      0.00000000      0.00220000
     -6.61550000      0.04790000      0.00150000      0.00090000      0.00010000      0.00000000      0.00000000      0.00000000      0.00000000      0.00000000      0.05040000
     -6.56550000      0.26350000      0.00830000      0.00700000      0.00150000      0.00000000      0.00000000      0.00000000      0.00000000      0.00000000      0.28030000
     -6.51550000      0.42100000      0.01210000      0.01270000      0.00280000      0.00000000      0.00000000      0.00000000      0.00000000      0.00000000      0.44860000
     -6.46550000      1.09540000      0.02680000      0.04010000      0.01020000      0.00000000      0.00000000      0.00000000      0.00000000      0.00000000      1.17250000
     -6.41550000      1.41970000      0.03420000      0.05230000      0.01380000      0.00000000      0.00000000      0.00000000      0.00000000      0.00000000      1.52000000
     -6.36550000      0.47290000      0.01140000      0.01720000      0.00430000      0.00000000      0.00000000      0.00000000      0.00000000      0.00000000      0.50580000
     -6.31550000      0.44390000      0.01120000      0.01520000      0.00370000      0.00000000      0.00000000      0.00000000      0.00000000      0.00000000      0.47400000
     -6.26550000      0.32710000      0.00870000      0.01110000      0.00250000      0.00000000      0.00000000      0.00000000      0.00000000      0.00000000      0.34940000
     -6.21550000      0.09440000      0.00290000      0.00370000      0.00070000      0.00000000      0.00000000      0.00000000      0.00000000      0.00000000      0.10170000
     -6.16550000      0.02080000      0.00060000      0.00060000      0.00000000      0.00000000      0.00000000      0.00000000      0.00000000      0.00000000      0.02200000
     -6.11550000      0.00730000      0.00000000      0.00020000      0.00000000      0.00000000      0.00000000      0.00000000      0.00000000      0.00000000      0.00750000
     -6.06550000      0.03420000      0.00020000      0.00170000      0.00050000      0.00000000      0.00000000      0.00000000      0.00000000      0.00000000      0.03660000
     -6.01550000      0.04620000      0.00030000      0.00250000      0.00080000      0.00000000      0.00000000      0.00000000      0.00000000      0.00000000      0.04980000
     -5.96550000      0.12310000      0.00120000      0.00640000      0.00240000      0.00000000      0.00000000      0.00000000      0.00000000      0.00000000      0.13310000
     -5.91550000      0.63690000      0.00700000      0.03290000      0.01290000      0.00000000      0.00000000      0.00000000      0.00000000      0.00000000      0.68970000
     -5.86550000      0.65020000      0.00720000      0.03350000      0.01320000      0.00000000      0.00000000      0.00000000      0.00000000      0.00000000      0.70410000
     -5.81550000      0.12640000      0.00150000      0.00630000      0.00240000      0.00000000      0.00000000      0.00000000      0.00000000      0.00000000      0.13660000
     -5.76550000      0.29130000      0.01050000      0.00440000      0.00080000      0.00000000      0.00000000      0.00000000      0.00000000      0.00000000      0.30700000
     -5.71550000      2.27890000      0.08370000      0.03270000      0.00670000      0.00000000      0.00000000      0.00000000      0.00000000      0.00000000      2.40200000
     -5.66550000      3.23580000      0.11880000      0.04670000      0.00970000      0.00000000      0.00000000      0.00000000      0.00000000      0.00000000      3.41100000
     -5.61550000      0.83840000      0.03090000      0.01200000      0.00260000      0.00000000      0.00000000      0.00000000      0.00000000      0.00000000      0.88390000
     -5.56550000      0.03720000      0.00130000      0.00050000      0.00000000      0.00000000      0.00000000      0.00000000      0.00000000      0.00000000      0.03900000
     -5.51550000      0.00010000      0.00000000      0.00000000      0.00000000      0.00000000      0.00000000      0.00000000      0.00000000      0.00000000      0.00010000
     -5.46550000      0.00000000      0.00000000      0.00000000      0.00000000      0.00000000      0.00000000      0.00000000      0.00000000      0.00000000      0.00000000
     -5.41550000      0.00130000      0.00000000      0.00000000      0.00000000      0.00000000      0.00000000      0.00000000      0.00000000      0.00000000      0.00130000
     -5.36550000      0.06400000      0.00270000      0.00190000      0.00130000      0.00000000      0.00000000      0.00000000      0.00000000      0.00000000      0.06990000
     -5.31550000      0.57550000      0.02310000      0.01690000      0.01290000      0.00000000      0.00000000      0.00000000      0.00000000      0.00000000      0.62840000
     -5.26550000      0.92390000      0.03690000      0.02710000      0.02070000      0.00000000      0.00000000      0.00000000      0.00000000      0.00000000      1.00860000
     -5.21550000      0.32060000      0.01250000      0.00910000      0.00650000      0.00000000      0.00000000      0.00000000      0.00000000      0.00000000      0.34870000
     -5.16550000      0.30010000      0.01060000      0.00720000      0.00360000      0.00000000      0.00000000      0.00000000      0.00000000      0.00000000      0.32150000
     -5.11550000      0.69940000      0.02510000      0.01650000      0.00730000      0.00000000      0.00000000      0.00000000      0.00000000      0.00000000      0.74830000
     -5.06550000      0.65290000      0.02300000      0.01570000      0.00800000      0.00000000      0.00000000      0.00000000      0.00000000      0.00000000      0.69960000
     -5.01550000      0.18120000      0.00610000      0.00450000      0.00240000      0.00000000      0.00000000      0.00000000      0.00000000      0.00000000      0.19420000
     -4.96550000      0.01110000      0.00020000      0.00010000      0.00000000      0.00000000      0.00000000      0.00000000      0.00000000      0.00000000      0.01140000
     -4.91550000      0.00000000      0.00000000      0.00000000      0.00000000      0.00000000      0.00000000      0.00000000      0.00000000      0.00000000      0.00000000
     -4.86550000      0.00000000      0.00000000      0.00000000      0.00000000      0.00000000      0.00000000      0.00000000      0.00000000      0.00000000      0.00000000
     -4.81550000      0.00340000      0.00000000      0.00000000      0.00000000      0.00000000      0.00000000      0.00000000      0.00000000      0.00000000      0.00340000
     -4.76550000      0.22450000      0.00780000      0.00330000      0.00030000      0.00000000      0.00000000      0.00000000      0.00000000      0.00000000      0.23590000
     -4.71550000      2.38960000      0.08390000      0.03420000      0.00550000      0.00000000      0.00000000      0.00000000      0.00000000      0.00000000      2.51320000
     -4.66550000      4.50790000      0.15800000      0.06470000      0.01030000      0.00000000      0.00000000      0.00000000      0.00000000      0.00000000      4.74090000
     -4.61550000      1.55710000      0.05450000      0.02230000      0.00340000      0.00000000      0.00000000      0.00000000      0.00000000      0.00000000      1.63730000
     -4.56550000      0.09350000      0.00330000      0.00130000      0.00010000      0.00000000      0.00000000      0.00000000      0.00000000      0.00000000      0.09820000
     -4.51550000      0.00100000      0.00000000      0.00000000      0.00000000      0.00000000      0.00000000      0.00000000      0.00000000      0.00000000      0.00100000
     -4.46550000      0.00000000      0.00000000      0.00000000      0.00000000      0.00000000      0.00000000      0.00000000      0.00000000      0.00000000      0.00000000
     -4.41550000      0.00000000      0.00000000      0.00000000      0.00000000      0.00000000      0.00000000      0.00000000      0.00000000      0.00000000      0.00000000
     -4.36550000      0.00010000      0.00000000      0.00000000      0.00000000      0.00000000      0.00000000      0.00000000      0.00000000      0.00000000      0.00010000
     -4.31550000      0.03080000      0.00010000      0.00080000      0.00090000      0.00000000      0.00000000      0.00000000      0.00000000      0.00000000      0.03260000
     -4.26550000      0.70340000      0.00410000      0.02160000      0.02210000      0.00000000      0.00000000      0.00000000      0.00000000      0.00000000      0.75120000
     -4.21550000      2.74190000      0.01610000      0.08390000      0.08640000      0.00000000      0.00000000      0.00000000      0.00000000      0.00000000      2.92830000
     -4.16550000      1.99300000      0.01250000      0.06060000      0.06240000      0.00000000      0.00000000      0.00000000      0.00000000      0.00000000      2.12850000
     -4.11550000      0.64740000      0.01030000      0.01690000      0.01630000      0.00000000      0.00000000      0.00000000      0.00000000      0.00000000      0.69090000
     -4.06550000      0.67910000      0.01420000      0.01610000      0.01520000      0.00000000      0.00000000      0.00000000      0.00000000      0.00000000      0.72460000
     -4.01550000      0.25570000      0.00520000      0.00610000      0.00580000      0.00000000      0.00000000      0.00000000      0.00000000      0.00000000      0.27280000
     -3.96550000      0.57450000      0.01490000      0.01180000      0.01200000      0.00000000      0.00000000      0.00000000      0.00000000      0.00000000      0.61320000
     -3.91550000      1.76570000      0.04490000      0.03480000      0.04130000      0.00000000      0.00000000      0.00000000      0.00000000      0.00000000      1.88670000
     -3.86550000      1.54960000      0.03770000      0.03130000      0.04310000      0.00000000      0.00000000      0.00000000      0.00000000      0.00000000      1.66170000
     -3.81550000      0.74880000      0.01810000      0.01950000      0.02460000      0.00000000      0.00000000      0.00000000      0.00000000      0.00000000      0.81100000
     -3.76550000      0.67220000      0.01680000      0.01860000      0.02230000      0.00000000      0.00000000      0.00000000      0.00000000      0.00000000      0.72990000
     -3.71550000      0.87960000      0.02270000      0.02290000      0.02380000      0.00000000      0.00000000      0.00000000      0.00000000      0.00000000      0.94900000
     -3.66550000      1.30730000      0.03540000      0.03020000      0.02790000      0.00000000      0.00000000      0.00000000      0.00000000      0.00000000      1.40080000
     -3.61550000      2.19290000      0.06490000      0.03330000      0.02380000      0.00000000      0.00000000      0.00000000      0.00000000      0.00000000      2.31490000
     -3.56550000      2.57470000      0.07730000      0.03520000      0.02290000      0.00000000      0.00000000      0.00000000      0.00000000      0.00000000      2.71010000
     -3.51550000      0.87770000      0.02580000      0.01280000      0.00790000      0.00000000      0.00000000      0.00000000      0.00000000      0.00000000      0.92420000
     -3.46550000      0.30790000      0.00720000      0.00580000      0.00390000      0.00000000      0.00000000      0.00000000      0.00000000      0.00000000      0.32480000
     -3.41550000      0.44920000      0.00290000      0.01480000      0.00800000      0.00000000      0.00000000      0.00000000      0.00000000      0.00000000      0.47490000
     -3.36550000      2.38960000      0.00690000      0.08750000      0.04350000      0.00000000      0.00000000      0.00000000      0.00000000      0.00000000      2.52750000
     -3.31550000      3.01600000      0.00870000      0.11080000      0.05480000      0.00000000      0.00000000      0.00000000      0.00000000      0.00000000      3.19030000
     -3.26550000      0.92740000      0.00400000      0.03290000      0.01540000      0.00000000      0.00000000      0.00000000      0.00000000      0.00000000      0.97970000
     -3.21550000      0.59370000      0.00580000      0.01820000      0.00730000      0.00000000      0.00000000      0.00000000      0.00000000      0.00000000      0.62500000
     -3.16550000      0.61640000      0.01100000      0.01500000      0.00700000      0.00000000      0.00000000      0.00000000      0.00000000      0.00000000      0.64940000
     -3.11550000      0.57250000      0.01290000      0.01350000      0.00700000      0.00000000      0.00000000      0.00000000      0.00000000      0.00000000      0.60590000
     -3.06550000      0.49920000      0.00940000      0.01250000      0.00770000      0.00000000      0.00000000      0.00000000      0.00000000      0.00000000      0.52880000
     -3.01550000      0.57650000      0.01080000      0.01200000      0.01070000      0.00000000      0.00000000      0.00000000      0.00000000      0.00000000      0.61000000
     -2.96550000      0.40390000      0.00760000      0.00730000      0.00750000      0.00000000      0.00000000      0.00000000      0.00000000      0.00000000      0.42630000
     -2.91550000      0.12780000      0.00240000      0.00290000      0.00190000      0.00000000      0.00000000      0.00000000      0.00000000      0.00000000      0.13500000
     -2.86550000      0.02410000      0.00030000      0.00050000      0.00010000      0.00000000      0.00000000      0.00000000      0.00000000      0.00000000      0.02500000
     -2.81550000      0.02060000      0.00050000      0.00010000      0.00000000      0.00000000      0.00000000      0.00000000      0.00000000      0.00000000      0.02120000
     -2.76550000      0.63120000      0.01400000      0.00800000      0.00130000      0.00000000      0.00000000      0.00000000      0.00000000      0.00000000      0.65450000
     -2.71550000      3.53490000      0.07850000      0.04480000      0.00760000      0.00000000      0.00000000      0.00000000      0.00000000      0.00000000      3.66580000
     -2.66550000      3.64110000      0.08060000      0.04670000      0.00820000      0.00000000      0.00000000      0.00000000      0.00000000      0.00000000      3.77660000
     -2.61550000      1.12100000      0.02340000      0.01570000      0.00380000      0.00000000      0.00000000      0.00000000      0.00000000      0.00000000      1.16390000
     -2.56550000      1.32600000      0.02770000      0.02000000      0.00540000      0.00000000      0.00000000      0.00000000      0.00000000      0.00000000      1.37910000
     -2.51550000      1.37750000      0.02920000      0.02170000      0.00500000      0.00000000      0.00000000      0.00000000      0.00000000      0.00000000      1.43340000
     -2.46550000      1.40140000      0.01340000      0.04380000      0.01150000      0.00000000      0.00000000      0.00000000      0.00000000      0.00000000      1.47010000
     -2.41550000      3.34750000      0.02020000      0.11950000      0.03290000      0.00000000      0.00000000      0.00000000      0.00000000      0.00000000      3.52010000
     -2.36550000      2.28600000      0.01580000      0.07540000      0.02130000      0.00000000      0.00000000      0.00000000      0.00000000      0.00000000      2.39850000
     -2.31550000      1.44110000      0.01580000      0.03250000      0.01140000      0.00000000      0.00000000      0.00000000      0.00000000      0.00000000      1.50080000
     -2.26550000      1.02670000      0.01370000      0.01930000      0.01190000      0.00000000      0.00000000      0.00000000      0.00000000      0.00000000      1.07160000
     -2.21550000      0.80330000      0.01140000      0.01380000      0.01020000      0.00000000      0.00000000      0.00000000      0.00000000      0.00000000      0.83870000
     -2.16550000      1.01860000      0.01370000      0.02100000      0.00770000      0.00000000      0.00000000      0.00000000      0.00000000      0.00000000      1.06100000
     -2.11550000      0.77740000      0.01010000      0.01560000      0.00540000      0.00000000      0.00000000      0.00000000      0.00000000      0.00000000      0.80850000
     -2.06550000      0.87670000      0.01150000      0.01630000      0.00660000      0.00000000      0.00000000      0.00000000      0.00000000      0.00000000      0.91110000
     -2.01550000      0.89450000      0.01430000      0.01690000      0.00540000      0.00000000      0.00000000      0.00000000      0.00000000      0.00000000      0.93110000
     -1.96550000      1.38400000      0.02490000      0.01360000      0.00200000      0.00000000      0.00000000      0.00000000      0.00000000      0.00000000      1.42450000
     -1.91550000      1.77150000      0.03180000      0.01430000      0.00190000      0.00000000      0.00000000      0.00000000      0.00000000      0.00000000      1.81950000
     -1.86550000      1.49570000      0.02680000      0.01620000      0.00500000      0.00000000      0.00000000      0.00000000      0.00000000      0.00000000      1.54370000
     -1.81550000      1.50550000      0.02810000      0.01730000      0.00640000      0.00000000      0.00000000      0.00000000      0.00000000      0.00000000      1.55730000
     -1.76550000      2.49810000      0.04950000      0.02470000      0.00610000      0.00000000      0.00000000      0.00000000      0.00000000      0.00000000      2.57840000
     -1.71550000      2.24470000      0.04180000      0.02900000      0.00950000      0.00000000      0.00000000      0.00000000      0.00000000      0.00000000      2.32500000
     -1.66550000      2.69380000      0.03650000      0.06840000      0.03220000      0.00000000      0.00000000      0.00000000      0.00000000      0.00000000      2.83090000
     -1.61550000      2.64520000      0.03210000      0.07040000      0.03540000      0.00000000      0.00000000      0.00000000      0.00000000      0.00000000      2.78310000
     -1.56550000      2.39220000      0.01820000      0.05790000      0.03740000      0.00000000      0.00000000      0.00000000      0.00000000      0.00000000      2.50570000
     -1.51550000      2.51840000      0.02040000      0.05640000      0.03860000      0.00000000      0.00000000      0.00000000      0.00000000      0.00000000      2.63380000
     -1.46550000      1.30230000      0.01790000      0.02040000      0.01290000      0.00000000      0.00000000      0.00000000      0.00000000      0.00000000      1.35350000
     -1.41550000      3.19980000      0.04820000      0.02590000      0.00940000      0.00000000      0.00000000      0.00000000      0.00000000      0.00000000      3.28330000
     -1.36550000      4.46760000      0.06590000      0.03460000      0.02020000      0.00000000      0.00000000      0.00000000      0.00000000      0.00000000      4.58830000
     -1.31550000      1.94950000      0.02750000      0.01550000      0.05360000      0.00000000      0.00000000      0.00000000      0.00000000      0.00000000      2.04610000
     -1.26550000      1.11280000      0.01540000      0.00970000      0.05190000      0.00000000      0.00000000      0.00000000      0.00000000      0.00000000      1.18980000
     -1.21550000      0.96130000      0.01520000      0.00850000      0.01240000      0.00000000      0.00000000      0.00000000      0.00000000      0.00000000      0.99740000
     -1.16550000      0.78730000      0.01140000      0.00630000      0.01020000      0.00000000      0.00000000      0.00000000      0.00000000      0.00000000      0.81520000
     -1.11550000      0.36960000      0.00400000      0.00300000      0.01100000      0.00000000      0.00000000      0.00000000      0.00000000      0.00000000      0.38760000
     -1.06550000      0.13760000      0.00160000      0.00130000      0.00340000      0.00000000      0.00000000      0.00000000      0.00000000      0.00000000      0.14390000
     -1.01550000      0.13920000      0.00180000      0.00160000      0.00190000      0.00000000      0.00000000      0.00000000      0.00000000      0.00000000      0.14450000
     -0.96550000      0.10520000      0.00140000      0.00260000      0.00100000      0.00000000      0.00000000      0.00000000      0.00000000      0.00000000      0.11020000
     -0.91550000      0.14910000      0.00260000      0.00580000      0.00030000      0.00000000      0.00000000      0.00000000      0.00000000      0.00000000      0.15780000
     -0.86550000      0.35280000      0.00770000      0.01070000      0.00070000      0.00000000      0.00000000      0.00000000      0.00000000      0.00000000      0.37190000
     -0.81550000      0.65140000      0.01390000      0.02380000      0.00180000      0.00000000      0.00000000      0.00000000      0.00000000      0.00000000      0.69090000
     -0.76550000      0.89510000      0.01850000      0.03030000      0.00230000      0.00000000      0.00000000      0.00000000      0.00000000      0.00000000      0.94620000
     -0.71550000      0.75720000      0.01610000      0.02030000      0.00150000      0.00000000      0.00000000      0.00000000      0.00000000      0.00000000      0.79510000
     -0.66550000      0.73540000      0.01600000      0.01470000      0.00100000      0.00000000      0.00000000      0.00000000      0.00000000      0.00000000      0.76710000
     -0.61550000      0.32650000      0.00750000      0.00740000      0.00040000      0.00000000      0.00000000      0.00000000      0.00000000      0.00000000      0.34180000
     -0.56550000      0.16070000      0.00380000      0.00540000      0.00030000      0.00000000      0.00000000      0.00000000      0.00000000      0.00000000      0.17020000
     -0.51550000      0.20950000      0.00590000      0.00830000      0.00060000      0.00000000      0.00000000      0.00000000      0.00000000      0.00000000      0.22430000
     -0.46550000      0.29830000      0.00820000      0.00970000      0.00090000      0.00000000      0.00000000      0.00000000      0.00000000      0.00000000      0.31710000
     -0.41550000      0.28200000      0.00750000      0.00920000      0.00080000      0.00000000      0.00000000      0.00000000      0.00000000      0.00000000      0.29950000
     -0.36550000      0.18230000      0.00500000      0.00790000      0.00080000      0.00000000      0.00000000      0.00000000      0.00000000      0.00000000      0.19600000
     -0.31550000      0.15890000      0.00430000      0.00810000      0.00080000      0.00000000      0.00000000      0.00000000      0.00000000      0.00000000      0.17210000
     -0.26550000      0.14490000      0.00440000      0.00760000      0.00080000      0.00000000      0.00000000      0.00000000      0.00000000      0.00000000      0.15770000
     -0.21550000      0.10880000      0.00370000      0.00520000      0.00050000      0.00000000      0.00000000      0.00000000      0.00000000      0.00000000      0.11820000
     -0.16550000      0.07230000      0.00230000      0.00370000      0.00020000      0.00000000      0.00000000      0.00000000      0.00000000      0.00000000      0.07850000
     -0.11550000      0.04940000      0.00160000      0.00530000      0.00020000      0.00000000      0.00000000      0.00000000      0.00000000      0.00000000      0.05650000
     -0.06550000      0.05280000      0.00170000      0.00660000      0.00030000      0.00000000      0.00000000      0.00000000      0.00000000      0.00000000      0.06140000
     -0.01550000      0.02310000      0.00070000      0.00230000      0.00010000      0.00000000      0.00000000      0.00000000      0.00000000      0.00000000      0.02620000
      0.03450000      0.01250000      0.00010000      0.00060000      0.00010000      0.00000000      0.00000000      0.00000000      0.00000000      0.00000000      0.01330000
      0.08450000      0.00320000      0.00000000      0.00000000      0.00000000      0.00000000      0.00000000      0.00000000      0.00000000      0.00000000      0.00320000
      0.13450000      0.00000000      0.00000000      0.00000000      0.00000000      0.00000000      0.00000000      0.00000000      0.00000000      0.00000000      0.00000000
      0.18450000      0.00000000      0.00000000      0.00000000      0.00000000      0.00000000      0.00000000      0.00000000      0.00000000      0.00000000      0.00000000
      0.23450000      0.00000000      0.00000000      0.00000000      0.00000000      0.00000000      0.00000000      0.00000000      0.00000000      0.00000000      0.00000000
      0.28450000      0.00020000      0.00000000      0.00000000      0.00000000      0.00000000      0.00000000      0.00000000      0.00000000      0.00000000      0.00020000
      0.33450000      0.00100000      0.00000000      0.00000000      0.00000000      0.00000000      0.00000000      0.00000000      0.00000000      0.00000000      0.00100000
      0.38450000      0.00050000      0.00000000      0.00000000      0.00000000      0.00000000      0.00000000      0.00000000      0.00000000      0.00000000      0.00050000
      0.43450000      0.00000000      0.00000000      0.00000000      0.00000000      0.00000000      0.00000000      0.00000000      0.00000000      0.00000000      0.00000000
      0.48450000      0.00000000      0.00000000      0.00000000      0.00000000      0.00000000      0.00000000      0.00000000      0.00000000      0.00000000      0.00000000
      0.53450000      0.00000000      0.00000000      0.00000000      0.00000000      0.00000000      0.00000000      0.00000000      0.00000000      0.00000000      0.00000000
      0.58450000      0.00000000      0.00000000      0.00000000      0.00000000      0.00000000      0.00000000      0.00000000      0.00000000      0.00000000      0.00000000
      0.63450000      0.00000000      0.00000000      0.00000000      0.00000000      0.00000000      0.00000000      0.00000000      0.00000000      0.00000000      0.00000000
      0.68450000      0.00000000      0.00000000      0.00000000      0.00000000      0.00000000      0.00000000      0.00000000      0.00000000      0.00000000      0.00000000
      0.73450000      0.00000000      0.00000000      0.00000000      0.00000000      0.00000000      0.00000000      0.00000000      0.00000000      0.00000000      0.00000000
      0.78450000      0.00000000      0.00000000      0.00000000      0.00000000      0.00000000      0.00000000      0.00000000      0.00000000      0.00000000      0.00000000
      0.83450000      0.00000000      0.00000000      0.00000000      0.00000000      0.00000000      0.00000000      0.00000000      0.00000000      0.00000000      0.00000000
      0.88450000      0.00020000      0.00000000      0.00000000      0.00000000      0.00000000      0.00000000      0.00000000      0.00000000      0.00000000      0.00020000
      0.93450000      0.00340000      0.00000000      0.00060000      0.00000000      0.00000000      0.00000000      0.00000000      0.00000000      0.00000000      0.00400000
      0.98450000      0.00770000      0.00030000      0.00130000      0.00010000      0.00000000      0.00000000      0.00000000      0.00000000      0.00000000      0.00940000
      1.03450000      0.00540000      0.00000000      0.00060000      0.00010000      0.00000000      0.00000000      0.00000000      0.00000000      0.00000000      0.00610000
      1.08450000      0.00330000      0.00000000      0.00030000      0.00010000      0.00000000      0.00000000      0.00000000      0.00000000      0.00000000      0.00370000
      1.13450000      0.00080000      0.00000000      0.00000000      0.00000000      0.00000000      0.00000000      0.00000000      0.00000000      0.00000000      0.00080000
      1.18450000      0.00000000      0.00000000      0.00000000      0.00000000      0.00000000      0.00000000      0.00000000      0.00000000      0.00000000      0.00000000
      1.23450000      0.00000000      0.00000000      0.00000000      0.00000000      0.00000000      0.00000000      0.00000000      0.00000000      0.00000000      0.00000000
      1.28450000      0.00000000      0.00000000      0.00000000      0.00000000      0.00000000      0.00000000      0.00000000      0.00000000      0.00000000      0.00000000
      1.33450000      0.00020000      0.00000000      0.00000000      0.00000000      0.00000000      0.00000000      0.00000000      0.00000000      0.00000000      0.00020000
      1.38450000      0.00850000      0.00030000      0.00170000      0.00010000      0.00000000      0.00000000      0.00000000      0.00000000      0.00000000      0.01060000
      1.43450000      0.04480000      0.00200000      0.00980000      0.00100000      0.00000000      0.00000000      0.00000000      0.00000000      0.00000000      0.05760000
      1.48450000      0.04300000      0.00200000      0.00930000      0.00100000      0.00000000      0.00000000      0.00000000      0.00000000      0.00000000      0.05530000
      1.53450000      0.00740000      0.00030000      0.00140000      0.00010000      0.00000000      0.00000000      0.00000000      0.00000000      0.00000000      0.00920000
      1.58450000      0.00020000      0.00000000      0.00000000      0.00000000      0.00000000      0.00000000      0.00000000      0.00000000      0.00000000      0.00020000
      1.63450000      0.00390000      0.00000000      0.00060000      0.00010000      0.00000000      0.00000000      0.00000000      0.00000000      0.00000000      0.00460000
      1.68450000      0.03670000      0.00130000      0.00590000      0.00150000      0.00000000      0.00000000      0.00000000      0.00000000      0.00000000      0.04540000
      1.73450000      0.06260000      0.00240000      0.01010000      0.00250000      0.00000000      0.00000000      0.00000000      0.00000000      0.00000000      0.07760000
      1.78450000      0.01950000      0.00060000      0.00310000      0.00080000      0.00000000      0.00000000      0.00000000      0.00000000      0.00000000      0.02400000
      1.83450000      0.00350000      0.00000000      0.00040000      0.00010000      0.00000000      0.00000000      0.00000000      0.00000000      0.00000000      0.00400000
      1.88450000      0.01620000      0.00040000      0.00150000      0.00050000      0.00000000      0.00000000      0.00000000      0.00000000      0.00000000      0.01860000
      1.93450000      0.01940000      0.00040000      0.00170000      0.00060000      0.00000000      0.00000000      0.00000000      0.00000000      0.00000000      0.02210000
      1.98450000      0.00420000      0.00000000      0.00030000      0.00010000      0.00000000      0.00000000      0.00000000      0.00000000      0.00000000      0.00460000
      2.03450000      0.00010000      0.00000000      0.00000000      0.00000000      0.00000000      0.00000000      0.00000000      0.00000000      0.00000000      0.00010000
      2.08450000      0.00000000      0.00000000      0.00000000      0.00000000      0.00000000      0.00000000      0.00000000      0.00000000      0.00000000      0.00000000
      2.13450000      0.00000000      0.00000000      0.00000000      0.00000000      0.00000000      0.00000000      0.00000000      0.00000000      0.00000000      0.00000000
      2.18450000      0.00210000      0.00000000      0.00090000      0.00000000      0.00000000      0.00000000      0.00000000      0.00000000      0.00000000      0.00300000
      2.23450000      0.02990000      0.00170000      0.01140000      0.00110000      0.00000000      0.00000000      0.00000000      0.00000000      0.00000000      0.04410000
      2.28450000      0.10000000      0.00630000      0.03020000      0.00440000      0.00000000      0.00000000      0.00000000      0.00000000      0.00000000      0.14090000
      2.33450000      0.10350000      0.00620000      0.02190000      0.00560000      0.00000000      0.00000000      0.00000000      0.00000000      0.00000000      0.13720000
      2.38450000      0.05250000      0.00250000      0.00970000      0.00330000      0.00000000      0.00000000      0.00000000      0.00000000      0.00000000      0.06800000
      2.43450000      0.02740000      0.00110000      0.00500000      0.00160000      0.00000000      0.00000000      0.00000000      0.00000000      0.00000000      0.03510000
      2.48450000      0.04770000      0.00270000      0.00650000      0.00300000      0.00000000      0.00000000      0.00000000      0.00000000      0.00000000      0.05990000
      2.53450000      0.04350000      0.00250000      0.00590000      0.00290000      0.00000000      0.00000000      0.00000000      0.00000000      0.00000000      0.05480000
      2.58450000      0.01010000      0.00090000      0.00090000      0.00060000      0.00000000      0.00000000      0.00000000      0.00000000      0.00000000      0.01250000
      2.63450000      0.07360000      0.01790000      0.00170000      0.00710000      0.00000000      0.00000000      0.00000000      0.00000000      0.00000000      0.10030000
      2.68450000      0.35260000      0.08620000      0.00850000      0.03480000      0.00000000      0.00000000      0.00000000      0.00000000      0.00000000      0.48210000
      2.73450000      0.30820000      0.07540000      0.00730000      0.03050000      0.00000000      0.00000000      0.00000000      0.00000000      0.00000000      0.42140000
      2.78450000      0.04840000      0.01180000      0.00110000      0.00470000      0.00000000      0.00000000      0.00000000      0.00000000      0.00000000      0.06600000
      2.83450000      0.00120000      0.00030000      0.00000000      0.00010000      0.00000000      0.00000000      0.00000000      0.00000000      0.00000000      0.00160000
      2.88450000      0.00000000      0.00000000      0.00000000      0.00000000      0.00000000      0.00000000      0.00000000      0.00000000      0.00000000      0.00000000
      2.93450000      0.00000000      0.00000000      0.00000000      0.00000000      0.00000000      0.00000000      0.00000000      0.00000000      0.00000000      0.00000000
      2.98450000      0.00000000      0.00000000      0.00000000      0.00000000      0.00000000      0.00000000      0.00000000      0.00000000      0.00000000      0.00000000
      3.03450000      0.00000000      0.00000000      0.00000000      0.00000000      0.00000000      0.00000000      0.00000000      0.00000000      0.00000000      0.00000000
      3.08450000      0.00200000      0.00010000      0.00010000      0.00000000      0.00000000      0.00000000      0.00000000      0.00000000      0.00000000      0.00220000
      3.13450000      0.04080000      0.00160000      0.00280000      0.00070000      0.00000000      0.00000000      0.00000000      0.00000000      0.00000000      0.04590000
      3.18450000      0.14230000      0.00570000      0.01020000      0.00260000      0.00000000      0.00000000      0.00000000      0.00000000      0.00000000      0.16080000
      3.23450000      0.09040000      0.00360000      0.00630000      0.00150000      0.00000000      0.00000000      0.00000000      0.00000000      0.00000000      0.10180000
      3.28450000      0.01030000      0.00030000      0.00070000      0.00010000      0.00000000      0.00000000      0.00000000      0.00000000      0.00000000      0.01140000
      3.33450000      0.00010000      0.00000000      0.00000000      0.00000000      0.00000000      0.00000000      0.00000000      0.00000000      0.00000000      0.00010000
      3.38450000      0.00000000      0.00000000      0.00000000      0.00000000      0.00000000      0.00000000      0.00000000      0.00000000      0.00000000      0.00000000
      3.43450000      0.00000000      0.00000000      0.00000000      0.00000000      0.00000000      0.00000000      0.00000000      0.00000000      0.00000000      0.00000000
      3.48450000      0.00030000      0.00000000      0.00000000      0.00000000      0.00000000      0.00000000      0.00000000      0.00000000      0.00000000      0.00030000
      3.53450000      0.00050000      0.00000000      0.00000000      0.00000000      0.00000000      0.00000000      0.00000000      0.00000000      0.00000000      0.00050000
      3.58450000      0.00010000      0.00000000      0.00000000      0.00000000      0.00000000      0.00000000      0.00000000      0.00000000      0.00000000      0.00010000
      3.63450000      0.00000000      0.00000000      0.00000000      0.00000000      0.00000000      0.00000000      0.00000000      0.00000000      0.00000000      0.00000000
      3.68450000      0.00250000      0.00030000      0.00100000      0.00000000      0.00000000      0.00000000      0.00000000      0.00000000      0.00000000      0.00380000
      3.73450000      0.00750000      0.00100000      0.00340000      0.00010000      0.00000000      0.00000000      0.00000000      0.00000000      0.00000000      0.01200000
      3.78450000      0.00560000      0.00070000      0.00230000      0.00000000      0.00000000      0.00000000      0.00000000      0.00000000      0.00000000      0.00860000
      3.83450000      0.00090000      0.00000000      0.00030000      0.00000000      0.00000000      0.00000000      0.00000000      0.00000000      0.00000000      0.00120000
      3.88450000      0.00000000      0.00000000      0.00000000      0.00000000      0.00000000      0.00000000      0.00000000      0.00000000      0.00000000      0.00000000
      3.93450000      0.00000000      0.00000000      0.00000000      0.00000000      0.00000000      0.00000000      0.00000000      0.00000000      0.00000000      0.00000000
      3.98450000      0.00010000      0.00000000      0.00010000      0.00000000      0.00000000      0.00000000      0.00000000      0.00000000      0.00000000      0.00020000
      4.03450000      0.00480000      0.00050000      0.00220000      0.00030000      0.00000000      0.00000000      0.00000000      0.00000000      0.00000000      0.00780000
      4.08450000      0.01430000      0.00140000      0.00610000      0.00130000      0.00000000      0.00000000      0.00000000      0.00000000      0.00000000      0.02310000
      4.13450000      0.01790000      0.00140000      0.00600000      0.00140000      0.00000000      0.00000000      0.00000000      0.00000000      0.00000000      0.02670000
      4.18450000      0.01080000      0.00080000      0.00340000      0.00060000      0.00000000      0.00000000      0.00000000      0.00000000      0.00000000      0.01560000
      4.23450000      0.00980000      0.00060000      0.00270000      0.00070000      0.00000000      0.00000000      0.00000000      0.00000000      0.00000000      0.01380000
      4.28450000      0.00880000      0.00050000      0.00210000      0.00060000      0.00000000      0.00000000      0.00000000      0.00000000      0.00000000      0.01200000
      4.33450000      0.00670000      0.00050000      0.00290000      0.00040000      0.00000000      0.00000000      0.00000000      0.00000000      0.00000000      0.01050000
      4.38450000      0.01040000      0.00080000      0.00520000      0.00090000      0.00000000      0.00000000      0.00000000      0.00000000      0.00000000      0.01730000
      4.43450000      0.00640000      0.00070000      0.00310000      0.00050000      0.00000000      0.00000000      0.00000000      0.00000000      0.00000000      0.01070000
      4.48450000      0.00180000      0.00010000      0.00080000      0.00010000      0.00000000      0.00000000      0.00000000      0.00000000      0.00000000      0.00280000
      4.53450000      0.00010000      0.00000000      0.00000000      0.00000000      0.00000000      0.00000000      0.00000000      0.00000000      0.00000000      0.00010000
      4.58450000      0.00000000      0.00000000      0.00000000      0.00000000      0.00000000      0.00000000      0.00000000      0.00000000      0.00000000      0.00000000
      4.63450000      0.00200000      0.00000000      0.00070000      0.00030000      0.00000000      0.00000000      0.00000000      0.00000000      0.00000000      0.00300000
      4.68450000      0.00610000      0.00030000      0.00230000      0.00120000      0.00000000      0.00000000      0.00000000      0.00000000      0.00000000      0.00990000
      4.73450000      0.00330000      0.00000000      0.00120000      0.00040000      0.00000000      0.00000000      0.00000000      0.00000000      0.00000000      0.00490000
      4.78450000      0.00050000      0.00000000      0.00020000      0.00010000      0.00000000      0.00000000      0.00000000      0.00000000      0.00000000      0.00080000
      4.83450000      0.00370000      0.00000000      0.00210000      0.00070000      0.00000000      0.00000000      0.00000000      0.00000000      0.00000000      0.00650000
      4.88450000      0.01000000      0.00100000      0.00550000      0.00170000      0.00000000      0.00000000      0.00000000      0.00000000      0.00000000      0.01820000
      4.93450000      0.01030000      0.00080000      0.00480000      0.00150000      0.00000000      0.00000000      0.00000000      0.00000000      0.00000000      0.01740000
      4.98450000      0.00840000      0.00090000      0.00390000      0.00140000      0.00000000      0.00000000      0.00000000      0.00000000      0.00000000      0.01460000
      5.03450000      0.00450000      0.00060000      0.00400000      0.00090000      0.00000000      0.00000000      0.00000000      0.00000000      0.00000000      0.01000000
      5.08450000      0.00160000      0.00030000      0.00210000      0.00020000      0.00000000      0.00000000      0.00000000      0.00000000      0.00000000      0.00420000
      5.13450000      0.00130000      0.00040000      0.00200000      0.00020000      0.00000000      0.00000000      0.00000000      0.00000000      0.00000000      0.00390000
      5.18450000      0.00030000      0.00000000      0.00050000      0.00000000      0.00000000      0.00000000      0.00000000      0.00000000      0.00000000      0.00080000
      5.23450000      0.00000000      0.00000000      0.00000000      0.00000000      0.00000000      0.00000000      0.00000000      0.00000000      0.00000000      0.00000000
      5.28450000      0.00000000      0.00000000      0.00000000      0.00000000      0.00000000      0.00000000      0.00000000      0.00000000      0.00000000      0.00000000
      5.33450000      0.00000000      0.00000000      0.00000000      0.00000000      0.00000000      0.00000000      0.00000000      0.00000000      0.00000000      0.00000000
      5.38450000      0.00000000      0.00000000      0.00000000      0.00000000      0.00000000      0.00000000      0.00000000      0.00000000      0.00000000      0.00000000
      5.43450000      0.00000000      0.00000000      0.00000000      0.00000000      0.00000000      0.00000000      0.00000000      0.00000000      0.00000000      0.00000000
      5.48450000      0.00050000      0.00000000      0.00110000      0.00000000      0.00000000      0.00000000      0.00000000      0.00000000      0.00000000      0.00160000
      5.53450000      0.00430000      0.00100000      0.00710000      0.00110000      0.00000000      0.00000000      0.00000000      0.00000000      0.00000000      0.01350000
      5.58450000      0.00420000      0.00090000      0.00680000      0.00110000      0.00000000      0.00000000      0.00000000      0.00000000      0.00000000      0.01300000
      5.63450000      0.00070000      0.00000000      0.00120000      0.00000000      0.00000000      0.00000000      0.00000000      0.00000000      0.00000000      0.00190000
      5.68450000      0.00000000      0.00000000      0.00000000      0.00000000      0.00000000      0.00000000      0.00000000      0.00000000      0.00000000      0.00000000
      5.73450000      0.00000000      0.00000000      0.00000000      0.00000000      0.00000000      0.00000000      0.00000000      0.00000000      0.00000000      0.00000000
      5.78450000      0.00000000      0.00000000      0.00000000      0.00000000      0.00000000      0.00000000      0.00000000      0.00000000      0.00000000      0.00000000
      5.83450000      0.00010000      0.00010000      0.00100000      0.00000000      0.00000000      0.00000000      0.00000000      0.00000000      0.00000000      0.00120000
      5.88450000      0.00030000      0.00030000      0.00250000      0.00000000      0.00000000      0.00000000      0.00000000      0.00000000      0.00000000      0.00310000
      5.93450000      0.00340000      0.00150000      0.00530000      0.00080000      0.00000000      0.00000000      0.00000000      0.00000000      0.00000000      0.01100000
      5.98450000      0.02890000      0.01290000      0.04140000      0.00810000      0.00000000      0.00000000      0.00000000      0.00000000      0.00000000      0.09130000
      6.03450000      0.05240000      0.02430000      0.08740000      0.01800000      0.00000000      0.00000000      0.00000000      0.00000000      0.00000000      0.18210000
      6.08450000      0.02680000      0.01360000      0.06770000      0.01190000      0.00000000      0.00000000      0.00000000      0.00000000      0.00000000      0.12000000
      6.13450000      0.00920000      0.00470000      0.03010000      0.00400000      0.00000000      0.00000000      0.00000000      0.00000000      0.00000000      0.04800000
      6.18450000      0.00220000      0.00100000      0.00590000      0.00070000      0.00000000      0.00000000      0.00000000      0.00000000      0.00000000      0.00980000
      6.23450000      0.01110000      0.00490000      0.01770000      0.00480000      0.00000000      0.00000000      0.00000000      0.00000000      0.00000000      0.03850000
      6.28450000      0.04150000      0.02220000      0.07930000      0.01670000      0.00000000      0.00000000      0.00000000      0.00000000      0.00000000      0.15970000
      6.33450000      0.06300000      0.04400000      0.14850000      0.02400000      0.00000000      0.00000000      0.00000000      0.00000000      0.00000000      0.27950000
      6.38450000      0.06740000      0.05370000      0.16060000      0.02260000      0.00000000      0.00000000      0.00000000      0.00000000      0.00000000      0.30430000
      6.43450000      0.04510000      0.03140000      0.08650000      0.01410000      0.00000000      0.00000000      0.00000000      0.00000000      0.00000000      0.17710000
      6.48450000      0.01890000      0.01140000      0.03170000      0.00520000      0.00000000      0.00000000      0.00000000      0.00000000      0.00000000      0.06720000
      6.53450000      0.00230000      0.00130000      0.00390000      0.00030000      0.00000000      0.00000000      0.00000000      0.00000000      0.00000000      0.00780000
      6.58450000      0.00000000      0.00000000      0.00000000      0.00000000      0.00000000      0.00000000      0.00000000      0.00000000      0.00000000      0.00000000
      6.63450000      0.00000000      0.00000000      0.00000000      0.00000000      0.00000000      0.00000000      0.00000000      0.00000000      0.00000000      0.00000000
      6.68450000      0.00230000      0.00270000      0.00440000      0.00110000      0.00000000      0.00000000      0.00000000      0.00000000      0.00000000      0.01050000
      6.73450000      0.02630000      0.02990000      0.04950000      0.01110000      0.00000000      0.00000000      0.00000000      0.00000000      0.00000000      0.11680000
      6.78450000      0.07600000      0.07390000      0.12680000      0.02660000      0.00000000      0.00000000      0.00000000      0.00000000      0.00000000      0.30330000
      6.83450000      0.07550000      0.05590000      0.10100000      0.02180000      0.00000000      0.00000000      0.00000000      0.00000000      0.00000000      0.25420000
      6.88450000      0.02840000      0.02030000      0.03350000      0.00940000      0.00000000      0.00000000      0.00000000      0.00000000      0.00000000      0.09160000
      6.93450000      0.00580000      0.00580000      0.00740000      0.00300000      0.00000000      0.00000000      0.00000000      0.00000000      0.00000000      0.02200000
      6.98450000      0.00050000      0.00070000      0.00050000      0.00020000      0.00000000      0.00000000      0.00000000      0.00000000      0.00000000      0.00190000
      7.03450000      0.00000000      0.00000000      0.00000000      0.00000000      0.00000000      0.00000000      0.00000000      0.00000000      0.00000000      0.00000000
      7.08450000      0.00000000      0.00000000      0.00000000      0.00000000      0.00000000      0.00000000      0.00000000      0.00000000      0.00000000      0.00000000
      7.13450000      0.00000000      0.00000000      0.00000000      0.00000000      0.00000000      0.00000000      0.00000000      0.00000000      0.00000000      0.00000000
      7.18450000      0.00000000      0.00000000      0.00000000      0.00000000      0.00000000      0.00000000      0.00000000      0.00000000      0.00000000      0.00000000
      7.23450000      0.00000000      0.00000000      0.00000000      0.00000000      0.00000000      0.00000000      0.00000000      0.00000000      0.00000000      0.00000000
      7.28450000      0.00000000      0.00000000      0.00000000      0.00000000      0.00000000      0.00000000      0.00000000      0.00000000      0.00000000      0.00000000
      7.33450000      0.00000000      0.00000000      0.00000000      0.00000000      0.00000000      0.00000000      0.00000000      0.00000000      0.00000000      0.00000000
      7.38450000      0.00000000      0.00000000      0.00000000      0.00000000      0.00000000      0.00000000      0.00000000      0.00000000      0.00000000      0.00000000
      7.43450000      0.00000000      0.00000000      0.00000000      0.00000000      0.00000000      0.00000000      0.00000000      0.00000000      0.00000000      0.00000000
      7.48450000      0.00000000      0.00000000      0.00000000      0.00000000      0.00000000      0.00000000      0.00000000      0.00000000      0.00000000      0.00000000
      7.53450000      0.00000000      0.00000000      0.00000000      0.00000000      0.00000000      0.00000000      0.00000000      0.00000000      0.00000000      0.00000000
      7.58450000      0.00000000      0.00000000      0.00000000      0.00000000      0.00000000      0.00000000      0.00000000      0.00000000      0.00000000      0.00000000
      7.63450000      0.00000000      0.00000000      0.00000000      0.00000000      0.00000000      0.00000000      0.00000000      0.00000000      0.00000000      0.00000000
      7.68450000      0.00000000      0.00000000      0.00000000      0.00000000      0.00000000      0.00000000      0.00000000      0.00000000      0.00000000      0.00000000
      7.73450000      0.00000000      0.00000000      0.00000000      0.00000000      0.00000000      0.00000000      0.00000000      0.00000000      0.00000000      0.00000000
      7.78450000      0.00000000      0.00000000      0.00000000      0.00000000      0.00000000      0.00000000      0.00000000      0.00000000      0.00000000      0.00000000
      7.83450000      0.00000000      0.00000000      0.00000000      0.00000000      0.00000000      0.00000000      0.00000000      0.00000000      0.00000000      0.00000000
      7.88450000      0.00000000      0.00000000      0.00000000      0.00000000      0.00000000      0.00000000      0.00000000      0.00000000      0.00000000      0.00000000
      7.93450000      0.00000000      0.00000000      0.00000000      0.00000000      0.00000000      0.00000000      0.00000000      0.00000000      0.00000000      0.00000000
      7.98450000      0.00000000      0.00000000      0.00000000      0.00000000      0.00000000      0.00000000      0.00000000      0.00000000      0.00000000      0.00000000
      8.03450000      0.00000000      0.00000000      0.00000000      0.00000000      0.00000000      0.00000000      0.00000000      0.00000000      0.00000000      0.00000000
      8.08450000      0.00000000      0.00000000      0.00000000      0.00000000      0.00000000      0.00000000      0.00000000      0.00000000      0.00000000      0.00000000
      8.13450000      0.00000000      0.00000000      0.00000000      0.00000000      0.00000000      0.00000000      0.00000000      0.00000000      0.00000000      0.00000000
      8.18450000      0.00000000      0.00000000      0.00000000      0.00000000      0.00000000      0.00000000      0.00000000      0.00000000      0.00000000      0.00000000
      8.23450000      0.00000000      0.00000000      0.00000000      0.00000000      0.00000000      0.00000000      0.00000000      0.00000000      0.00000000      0.00000000
      8.28450000      0.00000000      0.00000000      0.00000000      0.00000000      0.00000000      0.00000000      0.00000000      0.00000000      0.00000000      0.00000000
      8.33450000      0.00000000      0.00000000      0.00000000      0.00000000      0.00000000      0.00000000      0.00000000      0.00000000      0.00000000      0.00000000
      8.38450000      0.00000000      0.00000000      0.00000000      0.00000000      0.00000000      0.00000000      0.00000000      0.00000000      0.00000000      0.00000000
      8.43450000      0.00000000      0.00000000      0.00000000      0.00000000      0.00000000      0.00000000      0.00000000      0.00000000      0.00000000      0.00000000
      8.48450000      0.00000000      0.00000000      0.00000000      0.00000000      0.00000000      0.00000000      0.00000000      0.00000000      0.00000000      0.00000000
      8.53450000      0.00000000      0.00000000      0.00000000      0.00000000      0.00000000      0.00000000      0.00000000      0.00000000      0.00000000      0.00000000
      8.58450000      0.00000000      0.00000000      0.00000000      0.00000000      0.00000000      0.00000000      0.00000000      0.00000000      0.00000000      0.00000000
      8.63450000      0.00000000      0.00000000      0.00000000      0.00000000      0.00000000      0.00000000      0.00000000      0.00000000      0.00000000      0.00000000
      8.68450000      0.00000000      0.00000000      0.00000000      0.00000000      0.00000000      0.00000000      0.00000000      0.00000000      0.00000000      0.00000000
      8.73450000      0.00000000      0.00000000      0.00000000      0.00000000      0.00000000      0.00000000      0.00000000      0.00000000      0.00000000      0.00000000
      8.78450000      0.00000000      0.00000000      0.00000000      0.00000000      0.00000000      0.00000000      0.00000000      0.00000000      0.00000000      0.00000000
      8.83450000      0.00000000      0.00000000      0.00000000      0.00000000      0.00000000      0.00000000      0.00000000      0.00000000      0.00000000      0.00000000
      8.88450000      0.00000000      0.00000000      0.00000000      0.00000000      0.00000000      0.00000000      0.00000000      0.00000000      0.00000000      0.00000000
      8.93450000      0.00000000      0.00000000      0.00000000      0.00000000      0.00000000      0.00000000      0.00000000      0.00000000      0.00000000      0.00000000
      8.98450000      0.00000000      0.00000000      0.00000000      0.00000000      0.00000000      0.00000000      0.00000000      0.00000000      0.00000000      0.00000000
      9.03450000      0.00000000      0.00000000      0.00000000      0.00000000      0.00000000      0.00000000      0.00000000      0.00000000      0.00000000      0.00000000
      9.08450000      0.00000000      0.00000000      0.00000000      0.00000000      0.00000000      0.00000000      0.00000000      0.00000000      0.00000000      0.00000000
      9.13450000      0.00000000      0.00000000      0.00000000      0.00000000      0.00000000      0.00000000      0.00000000      0.00000000      0.00000000      0.00000000
      9.18450000      0.00000000      0.00000000      0.00000000      0.00000000      0.00000000      0.00000000      0.00000000      0.00000000      0.00000000      0.00000000
      9.23450000      0.00000000      0.00000000      0.00000000      0.00000000      0.00000000      0.00000000      0.00000000      0.00000000      0.00000000      0.00000000
      9.28450000      0.00000000      0.00000000      0.00000000      0.00000000      0.00000000      0.00000000      0.00000000      0.00000000      0.00000000      0.00000000
      9.33450000      0.00000000      0.00000000      0.00000000      0.00000000      0.00000000      0.00000000      0.00000000      0.00000000      0.00000000      0.00000000
      9.38450000      0.00000000      0.00000000      0.00000000      0.00000000      0.00000000      0.00000000      0.00000000      0.00000000      0.00000000      0.00000000
      9.43450000      0.00000000      0.00000000      0.00000000      0.00000000      0.00000000      0.00000000      0.00000000      0.00000000      0.00000000      0.00000000
      9.48450000      0.00000000      0.00000000      0.00000000      0.00000000      0.00000000      0.00000000      0.00000000      0.00000000      0.00000000      0.00000000
      9.53450000      0.00000000      0.00000000      0.00000000      0.00000000      0.00000000      0.00000000      0.00000000      0.00000000      0.00000000      0.00000000
      9.58450000      0.00000000      0.00000000      0.00000000      0.00000000      0.00000000      0.00000000      0.00000000      0.00000000      0.00000000      0.00000000
      9.63450000      0.00000000      0.00000000      0.00000000      0.00000000      0.00000000      0.00000000      0.00000000      0.00000000      0.00000000      0.00000000
      9.68450000      0.00000000      0.00000000      0.00000000      0.00000000      0.00000000      0.00000000      0.00000000      0.00000000      0.00000000      0.00000000
      9.73450000      0.00000000      0.00000000      0.00000000      0.00000000      0.00000000      0.00000000      0.00000000      0.00000000      0.00000000      0.00000000
      9.78450000      0.00000000      0.00000000      0.00000000      0.00000000      0.00000000      0.00000000      0.00000000      0.00000000      0.00000000      0.00000000
      9.83450000      0.00000000      0.00000000      0.00000000      0.00000000      0.00000000      0.00000000      0.00000000      0.00000000      0.00000000      0.00000000
      9.88450000      0.00000000      0.00000000      0.00000000      0.00000000      0.00000000      0.00000000      0.00000000      0.00000000      0.00000000      0.00000000
      9.93450000      0.00000000      0.00000000      0.00000000      0.00000000      0.00000000      0.00000000      0.00000000      0.00000000      0.00000000      0.00000000
      9.98450000      0.00000000      0.00000000      0.00000000      0.00000000      0.00000000      0.00000000      0.00000000      0.00000000      0.00000000      0.00000000
     10.03450000      0.00000000      0.00000000      0.00000000      0.00000000      0.00000000      0.00000000      0.00000000      0.00000000      0.00000000      0.00000000
     10.08450000      0.00000000      0.00000000      0.00000000      0.00000000      0.00000000      0.00000000      0.00000000      0.00000000      0.00000000      0.00000000
     10.13450000      0.00000000      0.00000000      0.00000000      0.00000000      0.00000000      0.00000000      0.00000000      0.00000000      0.00000000      0.00000000
     10.18450000      0.00000000      0.00000000      0.00000000      0.00000000      0.00000000      0.00000000      0.00000000      0.00000000      0.00000000      0.00000000
     10.23450000      0.00000000      0.00000000      0.00000000      0.00000000      0.00000000      0.00000000      0.00000000      0.00000000      0.00000000      0.00000000
     10.28450000      0.00000000      0.00000000      0.00000000      0.00000000      0.00000000      0.00000000      0.00000000      0.00000000      0.00000000      0.00000000
     10.33450000      0.00000000      0.00000000      0.00000000      0.00000000      0.00000000      0.00000000      0.00000000      0.00000000      0.00000000      0.00000000
     10.38450000      0.00000000      0.00000000      0.00000000      0.00000000      0.00000000      0.00000000      0.00000000      0.00000000      0.00000000      0.00000000
     10.43450000      0.00000000      0.00000000      0.00000000      0.00000000      0.00000000      0.00000000      0.00000000      0.00000000      0.00000000      0.00000000
     10.48450000      0.00000000      0.00000000      0.00000000      0.00000000      0.00000000      0.00000000      0.00000000      0.00000000      0.00000000      0.00000000
     10.53450000      0.00000000      0.00000000      0.00000000      0.00000000      0.00000000      0.00000000      0.00000000      0.00000000      0.00000000      0.00000000
     10.58450000      0.00000000      0.00000000      0.00000000      0.00000000      0.00000000      0.00000000      0.00000000      0.00000000      0.00000000      0.00000000
     10.63450000      0.00000000      0.00000000      0.00000000      0.00000000      0.00000000      0.00000000      0.00000000      0.00000000      0.00000000      0.00000000
     10.68450000      0.00000000      0.00000000      0.00000000      0.00000000      0.00000000      0.00000000      0.00000000      0.00000000      0.00000000      0.00000000
     10.73450000      0.00000000      0.00000000      0.00000000      0.00000000      0.00000000      0.00000000      0.00000000      0.00000000      0.00000000      0.00000000
     10.78450000      0.00000000      0.00000000      0.00000000      0.00000000      0.00000000      0.00000000      0.00000000      0.00000000      0.00000000      0.00000000
     10.83450000      0.00000000      0.00000000      0.00000000      0.00000000      0.00000000      0.00000000      0.00000000      0.00000000      0.00000000      0.00000000
     10.88450000      0.00000000      0.00000000      0.00000000      0.00000000      0.00000000      0.00000000      0.00000000      0.00000000      0.00000000      0.00000000
     10.93450000      0.00000000      0.00000000      0.00000000      0.00000000      0.00000000      0.00000000      0.00000000      0.00000000      0.00000000      0.00000000
     10.98450000      0.00000000      0.00000000      0.00000000      0.00000000      0.00000000      0.00000000      0.00000000      0.00000000      0.00000000      0.00000000
     11.03450000      0.00000000      0.00000000      0.00000000      0.00000000      0.00000000      0.00000000      0.00000000      0.00000000      0.00000000      0.00000000
     11.08450000      0.00000000      0.00000000      0.00000000      0.00000000      0.00000000      0.00000000      0.00000000      0.00000000      0.00000000      0.00000000
     11.13450000      0.00000000      0.00000000      0.00000000      0.00000000      0.00000000      0.00000000      0.00000000      0.00000000      0.00000000      0.00000000
     11.18450000      0.00000000      0.00000000      0.00000000      0.00000000      0.00000000      0.00000000      0.00000000      0.00000000      0.00000000      0.00000000
     11.23450000      0.00000000      0.00000000      0.00000000      0.00000000      0.00000000      0.00000000      0.00000000      0.00000000      0.00000000      0.00000000
     11.28450000      0.00000000      0.00000000      0.00000000      0.00000000      0.00000000      0.00000000      0.00000000      0.00000000      0.00000000      0.00000000
     11.33450000      0.00000000      0.00000000      0.00000000      0.00000000      0.00000000      0.00000000      0.00000000      0.00000000      0.00000000      0.00000000
     11.38450000      0.00000000      0.00000000      0.00000000      0.00000000      0.00000000      0.00000000      0.00000000      0.00000000      0.00000000      0.00000000
     11.43450000      0.00000000      0.00000000      0.00000000      0.00000000      0.00000000      0.00000000      0.00000000      0.00000000      0.00000000      0.00000000
     11.48450000      0.00000000      0.00000000      0.00000000      0.00000000      0.00000000      0.00000000      0.00000000      0.00000000      0.00000000      0.00000000
     11.53450000      0.00000000      0.00000000      0.00000000      0.00000000      0.00000000      0.00000000      0.00000000      0.00000000      0.00000000      0.00000000
     11.58450000      0.00000000      0.00000000      0.00000000      0.00000000      0.00000000      0.00000000      0.00000000      0.00000000      0.00000000      0.00000000
     11.63450000      0.00000000      0.00000000      0.00000000      0.00000000      0.00000000      0.00000000      0.00000000      0.00000000      0.00000000      0.00000000
     11.68450000      0.00000000      0.00000000      0.00000000      0.00000000      0.00000000      0.00000000      0.00000000      0.00000000      0.00000000      0.00000000
     11.73450000      0.00000000      0.00000000      0.00000000      0.00000000      0.00000000      0.00000000      0.00000000      0.00000000      0.00000000      0.00000000
     11.78450000      0.00000000      0.00000000      0.00000000      0.00000000      0.00000000      0.00000000      0.00000000      0.00000000      0.00000000      0.00000000
     11.83450000      0.00000000      0.00000000      0.00000000      0.00000000      0.00000000      0.00000000      0.00000000      0.00000000      0.00000000      0.00000000
     11.88450000      0.00000000      0.00000000      0.00000000      0.00000000      0.00000000      0.00000000      0.00000000      0.00000000      0.00000000      0.00000000
     11.93450000      0.00000000      0.00000000      0.00000000      0.00000000      0.00000000      0.00000000      0.00000000      0.00000000      0.00000000      0.00000000
     11.98450000      0.00000000      0.00000000      0.00000000      0.00000000      0.00000000      0.00000000      0.00000000      0.00000000      0.00000000      0.00000000
     12.03450000      0.00000000      0.00000000      0.00000000      0.00000000      0.00000000      0.00000000      0.00000000      0.00000000      0.00000000      0.00000000
     12.08450000      0.00000000      0.00000000      0.00000000      0.00000000      0.00000000      0.00000000      0.00000000      0.00000000      0.00000000      0.00000000
     12.13450000      0.00000000      0.00000000      0.00000000      0.00000000      0.00000000      0.00000000      0.00000000      0.00000000      0.00000000      0.00000000
     12.18450000      0.00000000      0.00000000      0.00000000      0.00000000      0.00000000      0.00000000      0.00000000      0.00000000      0.00000000      0.00000000
     12.23450000      0.00000000      0.00000000      0.00000000      0.00000000      0.00000000      0.00000000      0.00000000      0.00000000      0.00000000      0.00000000
     12.28450000      0.00000000      0.00000000      0.00000000      0.00000000      0.00000000      0.00000000      0.00000000      0.00000000      0.00000000      0.00000000
     12.33450000      0.00000000      0.00000000      0.00000000      0.00000000      0.00000000      0.00000000      0.00000000      0.00000000      0.00000000      0.00000000
     12.38450000      0.00000000      0.00000000      0.00000000      0.00000000      0.00000000      0.00000000      0.00000000      0.00000000      0.00000000      0.00000000
     12.43450000      0.00000000      0.00000000      0.00000000      0.00000000      0.00000000      0.00000000      0.00000000      0.00000000      0.00000000      0.00000000
     12.48450000      0.00000000      0.00000000      0.00000000      0.00000000      0.00000000      0.00000000      0.00000000      0.00000000      0.00000000      0.00000000
     12.53450000      0.00000000      0.00000000      0.00000000      0.00000000      0.00000000      0.00000000      0.00000000      0.00000000      0.00000000      0.00000000
     12.58450000      0.00000000      0.00000000      0.00000000      0.00000000      0.00000000      0.00000000      0.00000000      0.00000000      0.00000000      0.00000000
     12.63450000      0.00000000      0.00000000      0.00000000      0.00000000      0.00000000      0.00000000      0.00000000      0.00000000      0.00000000      0.00000000
     12.68450000      0.00000000      0.00000000      0.00000000      0.00000000      0.00000000      0.00000000      0.00000000      0.00000000      0.00000000      0.00000000
     12.73450000      0.00000000      0.00000000      0.00000000      0.00000000      0.00000000      0.00000000      0.00000000      0.00000000      0.00000000      0.00000000
     12.78450000      0.00000000      0.00000000      0.00000000      0.00000000      0.00000000      0.00000000      0.00000000      0.00000000      0.00000000      0.00000000
     12.83450000      0.00000000      0.00000000      0.00000000      0.00000000      0.00000000      0.00000000      0.00000000      0.00000000      0.00000000      0.00000000
