      Energy(eV)          s               py              pz              px              dxy             dyz             dz2             dxz            dx2-y2            tot 
     -7.06550000      0.23750000      1.03970000      0.21350000      1.05420000      0.00000000      0.00000000      0.00000000      0.00000000      0.00000000      2.54490000
     -7.01550000      1.45080000      6.33150000      1.38950000      6.44880000      0.00000000      0.00000000      0.00000000      0.00000000      0.00000000     15.62060000
     -6.96550000      2.25410000      9.66210000      2.52900000     10.00500000      0.00000000      0.00000000      0.00000000      0.00000000      0.00000000     24.45020000
     -6.91550000      1.08840000      4.50120000      2.00390000      4.76440000      0.00000000      0.00000000      0.00000000      0.00000000      0.00000000     12.35790000
     -6.86550000      0.72330000      2.56750000      3.65250000      2.69010000      0.00000000      0.00000000      0.00000000      0.00000000      0.00000000      9.63340000
     -6.81550000      2.00960000      5.85580000      5.91830000      6.16850000      0.00000000      0.00000000      0.00000000      0.00000000      0.00000000     19.95220000
     -6.76550000      2.41760000      6.59150000      4.13940000      6.80950000      0.00000000      0.00000000      0.00000000      0.00000000      0.00000000     19.95800000
     -6.71550000      0.65160000      1.74640000      0.84360000      1.77410000      0.00000000      0.00000000      0.00000000      0.00000000      0.00000000      5.01570000
     -6.66550000      0.04980000      0.11580000      0.11960000      0.11760000      0.00000000      0.00000000      0.00000000      0.00000000      0.00000000      0.40280000
     -6.61550000      0.33180000      0.55300000      1.55380000      0.60490000      0.00000000      0.00000000      0.00000000      0.00000000      0.00000000      3.04350000
     -6.56550000      1.24550000      2.02620000      5.69640000      2.35310000      0.00000000      0.00000000      0.00000000      0.00000000      0.00000000     11.32120000
     -6.51550000      1.06880000      1.66570000      4.67740000      2.12360000      0.00000000      0.00000000      0.00000000      0.00000000      0.00000000      9.53550000
     -6.46550000      0.58250000      0.72290000      1.99020000      1.36680000      0.00000000      0.00000000      0.00000000      0.00000000      0.00000000      4.66240000
     -6.41550000      0.57120000      0.64370000      1.72640000      1.41500000      0.00000000      0.00000000      0.00000000      0.00000000      0.00000000      4.35630000
     -6.36550000      0.40180000      0.60760000      1.19340000      0.89610000      0.00000000      0.00000000      0.00000000      0.00000000      0.00000000      3.09890000
     -6.31550000      1.30990000      2.23800000      4.04130000      2.56060000      0.00000000      0.00000000      0.00000000      0.00000000      0.00000000     10.14980000
     -6.26550000      2.98880000      4.82410000      9.85000000      4.93420000      0.00000000      0.00000000      0.00000000      0.00000000      0.00000000     22.59710000
     -6.21550000      4.05870000      6.11610000     13.56850000      6.11170000      0.00000000      0.00000000      0.00000000      0.00000000      0.00000000     29.85500000
     -6.16550000      1.82460000      2.73870000      5.93410000      2.81370000      0.00000000      0.00000000      0.00000000      0.00000000      0.00000000     13.31110000
     -6.11550000      0.63900000      1.42550000      0.72740000      1.44060000      0.00000000      0.00000000      0.00000000      0.00000000      0.00000000      4.23250000
     -6.06550000      2.26490000      5.67940000      0.80970000      5.67890000      0.00000000      0.00000000      0.00000000      0.00000000      0.00000000     14.43290000
     -6.01550000      2.24870000      5.62290000      0.90510000      5.62370000      0.00000000      0.00000000      0.00000000      0.00000000      0.00000000     14.40040000
     -5.96550000      0.53140000      1.29430000      0.62790000      1.29490000      0.00000000      0.00000000      0.00000000      0.00000000      0.00000000      3.74850000
     -5.91550000      0.49680000      1.06430000      2.44580000      1.06380000      0.00000000      0.00000000      0.00000000      0.00000000      0.00000000      5.07070000
     -5.86550000      0.49060000      1.04580000      2.49130000      1.04510000      0.00000000      0.00000000      0.00000000      0.00000000      0.00000000      5.07280000
     -5.81550000      0.09100000      0.19560000      0.46250000      0.19440000      0.00000000      0.00000000      0.00000000      0.00000000      0.00000000      0.94350000
     -5.76550000      0.01630000      0.10820000      0.08890000      0.04790000      0.00000000      0.00000000      0.00000000      0.00000000      0.00000000      0.26130000
     -5.71550000      0.10600000      0.80700000      0.59070000      0.33040000      0.00000000      0.00000000      0.00000000      0.00000000      0.00000000      1.83410000
     -5.66550000      0.15130000      1.14640000      0.83800000      0.46900000      0.00000000      0.00000000      0.00000000      0.00000000      0.00000000      2.60470000
     -5.61550000      0.03890000      0.29700000      0.21690000      0.12130000      0.00000000      0.00000000      0.00000000      0.00000000      0.00000000      0.67410000
     -5.56550000      0.00150000      0.01310000      0.00900000      0.00510000      0.00000000      0.00000000      0.00000000      0.00000000      0.00000000      0.02870000
     -5.51550000      0.00000000      0.00010000      0.00000000      0.00000000      0.00000000      0.00000000      0.00000000      0.00000000      0.00000000      0.00010000
     -5.46550000      0.00000000      0.00000000      0.00000000      0.00000000      0.00000000      0.00000000      0.00000000      0.00000000      0.00000000      0.00000000
     -5.41550000      0.00020000      0.00430000      0.00010000      0.00120000      0.00000000      0.00000000      0.00000000      0.00000000      0.00000000      0.00580000
     -5.36550000      0.02600000      0.26710000      0.01960000      0.10250000      0.00000000      0.00000000      0.00000000      0.00000000      0.00000000      0.41520000
     -5.31550000      0.23760000      2.39880000      0.17900000      0.92440000      0.00000000      0.00000000      0.00000000      0.00000000      0.00000000      3.73980000
     -5.26550000      0.46390000      4.09890000      0.35760000      1.74680000      0.00000000      0.00000000      0.00000000      0.00000000      0.00000000      6.66720000
     -5.21550000      1.51180000      5.50690000      1.26730000      4.83030000      0.00000000      0.00000000      0.00000000      0.00000000      0.00000000     13.11630000
     -5.16550000      4.60730000     14.37880000      3.81400000     14.13070000      0.00000000      0.00000000      0.00000000      0.00000000      0.00000000     36.93080000
     -5.11550000      4.10920000     12.12620000      3.14820000     11.63260000      0.00000000      0.00000000      0.00000000      0.00000000      0.00000000     31.01620000
     -5.06550000      2.04970000      5.42630000      1.37260000      4.85040000      0.00000000      0.00000000      0.00000000      0.00000000      0.00000000     13.69900000
     -5.01550000      0.53030000      1.33880000      0.34040000      1.14760000      0.00000000      0.00000000      0.00000000      0.00000000      0.00000000      3.35710000
     -4.96550000      0.03320000      0.08390000      0.02100000      0.07130000      0.00000000      0.00000000      0.00000000      0.00000000      0.00000000      0.20940000
     -4.91550000      0.00000000      0.00020000      0.00000000      0.00010000      0.00000000      0.00000000      0.00000000      0.00000000      0.00000000      0.00030000
     -4.86550000      0.00000000      0.00000000      0.00000000      0.00000000      0.00000000      0.00000000      0.00000000      0.00000000      0.00000000      0.00000000
     -4.81550000      0.00000000      0.00010000      0.00000000      0.00070000      0.00000000      0.00000000      0.00000000      0.00000000      0.00000000      0.00080000
     -4.76550000      0.00400000      0.01490000      0.01000000      0.05640000      0.00000000      0.00000000      0.00000000      0.00000000      0.00000000      0.08530000
     -4.71550000      0.04400000      0.16240000      0.11150000      0.60190000      0.00000000      0.00000000      0.00000000      0.00000000      0.00000000      0.91980000
     -4.66550000      0.08320000      0.30660000      0.21070000      1.13520000      0.00000000      0.00000000      0.00000000      0.00000000      0.00000000      1.73570000
     -4.61550000      0.02880000      0.10550000      0.07280000      0.39200000      0.00000000      0.00000000      0.00000000      0.00000000      0.00000000      0.59910000
     -4.56550000      0.00120000      0.00600000      0.00420000      0.02300000      0.00000000      0.00000000      0.00000000      0.00000000      0.00000000      0.03440000
     -4.51550000      0.00000000      0.00000000      0.00000000      0.00020000      0.00000000      0.00000000      0.00000000      0.00000000      0.00000000      0.00020000
     -4.46550000      0.00000000      0.00000000      0.00000000      0.00000000      0.00000000      0.00000000      0.00000000      0.00000000      0.00000000      0.00000000
     -4.41550000      0.00000000      0.00000000      0.00000000      0.00000000      0.00000000      0.00000000      0.00000000      0.00000000      0.00000000      0.00000000
     -4.36550000      0.00000000      0.00010000      0.00000000      0.00000000      0.00000000      0.00000000      0.00000000      0.00000000      0.00000000      0.00010000
     -4.31550000      0.00000000      0.01780000      0.00590000      0.00660000      0.00000000      0.00000000      0.00000000      0.00000000      0.00000000      0.03030000
     -4.26550000      0.00690000      0.40280000      0.13640000      0.15760000      0.00000000      0.00000000      0.00000000      0.00000000      0.00000000      0.70370000
     -4.21550000      0.02730000      1.58590000      0.55500000      0.63090000      0.00000000      0.00000000      0.00000000      0.00000000      0.00000000      2.79910000
     -4.16550000      0.04670000      1.85540000      1.49660000      1.22540000      0.00000000      0.00000000      0.00000000      0.00000000      0.00000000      4.62410000
     -4.11550000      0.24080000      6.51420000      9.54800000      6.64780000      0.00000000      0.00000000      0.00000000      0.00000000      0.00000000     22.95080000
     -4.06550000      0.39620000     10.58010000     15.51130000     10.55560000      0.00000000      0.00000000      0.00000000      0.00000000      0.00000000     37.04320000
     -4.01550000      0.13370000      3.50680000      5.06810000      3.39840000      0.00000000      0.00000000      0.00000000      0.00000000      0.00000000     12.10700000
     -3.96550000      0.07100000      0.89620000      1.49390000      1.34380000      0.00000000      0.00000000      0.00000000      0.00000000      0.00000000      3.80490000
     -3.91550000      0.25060000      2.58140000      4.73020000      4.08740000      0.00000000      0.00000000      0.00000000      0.00000000      0.00000000     11.64960000
     -3.86550000      0.49810000      5.91970000     12.86000000      6.09090000      0.00000000      0.00000000      0.00000000      0.00000000      0.00000000     25.36870000
     -3.81550000      0.64860000      9.34580000     24.11310000      7.07280000      0.00000000      0.00000000      0.00000000      0.00000000      0.00000000     41.18030000
     -3.76550000      0.34800000      6.42470000     21.99460000      5.37230000      0.00000000      0.00000000      0.00000000      0.00000000      0.00000000     34.13960000
     -3.71550000      0.12170000      2.54540000     10.64080000      2.91710000      0.00000000      0.00000000      0.00000000      0.00000000      0.00000000     16.22500000
     -3.66550000      0.09760000      1.49630000      4.15790000      2.20510000      0.00000000      0.00000000      0.00000000      0.00000000      0.00000000      7.95690000
     -3.61550000      0.09240000      1.27430000      2.05210000      1.94010000      0.00000000      0.00000000      0.00000000      0.00000000      0.00000000      5.35890000
     -3.56550000      0.19650000      3.40110000      2.54740000      4.01890000      0.00000000      0.00000000      0.00000000      0.00000000      0.00000000     10.16390000
     -3.51550000      0.47210000      9.24460000      5.75610000      9.29930000      0.00000000      0.00000000      0.00000000      0.00000000      0.00000000     24.77210000
     -3.46550000      0.49570000     10.27710000      9.11830000     10.23610000      0.00000000      0.00000000      0.00000000      0.00000000      0.00000000     30.12720000
     -3.41550000      0.22280000      7.11170000      5.24710000      7.01600000      0.00000000      0.00000000      0.00000000      0.00000000      0.00000000     19.59760000
     -3.36550000      0.09750000      4.12630000      1.61600000      3.39090000      0.00000000      0.00000000      0.00000000      0.00000000      0.00000000      9.23070000
     -3.31550000      0.27150000      9.94990000      3.04230000      9.13460000      0.00000000      0.00000000      0.00000000      0.00000000      0.00000000     22.39830000
     -3.26550000      0.42760000     13.76800000     12.70760000     13.80100000      0.00000000      0.00000000      0.00000000      0.00000000      0.00000000     40.70420000
     -3.21550000      0.78300000     15.13210000     29.30310000     14.97230000      0.00000000      0.00000000      0.00000000      0.00000000      0.00000000     60.19050000
     -3.16550000      1.89800000     17.74380000     27.32440000     17.89230000      0.00000000      0.00000000      0.00000000      0.00000000      0.00000000     64.85850000
     -3.11550000      3.81910000     22.34070000     18.81010000     22.38090000      0.00000000      0.00000000      0.00000000      0.00000000      0.00000000     67.35080000
     -3.06550000      4.15450000     28.12650000     18.74730000     27.16660000      0.00000000      0.00000000      0.00000000      0.00000000      0.00000000     78.19490000
     -3.01550000      2.77450000     24.73470000     13.66780000     24.62110000      0.00000000      0.00000000      0.00000000      0.00000000      0.00000000     65.79810000
     -2.96550000      1.36710000     15.27600000      6.96720000     15.81650000      0.00000000      0.00000000      0.00000000      0.00000000      0.00000000     39.42680000
     -2.91550000      0.67420000     11.45710000      3.42300000     11.58580000      0.00000000      0.00000000      0.00000000      0.00000000      0.00000000     27.14010000
     -2.86550000      0.19860000      3.84540000      0.98860000      3.83920000      0.00000000      0.00000000      0.00000000      0.00000000      0.00000000      8.87180000
     -2.81550000      0.01430000      0.27530000      0.07720000      0.27470000      0.00000000      0.00000000      0.00000000      0.00000000      0.00000000      0.64150000
     -2.76550000      0.02830000      0.10000000      0.33280000      0.11900000      0.00000000      0.00000000      0.00000000      0.00000000      0.00000000      0.58010000
     -2.71550000      0.16770000      0.54470000      1.88080000      0.65220000      0.00000000      0.00000000      0.00000000      0.00000000      0.00000000      3.24540000
     -2.66550000      0.50150000      0.71230000      2.62560000      0.81820000      0.00000000      0.00000000      0.00000000      0.00000000      0.00000000      4.65760000
     -2.61550000      1.86510000      1.33440000      6.09310000      1.33900000      0.00000000      0.00000000      0.00000000      0.00000000      0.00000000     10.63160000
     -2.56550000      1.87180000      3.06290000     14.92440000      3.04250000      0.00000000      0.00000000      0.00000000      0.00000000      0.00000000     22.90160000
     -2.51550000      0.45220000      2.58700000     12.74400000      2.58380000      0.00000000      0.00000000      0.00000000      0.00000000      0.00000000     18.36700000
     -2.46550000      0.08120000      0.85350000      3.07260000      0.77360000      0.00000000      0.00000000      0.00000000      0.00000000      0.00000000      4.78090000
     -2.41550000      0.13860000      1.54020000      1.53500000      1.30960000      0.00000000      0.00000000      0.00000000      0.00000000      0.00000000      4.52340000
     -2.36550000      0.56400000      7.09950000      3.02750000      7.27990000      0.00000000      0.00000000      0.00000000      0.00000000      0.00000000     17.97090000
     -2.31550000      2.08150000     17.97010000      8.82370000     18.77130000      0.00000000      0.00000000      0.00000000      0.00000000      0.00000000     47.64660000
     -2.26550000      2.02950000     14.67450000      9.80840000     15.35020000      0.00000000      0.00000000      0.00000000      0.00000000      0.00000000     41.86260000
     -2.21550000      0.99690000     10.25510000     11.07090000     10.54870000      0.00000000      0.00000000      0.00000000      0.00000000      0.00000000     32.87160000
     -2.16550000      0.86920000     13.19960000     18.94420000     12.75140000      0.00000000      0.00000000      0.00000000      0.00000000      0.00000000     45.76440000
     -2.11550000      0.81980000     12.72850000     14.08600000     12.24580000      0.00000000      0.00000000      0.00000000      0.00000000      0.00000000     39.88010000
     -2.06550000      0.78080000     11.82790000     12.27440000     12.00380000      0.00000000      0.00000000      0.00000000      0.00000000      0.00000000     36.88690000
     -2.01550000      0.42740000      6.99060000     11.93730000      7.17140000      0.00000000      0.00000000      0.00000000      0.00000000      0.00000000     26.52670000
     -1.96550000      0.26150000      3.35150000      6.87510000      3.27440000      0.00000000      0.00000000      0.00000000      0.00000000      0.00000000     13.76250000
     -1.91550000      0.35920000      4.95400000      5.20670000      4.85360000      0.00000000      0.00000000      0.00000000      0.00000000      0.00000000     15.37350000
     -1.86550000      0.75640000     14.92590000      5.46330000     15.33600000      0.00000000      0.00000000      0.00000000      0.00000000      0.00000000     36.48160000
     -1.81550000      1.27710000     25.60850000      7.95320000     25.87850000      0.00000000      0.00000000      0.00000000      0.00000000      0.00000000     60.71730000
     -1.76550000      0.85350000     16.75440000      5.84910000     16.10170000      0.00000000      0.00000000      0.00000000      0.00000000      0.00000000     39.55870000
     -1.71550000      0.23460000      4.50890000      1.94670000      4.46800000      0.00000000      0.00000000      0.00000000      0.00000000      0.00000000     11.15820000
     -1.66550000      0.06310000      1.09700000      1.20620000      1.37560000      0.00000000      0.00000000      0.00000000      0.00000000      0.00000000      3.74190000
     -1.61550000      0.04920000      0.86230000      1.28730000      1.10210000      0.00000000      0.00000000      0.00000000      0.00000000      0.00000000      3.30090000
     -1.56550000      0.10930000      2.04220000      2.11230000      2.01650000      0.00000000      0.00000000      0.00000000      0.00000000      0.00000000      6.28030000
     -1.51550000      0.47520000      7.78620000      2.54900000      7.68180000      0.00000000      0.00000000      0.00000000      0.00000000      0.00000000     18.49220000
     -1.46550000      0.63160000      9.92270000      1.26220000      9.87220000      0.00000000      0.00000000      0.00000000      0.00000000      0.00000000     21.68870000
     -1.41550000      0.22080000      3.33970000      1.79540000      3.45780000      0.00000000      0.00000000      0.00000000      0.00000000      0.00000000      8.81370000
     -1.36550000      0.09790000      1.37030000      2.79030000      1.57780000      0.00000000      0.00000000      0.00000000      0.00000000      0.00000000      5.83630000
     -1.31550000      0.16830000      2.28090000      4.84220000      2.43400000      0.00000000      0.00000000      0.00000000      0.00000000      0.00000000      9.72540000
     -1.26550000      0.68660000      7.45130000     18.02400000      7.43600000      0.00000000      0.00000000      0.00000000      0.00000000      0.00000000     33.59790000
     -1.21550000      1.20540000     12.87410000     33.57010000     12.47830000      0.00000000      0.00000000      0.00000000      0.00000000      0.00000000     60.12790000
     -1.16550000      0.64990000     13.16860000     24.27640000     12.93290000      0.00000000      0.00000000      0.00000000      0.00000000      0.00000000     51.02780000
     -1.11550000      0.23960000     19.55600000     24.54910000     19.63800000      0.00000000      0.00000000      0.00000000      0.00000000      0.00000000     63.98270000
     -1.06550000      0.10520000     14.51680000     26.39770000     14.41960000      0.00000000      0.00000000      0.00000000      0.00000000      0.00000000     55.43930000
     -1.01550000      0.13470000     13.01460000     30.94070000     12.55260000      0.00000000      0.00000000      0.00000000      0.00000000      0.00000000     56.64260000
     -0.96550000      0.18450000      8.14580000     19.37620000      7.81790000      0.00000000      0.00000000      0.00000000      0.00000000      0.00000000     35.52440000
     -0.91550000      0.37930000     13.24420000     16.05000000     13.03860000      0.00000000      0.00000000      0.00000000      0.00000000      0.00000000     42.71210000
     -0.86550000      0.56390000     25.83810000     25.57120000     25.89250000      0.00000000      0.00000000      0.00000000      0.00000000      0.00000000     77.86570000
     -0.81550000      0.48330000     25.88670000     33.37890000     26.07510000      0.00000000      0.00000000      0.00000000      0.00000000      0.00000000     85.82400000
     -0.76550000      0.32320000     24.21140000     31.16530000     25.35300000      0.00000000      0.00000000      0.00000000      0.00000000      0.00000000     81.05290000
     -0.71550000      0.18180000     20.62190000     23.32800000     21.87990000      0.00000000      0.00000000      0.00000000      0.00000000      0.00000000     66.01160000
     -0.66550000      0.11980000     19.29080000     18.06360000     18.22660000      0.00000000      0.00000000      0.00000000      0.00000000      0.00000000     55.70080000
     -0.61550000      0.18490000     17.02000000     11.56140000     16.30780000      0.00000000      0.00000000      0.00000000      0.00000000      0.00000000     45.07410000
     -0.56550000      0.54840000     34.60990000     21.29670000     34.56240000      0.00000000      0.00000000      0.00000000      0.00000000      0.00000000     91.01740000
     -0.51550000      0.60290000     52.28510000     35.68210000     51.84420000      0.00000000      0.00000000      0.00000000      0.00000000      0.00000000    140.41430000
     -0.46550000      0.34400000     28.40630000     34.85480000     27.98950000      0.00000000      0.00000000      0.00000000      0.00000000      0.00000000     91.59460000
     -0.41550000      0.37230000     20.04180000     31.06900000     20.37380000      0.00000000      0.00000000      0.00000000      0.00000000      0.00000000     71.85690000
     -0.36550000      0.45970000     31.95690000     27.30540000     32.65510000      0.00000000      0.00000000      0.00000000      0.00000000      0.00000000     92.37710000
     -0.31550000      0.49390000     40.09700000     30.37070000     40.52380000      0.00000000      0.00000000      0.00000000      0.00000000      0.00000000    111.48540000
     -0.26550000      0.42900000     45.20670000     35.95030000     45.20210000      0.00000000      0.00000000      0.00000000      0.00000000      0.00000000    126.78810000
     -0.21550000      0.36930000     36.96640000     38.79690000     36.61120000      0.00000000      0.00000000      0.00000000      0.00000000      0.00000000    112.74380000
     -0.16550000      0.35520000     21.18670000     31.75310000     21.25150000      0.00000000      0.00000000      0.00000000      0.00000000      0.00000000     74.54650000
     -0.11550000      0.57210000      7.98660000     11.46260000      8.29550000      0.00000000      0.00000000      0.00000000      0.00000000      0.00000000     28.31680000
     -0.06550000      0.67490000     12.80020000      5.04480000     13.13060000      0.00000000      0.00000000      0.00000000      0.00000000      0.00000000     31.65050000
     -0.01550000      0.19580000     21.72660000      3.53550000     21.95680000      0.00000000      0.00000000      0.00000000      0.00000000      0.00000000     47.41470000
      0.03450000      0.05230000     15.11070000      3.48100000     15.25060000      0.00000000      0.00000000      0.00000000      0.00000000      0.00000000     33.89460000
      0.08450000      0.01210000      3.30520000      0.90050000      3.33760000      0.00000000      0.00000000      0.00000000      0.00000000      0.00000000      7.55540000
      0.13450000      0.00000000      0.14900000      0.04180000      0.15070000      0.00000000      0.00000000      0.00000000      0.00000000      0.00000000      0.34150000
      0.18450000      0.00000000      0.00030000      0.00000000      0.00060000      0.00000000      0.00000000      0.00000000      0.00000000      0.00000000      0.00090000
      0.23450000      0.01860000      0.09380000      0.02790000      0.09390000      0.00000000      0.00000000      0.00000000      0.00000000      0.00000000      0.23420000
      0.28450000      0.34330000      1.65510000      0.50460000      1.65370000      0.00000000      0.00000000      0.00000000      0.00000000      0.00000000      4.15670000
      0.33450000      1.06140000      5.11510000      1.56020000      5.10950000      0.00000000      0.00000000      0.00000000      0.00000000      0.00000000     12.84620000
      0.38450000      0.60480000      2.91370000      0.88910000      2.91060000      0.00000000      0.00000000      0.00000000      0.00000000      0.00000000      7.31820000
      0.43450000      0.06170000      0.29750000      0.09060000      0.29690000      0.00000000      0.00000000      0.00000000      0.00000000      0.00000000      0.74670000
      0.48450000      0.00060000      0.00510000      0.00180000      0.00510000      0.00000000      0.00000000      0.00000000      0.00000000      0.00000000      0.01260000
      0.53450000      0.00000000      0.00000000      0.00000000      0.00000000      0.00000000      0.00000000      0.00000000      0.00000000      0.00000000      0.00000000
      0.58450000      0.00000000      0.00000000      0.00000000      0.00000000      0.00000000      0.00000000      0.00000000      0.00000000      0.00000000      0.00000000
      0.63450000      0.00000000      0.00000000      0.00000000      0.00000000      0.00000000      0.00000000      0.00000000      0.00000000      0.00000000      0.00000000
      0.68450000      0.00000000      0.00000000      0.00000000      0.00000000      0.00000000      0.00000000      0.00000000      0.00000000      0.00000000      0.00000000
      0.73450000      0.00000000      0.00000000      0.00000000      0.00000000      0.00000000      0.00000000      0.00000000      0.00000000      0.00000000      0.00000000
      0.78450000      0.00000000      0.00000000      0.00000000      0.00000000      0.00000000      0.00000000      0.00000000      0.00000000      0.00000000      0.00000000
      0.83450000      0.00000000      0.00840000      0.00000000      0.00770000      0.00000000      0.00000000      0.00000000      0.00000000      0.00000000      0.01610000
      0.88450000      0.05520000      0.64510000      0.12020000      0.64530000      0.00000000      0.00000000      0.00000000      0.00000000      0.00000000      1.46580000
      0.93450000      0.64530000      7.50230000      1.41010000      7.54920000      0.00000000      0.00000000      0.00000000      0.00000000      0.00000000     17.10690000
      0.98450000      1.41090000     16.56970000      3.12500000     16.60750000      0.00000000      0.00000000      0.00000000      0.00000000      0.00000000     37.71310000
      1.03450000      0.82930000     11.04380000      2.03850000     10.96820000      0.00000000      0.00000000      0.00000000      0.00000000      0.00000000     24.87980000
      1.08450000      0.46630000      7.62410000      1.36420000      7.62440000      0.00000000      0.00000000      0.00000000      0.00000000      0.00000000     17.07900000
      1.13450000      0.13050000      2.19650000      0.39370000      2.20360000      0.00000000      0.00000000      0.00000000      0.00000000      0.00000000      4.92430000
      1.18450000      0.00680000      0.12120000      0.02190000      0.12190000      0.00000000      0.00000000      0.00000000      0.00000000      0.00000000      0.27180000
      1.23450000      0.00000000      0.00080000      0.00000000      0.00090000      0.00000000      0.00000000      0.00000000      0.00000000      0.00000000      0.00170000
      1.28450000      0.00000000      0.00000000      0.00000000      0.00000000      0.00000000      0.00000000      0.00000000      0.00000000      0.00000000      0.00000000
      1.33450000      0.00420000      0.00480000      0.01570000      0.00470000      0.00000000      0.00000000      0.00000000      0.00000000      0.00000000      0.02940000
      1.38450000      0.15860000      0.16770000      0.49600000      0.16430000      0.00000000      0.00000000      0.00000000      0.00000000      0.00000000      0.98660000
      1.43450000      0.83870000      0.88820000      2.62500000      0.86960000      0.00000000      0.00000000      0.00000000      0.00000000      0.00000000      5.22150000
      1.48450000      0.80430000      0.85210000      2.51630000      0.83400000      0.00000000      0.00000000      0.00000000      0.00000000      0.00000000      5.00670000
      1.53450000      0.13980000      0.14770000      0.43640000      0.14480000      0.00000000      0.00000000      0.00000000      0.00000000      0.00000000      0.86870000
      1.58450000      0.00400000      0.00640000      0.01300000      0.00590000      0.00000000      0.00000000      0.00000000      0.00000000      0.00000000      0.02930000
      1.63450000      0.05010000      0.11850000      0.05400000      0.11560000      0.00000000      0.00000000      0.00000000      0.00000000      0.00000000      0.33820000
      1.68450000      0.48300000      1.13200000      0.51620000      1.10510000      0.00000000      0.00000000      0.00000000      0.00000000      0.00000000      3.23630000
      1.73450000      0.82090000      1.92400000      0.87730000      1.87880000      0.00000000      0.00000000      0.00000000      0.00000000      0.00000000      5.50100000
      1.78450000      0.25710000      0.60420000      0.27560000      0.59010000      0.00000000      0.00000000      0.00000000      0.00000000      0.00000000      1.72700000
      1.83450000      0.10450000      0.27020000      0.13730000      0.26940000      0.00000000      0.00000000      0.00000000      0.00000000      0.00000000      0.78140000
      1.88450000      0.60590000      1.58590000      0.81820000      1.58340000      0.00000000      0.00000000      0.00000000      0.00000000      0.00000000      4.59340000
      1.93450000      0.72680000      1.90190000      0.98080000      1.89860000      0.00000000      0.00000000      0.00000000      0.00000000      0.00000000      5.50810000
      1.98450000      0.15850000      0.41500000      0.21380000      0.41400000      0.00000000      0.00000000      0.00000000      0.00000000      0.00000000      1.20130000
      2.03450000      0.00550000      0.01520000      0.00770000      0.01510000      0.00000000      0.00000000      0.00000000      0.00000000      0.00000000      0.04350000
      2.08450000      0.00000000      0.00000000      0.00000000      0.00000000      0.00000000      0.00000000      0.00000000      0.00000000      0.00000000      0.00000000
      2.13450000      0.00040000      0.00220000      0.00060000      0.00210000      0.00000000      0.00000000      0.00000000      0.00000000      0.00000000      0.00530000
      2.18450000      0.04110000      0.19800000      0.07800000      0.18140000      0.00000000      0.00000000      0.00000000      0.00000000      0.00000000      0.49850000
      2.23450000      0.55650000      2.69960000      1.05890000      2.44250000      0.00000000      0.00000000      0.00000000      0.00000000      0.00000000      6.75750000
      2.28450000      1.62500000      7.67690000      3.07790000      7.29030000      0.00000000      0.00000000      0.00000000      0.00000000      0.00000000     19.67010000
      2.33450000      1.41200000      6.30200000      2.67770000      6.82450000      0.00000000      0.00000000      0.00000000      0.00000000      0.00000000     17.21620000
      2.38450000      0.81540000      4.02950000      1.61590000      4.22020000      0.00000000      0.00000000      0.00000000      0.00000000      0.00000000     10.68100000
      2.43450000      0.41950000      2.38360000      0.86450000      2.29350000      0.00000000      0.00000000      0.00000000      0.00000000      0.00000000      5.96110000
      2.48450000      0.39140000      2.73880000      0.85130000      2.61830000      0.00000000      0.00000000      0.00000000      0.00000000      0.00000000      6.59980000
      2.53450000      0.33740000      2.41840000      0.73940000      2.31310000      0.00000000      0.00000000      0.00000000      0.00000000      0.00000000      5.80830000
      2.58450000      0.05840000      0.43670000      0.12800000      0.40500000      0.00000000      0.00000000      0.00000000      0.00000000      0.00000000      1.02810000
      2.63450000      0.01090000      0.56820000      0.03200000      0.18110000      0.00000000      0.00000000      0.00000000      0.00000000      0.00000000      0.79220000
      2.68450000      0.04600000      2.67770000      0.13530000      0.81750000      0.00000000      0.00000000      0.00000000      0.00000000      0.00000000      3.67650000
      2.73450000      0.04020000      2.34180000      0.11860000      0.71520000      0.00000000      0.00000000      0.00000000      0.00000000      0.00000000      3.21580000
      2.78450000      0.00600000      0.36930000      0.01860000      0.11240000      0.00000000      0.00000000      0.00000000      0.00000000      0.00000000      0.50630000
      2.83450000      0.00010000      0.00960000      0.00040000      0.00280000      0.00000000      0.00000000      0.00000000      0.00000000      0.00000000      0.01290000
      2.88450000      0.00000000      0.00000000      0.00000000      0.00000000      0.00000000      0.00000000      0.00000000      0.00000000      0.00000000      0.00000000
      2.93450000      0.00000000      0.00000000      0.00000000      0.00000000      0.00000000      0.00000000      0.00000000      0.00000000      0.00000000      0.00000000
      2.98450000      0.00000000      0.00000000      0.00000000      0.00000000      0.00000000      0.00000000      0.00000000      0.00000000      0.00000000      0.00000000
      3.03450000      0.00000000      0.00010000      0.00010000      0.00010000      0.00000000      0.00000000      0.00000000      0.00000000      0.00000000      0.00030000
      3.08450000      0.01580000      0.02530000      0.03600000      0.02800000      0.00000000      0.00000000      0.00000000      0.00000000      0.00000000      0.10510000
      3.13450000      0.32620000      0.51810000      0.72960000      0.56730000      0.00000000      0.00000000      0.00000000      0.00000000      0.00000000      2.14120000
      3.18450000      1.13530000      1.80360000      2.53580000      1.97240000      0.00000000      0.00000000      0.00000000      0.00000000      0.00000000      7.44710000
      3.23450000      0.72170000      1.14590000      1.61150000      1.25330000      0.00000000      0.00000000      0.00000000      0.00000000      0.00000000      4.73240000
      3.28450000      0.08120000      0.12990000      0.18270000      0.14210000      0.00000000      0.00000000      0.00000000      0.00000000      0.00000000      0.53590000
      3.33450000      0.00140000      0.00200000      0.00320000      0.00230000      0.00000000      0.00000000      0.00000000      0.00000000      0.00000000      0.00890000
      3.38450000      0.00000000      0.00000000      0.00000000      0.00000000      0.00000000      0.00000000      0.00000000      0.00000000      0.00000000      0.00000000
      3.43450000      0.00020000      0.00070000      0.00400000      0.00060000      0.00000000      0.00000000      0.00000000      0.00000000      0.00000000      0.00550000
      3.48450000      0.00540000      0.01240000      0.03950000      0.01260000      0.00000000      0.00000000      0.00000000      0.00000000      0.00000000      0.06990000
      3.53450000      0.01070000      0.02220000      0.07110000      0.02260000      0.00000000      0.00000000      0.00000000      0.00000000      0.00000000      0.12660000
      3.58450000      0.00460000      0.00790000      0.02490000      0.00810000      0.00000000      0.00000000      0.00000000      0.00000000      0.00000000      0.04550000
      3.63450000      0.06530000      0.07580000      0.11260000      0.07580000      0.00000000      0.00000000      0.00000000      0.00000000      0.00000000      0.32950000
      3.68450000      0.95960000      1.10080000      1.63030000      1.09840000      0.00000000      0.00000000      0.00000000      0.00000000      0.00000000      4.78910000
      3.73450000      2.99080000      3.39420000      5.07310000      3.39180000      0.00000000      0.00000000      0.00000000      0.00000000      0.00000000     14.84990000
      3.78450000      2.24810000      2.52000000      3.80660000      2.52280000      0.00000000      0.00000000      0.00000000      0.00000000      0.00000000     11.09750000
      3.83450000      0.39250000      0.43630000      0.66330000      0.43710000      0.00000000      0.00000000      0.00000000      0.00000000      0.00000000      1.92920000
      3.88450000      0.01290000      0.01490000      0.02280000      0.01470000      0.00000000      0.00000000      0.00000000      0.00000000      0.00000000      0.06530000
      3.93450000      0.00020000      0.00030000      0.00140000      0.00050000      0.00000000      0.00000000      0.00000000      0.00000000      0.00000000      0.00240000
      3.98450000      0.08140000      0.09870000      0.11530000      0.09840000      0.00000000      0.00000000      0.00000000      0.00000000      0.00000000      0.39380000
      4.03450000      1.08970000      1.32840000      1.54280000      1.32040000      0.00000000      0.00000000      0.00000000      0.00000000      0.00000000      5.28130000
      4.08450000      2.98760000      3.65770000      4.10260000      3.65280000      0.00000000      0.00000000      0.00000000      0.00000000      0.00000000     14.40070000
      4.13450000      2.78550000      3.45200000      3.49080000      3.49390000      0.00000000      0.00000000      0.00000000      0.00000000      0.00000000     13.22220000
      4.18450000      1.36830000      1.69940000      1.85110000      1.68970000      0.00000000      0.00000000      0.00000000      0.00000000      0.00000000      6.60850000
      4.23450000      1.08960000      1.24140000      2.36110000      1.24460000      0.00000000      0.00000000      0.00000000      0.00000000      0.00000000      5.93670000
      4.28450000      0.94480000      1.01210000      1.95330000      1.01250000      0.00000000      0.00000000      0.00000000      0.00000000      0.00000000      4.92270000
      4.33450000      0.89800000      0.72260000      0.68390000      0.71800000      0.00000000      0.00000000      0.00000000      0.00000000      0.00000000      3.02250000
      4.38450000      2.10440000      2.69400000      1.49470000      2.69320000      0.00000000      0.00000000      0.00000000      0.00000000      0.00000000      8.98630000
      4.43450000      2.02090000      3.63920000      1.93950000      3.64350000      0.00000000      0.00000000      0.00000000      0.00000000      0.00000000     11.24310000
      4.48450000      0.74640000      1.49240000      0.80980000      1.49410000      0.00000000      0.00000000      0.00000000      0.00000000      0.00000000      4.54270000
      4.53450000      0.07240000      0.14640000      0.08090000      0.14680000      0.00000000      0.00000000      0.00000000      0.00000000      0.00000000      0.44650000
      4.58450000      0.01410000      0.02210000      0.09080000      0.02250000      0.00000000      0.00000000      0.00000000      0.00000000      0.00000000      0.14950000
      4.63450000      0.22210000      0.33650000      1.52730000      0.33680000      0.00000000      0.00000000      0.00000000      0.00000000      0.00000000      2.42270000
      4.68450000      0.66010000      0.99860000      4.53830000      0.99970000      0.00000000      0.00000000      0.00000000      0.00000000      0.00000000      7.19670000
      4.73450000      0.35990000      0.54480000      2.47210000      0.54520000      0.00000000      0.00000000      0.00000000      0.00000000      0.00000000      3.92200000
      4.78450000      0.07650000      0.15160000      0.48460000      0.15150000      0.00000000      0.00000000      0.00000000      0.00000000      0.00000000      0.86420000
      4.83450000      0.49250000      1.23450000      2.96350000      1.22700000      0.00000000      0.00000000      0.00000000      0.00000000      0.00000000      5.91750000
      4.88450000      1.43960000      3.89660000      8.75870000      3.88490000      0.00000000      0.00000000      0.00000000      0.00000000      0.00000000     17.97980000
      4.93450000      1.35730000      4.01170000      7.97540000      4.00320000      0.00000000      0.00000000      0.00000000      0.00000000      0.00000000     17.34760000
      4.98450000      0.94840000      3.44340000      3.48840000      3.43700000      0.00000000      0.00000000      0.00000000      0.00000000      0.00000000     11.31720000
      5.03450000      0.83910000      3.53550000      1.40360000      3.52920000      0.00000000      0.00000000      0.00000000      0.00000000      0.00000000      9.30740000
      5.08450000      0.52810000      2.51900000      1.38040000      2.51460000      0.00000000      0.00000000      0.00000000      0.00000000      0.00000000      6.94210000
      5.13450000      0.55100000      2.74330000      1.99270000      2.73950000      0.00000000      0.00000000      0.00000000      0.00000000      0.00000000      8.02650000
      5.18450000      0.19250000      0.94310000      0.70410000      0.94210000      0.00000000      0.00000000      0.00000000      0.00000000      0.00000000      2.78180000
      5.23450000      0.01260000      0.06350000      0.04820000      0.06380000      0.00000000      0.00000000      0.00000000      0.00000000      0.00000000      0.18810000
      5.28450000      0.00000000      0.00000000      0.00010000      0.00000000      0.00000000      0.00000000      0.00000000      0.00000000      0.00000000      0.00010000
      5.33450000      0.00000000      0.00000000      0.00000000      0.00000000      0.00000000      0.00000000      0.00000000      0.00000000      0.00000000      0.00000000
      5.38450000      0.00000000      0.00000000      0.00000000      0.00000000      0.00000000      0.00000000      0.00000000      0.00000000      0.00000000      0.00000000
      5.43450000      0.00170000      0.00740000      0.00470000      0.00730000      0.00000000      0.00000000      0.00000000      0.00000000      0.00000000      0.02110000
      5.48450000      0.05260000      0.24880000      0.17960000      0.24700000      0.00000000      0.00000000      0.00000000      0.00000000      0.00000000      0.72800000
      5.53450000      0.29130000      1.37660000      0.99260000      1.36820000      0.00000000      0.00000000      0.00000000      0.00000000      0.00000000      4.02870000
      5.58450000      0.29430000      1.39270000      1.00510000      1.38470000      0.00000000      0.00000000      0.00000000      0.00000000      0.00000000      4.07680000
      5.63450000      0.05460000      0.25820000      0.18630000      0.25620000      0.00000000      0.00000000      0.00000000      0.00000000      0.00000000      0.75530000
      5.68450000      0.00180000      0.00770000      0.00580000      0.00780000      0.00000000      0.00000000      0.00000000      0.00000000      0.00000000      0.02310000
      5.73450000      0.00000000      0.00000000      0.00000000      0.00000000      0.00000000      0.00000000      0.00000000      0.00000000      0.00000000      0.00000000
      5.78450000      0.03440000      0.01480000      0.02490000      0.01500000      0.00000000      0.00000000      0.00000000      0.00000000      0.00000000      0.08910000
      5.83450000      0.45260000      0.20220000      0.32620000      0.20190000      0.00000000      0.00000000      0.00000000      0.00000000      0.00000000      1.18290000
      5.88450000      1.05640000      0.47400000      0.76370000      0.47290000      0.00000000      0.00000000      0.00000000      0.00000000      0.00000000      2.76700000
      5.93450000      0.49540000      0.26980000      0.46190000      0.25340000      0.00000000      0.00000000      0.00000000      0.00000000      0.00000000      1.48050000
      5.98450000      0.51300000      0.72650000      1.44660000      0.58650000      0.00000000      0.00000000      0.00000000      0.00000000      0.00000000      3.27260000
      6.03450000      1.42350000      1.88280000      3.95280000      1.69260000      0.00000000      0.00000000      0.00000000      0.00000000      0.00000000      8.95170000
      6.08450000      1.82270000      1.94920000      5.26070000      2.08930000      0.00000000      0.00000000      0.00000000      0.00000000      0.00000000     11.12190000
      6.13450000      1.16780000      1.14770000      3.65890000      1.22850000      0.00000000      0.00000000      0.00000000      0.00000000      0.00000000      7.20290000
      6.18450000      0.23240000      0.24370000      0.82110000      0.22320000      0.00000000      0.00000000      0.00000000      0.00000000      0.00000000      1.52040000
      6.23450000      0.07900000      0.13100000      1.25550000      0.11920000      0.00000000      0.00000000      0.00000000      0.00000000      0.00000000      1.58470000
      6.28450000      0.31430000      0.63890000      3.95290000      0.60290000      0.00000000      0.00000000      0.00000000      0.00000000      0.00000000      5.50900000
      6.33450000      0.53930000      1.31680000      4.27390000      1.24700000      0.00000000      0.00000000      0.00000000      0.00000000      0.00000000      7.37700000
      6.38450000      0.55610000      1.79570000      4.07920000      1.75780000      0.00000000      0.00000000      0.00000000      0.00000000      0.00000000      8.18880000
      6.43450000      0.61070000      2.57640000      5.66020000      2.62950000      0.00000000      0.00000000      0.00000000      0.00000000      0.00000000     11.47680000
      6.48450000      0.34810000      1.52460000      3.28420000      1.57930000      0.00000000      0.00000000      0.00000000      0.00000000      0.00000000      6.73620000
      6.53450000      0.04560000      0.20150000      0.42170000      0.21080000      0.00000000      0.00000000      0.00000000      0.00000000      0.00000000      0.87960000
      6.58450000      0.00040000      0.00460000      0.00960000      0.00470000      0.00000000      0.00000000      0.00000000      0.00000000      0.00000000      0.01930000
      6.63450000      0.00050000      0.00030000      0.00020000      0.00020000      0.00000000      0.00000000      0.00000000      0.00000000      0.00000000      0.00120000
      6.68450000      0.03840000      0.04500000      0.04440000      0.03980000      0.00000000      0.00000000      0.00000000      0.00000000      0.00000000      0.16760000
      6.73450000      0.47620000      0.55330000      0.51320000      0.48400000      0.00000000      0.00000000      0.00000000      0.00000000      0.00000000      2.02670000
      6.78450000      1.65310000      1.84370000      1.42110000      1.63570000      0.00000000      0.00000000      0.00000000      0.00000000      0.00000000      6.55360000
      6.83450000      2.13300000      2.18290000      1.33480000      2.07310000      0.00000000      0.00000000      0.00000000      0.00000000      0.00000000      7.72380000
      6.88450000      1.33820000      1.10160000      0.78750000      1.28670000      0.00000000      0.00000000      0.00000000      0.00000000      0.00000000      4.51400000
      6.93450000      0.52930000      0.35290000      0.33920000      0.50420000      0.00000000      0.00000000      0.00000000      0.00000000      0.00000000      1.72560000
      6.98450000      0.06050000      0.03890000      0.03940000      0.05770000      0.00000000      0.00000000      0.00000000      0.00000000      0.00000000      0.19650000
      7.03450000      0.00070000      0.00020000      0.00010000      0.00040000      0.00000000      0.00000000      0.00000000      0.00000000      0.00000000      0.00140000
      7.08450000      0.00000000      0.00000000      0.00000000      0.00000000      0.00000000      0.00000000      0.00000000      0.00000000      0.00000000      0.00000000
      7.13450000      0.00000000      0.00000000      0.00000000      0.00000000      0.00000000      0.00000000      0.00000000      0.00000000      0.00000000      0.00000000
      7.18450000      0.00000000      0.00000000      0.00000000      0.00000000      0.00000000      0.00000000      0.00000000      0.00000000      0.00000000      0.00000000
      7.23450000      0.00000000      0.00000000      0.00000000      0.00000000      0.00000000      0.00000000      0.00000000      0.00000000      0.00000000      0.00000000
      7.28450000      0.00000000      0.00000000      0.00000000      0.00000000      0.00000000      0.00000000      0.00000000      0.00000000      0.00000000      0.00000000
      7.33450000      0.00000000      0.00000000      0.00000000      0.00000000      0.00000000      0.00000000      0.00000000      0.00000000      0.00000000      0.00000000
      7.38450000      0.00000000      0.00000000      0.00000000      0.00000000      0.00000000      0.00000000      0.00000000      0.00000000      0.00000000      0.00000000
      7.43450000      0.00000000      0.00000000      0.00000000      0.00000000      0.00000000      0.00000000      0.00000000      0.00000000      0.00000000      0.00000000
      7.48450000      0.00000000      0.00000000      0.00000000      0.00000000      0.00000000      0.00000000      0.00000000      0.00000000      0.00000000      0.00000000
      7.53450000      0.00000000      0.00000000      0.00000000      0.00000000      0.00000000      0.00000000      0.00000000      0.00000000      0.00000000      0.00000000
      7.58450000      0.00000000      0.00000000      0.00000000      0.00000000      0.00000000      0.00000000      0.00000000      0.00000000      0.00000000      0.00000000
      7.63450000      0.00000000      0.00000000      0.00000000      0.00000000      0.00000000      0.00000000      0.00000000      0.00000000      0.00000000      0.00000000
      7.68450000      0.00000000      0.00000000      0.00000000      0.00000000      0.00000000      0.00000000      0.00000000      0.00000000      0.00000000      0.00000000
      7.73450000      0.00000000      0.00000000      0.00000000      0.00000000      0.00000000      0.00000000      0.00000000      0.00000000      0.00000000      0.00000000
      7.78450000      0.00000000      0.00000000      0.00000000      0.00000000      0.00000000      0.00000000      0.00000000      0.00000000      0.00000000      0.00000000
      7.83450000      0.00000000      0.00000000      0.00000000      0.00000000      0.00000000      0.00000000      0.00000000      0.00000000      0.00000000      0.00000000
      7.88450000      0.00000000      0.00000000      0.00000000      0.00000000      0.00000000      0.00000000      0.00000000      0.00000000      0.00000000      0.00000000
      7.93450000      0.00000000      0.00000000      0.00000000      0.00000000      0.00000000      0.00000000      0.00000000      0.00000000      0.00000000      0.00000000
      7.98450000      0.00000000      0.00000000      0.00000000      0.00000000      0.00000000      0.00000000      0.00000000      0.00000000      0.00000000      0.00000000
      8.03450000      0.00000000      0.00000000      0.00000000      0.00000000      0.00000000      0.00000000      0.00000000      0.00000000      0.00000000      0.00000000
      8.08450000      0.00000000      0.00000000      0.00000000      0.00000000      0.00000000      0.00000000      0.00000000      0.00000000      0.00000000      0.00000000
      8.13450000      0.00000000      0.00000000      0.00000000      0.00000000      0.00000000      0.00000000      0.00000000      0.00000000      0.00000000      0.00000000
      8.18450000      0.00000000      0.00000000      0.00000000      0.00000000      0.00000000      0.00000000      0.00000000      0.00000000      0.00000000      0.00000000
      8.23450000      0.00000000      0.00000000      0.00000000      0.00000000      0.00000000      0.00000000      0.00000000      0.00000000      0.00000000      0.00000000
      8.28450000      0.00000000      0.00000000      0.00000000      0.00000000      0.00000000      0.00000000      0.00000000      0.00000000      0.00000000      0.00000000
      8.33450000      0.00000000      0.00000000      0.00000000      0.00000000      0.00000000      0.00000000      0.00000000      0.00000000      0.00000000      0.00000000
      8.38450000      0.00000000      0.00000000      0.00000000      0.00000000      0.00000000      0.00000000      0.00000000      0.00000000      0.00000000      0.00000000
      8.43450000      0.00000000      0.00000000      0.00000000      0.00000000      0.00000000      0.00000000      0.00000000      0.00000000      0.00000000      0.00000000
      8.48450000      0.00000000      0.00000000      0.00000000      0.00000000      0.00000000      0.00000000      0.00000000      0.00000000      0.00000000      0.00000000
      8.53450000      0.00000000      0.00000000      0.00000000      0.00000000      0.00000000      0.00000000      0.00000000      0.00000000      0.00000000      0.00000000
      8.58450000      0.00000000      0.00000000      0.00000000      0.00000000      0.00000000      0.00000000      0.00000000      0.00000000      0.00000000      0.00000000
      8.63450000      0.00000000      0.00000000      0.00000000      0.00000000      0.00000000      0.00000000      0.00000000      0.00000000      0.00000000      0.00000000
      8.68450000      0.00000000      0.00000000      0.00000000      0.00000000      0.00000000      0.00000000      0.00000000      0.00000000      0.00000000      0.00000000
      8.73450000      0.00000000      0.00000000      0.00000000      0.00000000      0.00000000      0.00000000      0.00000000      0.00000000      0.00000000      0.00000000
      8.78450000      0.00000000      0.00000000      0.00000000      0.00000000      0.00000000      0.00000000      0.00000000      0.00000000      0.00000000      0.00000000
      8.83450000      0.00000000      0.00000000      0.00000000      0.00000000      0.00000000      0.00000000      0.00000000      0.00000000      0.00000000      0.00000000
      8.88450000      0.00000000      0.00000000      0.00000000      0.00000000      0.00000000      0.00000000      0.00000000      0.00000000      0.00000000      0.00000000
      8.93450000      0.00000000      0.00000000      0.00000000      0.00000000      0.00000000      0.00000000      0.00000000      0.00000000      0.00000000      0.00000000
      8.98450000      0.00000000      0.00000000      0.00000000      0.00000000      0.00000000      0.00000000      0.00000000      0.00000000      0.00000000      0.00000000
      9.03450000      0.00000000      0.00000000      0.00000000      0.00000000      0.00000000      0.00000000      0.00000000      0.00000000      0.00000000      0.00000000
      9.08450000      0.00000000      0.00000000      0.00000000      0.00000000      0.00000000      0.00000000      0.00000000      0.00000000      0.00000000      0.00000000
      9.13450000      0.00000000      0.00000000      0.00000000      0.00000000      0.00000000      0.00000000      0.00000000      0.00000000      0.00000000      0.00000000
      9.18450000      0.00000000      0.00000000      0.00000000      0.00000000      0.00000000      0.00000000      0.00000000      0.00000000      0.00000000      0.00000000
      9.23450000      0.00000000      0.00000000      0.00000000      0.00000000      0.00000000      0.00000000      0.00000000      0.00000000      0.00000000      0.00000000
      9.28450000      0.00000000      0.00000000      0.00000000      0.00000000      0.00000000      0.00000000      0.00000000      0.00000000      0.00000000      0.00000000
      9.33450000      0.00000000      0.00000000      0.00000000      0.00000000      0.00000000      0.00000000      0.00000000      0.00000000      0.00000000      0.00000000
      9.38450000      0.00000000      0.00000000      0.00000000      0.00000000      0.00000000      0.00000000      0.00000000      0.00000000      0.00000000      0.00000000
      9.43450000      0.00000000      0.00000000      0.00000000      0.00000000      0.00000000      0.00000000      0.00000000      0.00000000      0.00000000      0.00000000
      9.48450000      0.00000000      0.00000000      0.00000000      0.00000000      0.00000000      0.00000000      0.00000000      0.00000000      0.00000000      0.00000000
      9.53450000      0.00000000      0.00000000      0.00000000      0.00000000      0.00000000      0.00000000      0.00000000      0.00000000      0.00000000      0.00000000
      9.58450000      0.00000000      0.00000000      0.00000000      0.00000000      0.00000000      0.00000000      0.00000000      0.00000000      0.00000000      0.00000000
      9.63450000      0.00000000      0.00000000      0.00000000      0.00000000      0.00000000      0.00000000      0.00000000      0.00000000      0.00000000      0.00000000
      9.68450000      0.00000000      0.00000000      0.00000000      0.00000000      0.00000000      0.00000000      0.00000000      0.00000000      0.00000000      0.00000000
      9.73450000      0.00000000      0.00000000      0.00000000      0.00000000      0.00000000      0.00000000      0.00000000      0.00000000      0.00000000      0.00000000
      9.78450000      0.00000000      0.00000000      0.00000000      0.00000000      0.00000000      0.00000000      0.00000000      0.00000000      0.00000000      0.00000000
      9.83450000      0.00000000      0.00000000      0.00000000      0.00000000      0.00000000      0.00000000      0.00000000      0.00000000      0.00000000      0.00000000
      9.88450000      0.00000000      0.00000000      0.00000000      0.00000000      0.00000000      0.00000000      0.00000000      0.00000000      0.00000000      0.00000000
      9.93450000      0.00000000      0.00000000      0.00000000      0.00000000      0.00000000      0.00000000      0.00000000      0.00000000      0.00000000      0.00000000
      9.98450000      0.00000000      0.00000000      0.00000000      0.00000000      0.00000000      0.00000000      0.00000000      0.00000000      0.00000000      0.00000000
     10.03450000      0.00000000      0.00000000      0.00000000      0.00000000      0.00000000      0.00000000      0.00000000      0.00000000      0.00000000      0.00000000
     10.08450000      0.00000000      0.00000000      0.00000000      0.00000000      0.00000000      0.00000000      0.00000000      0.00000000      0.00000000      0.00000000
     10.13450000      0.00000000      0.00000000      0.00000000      0.00000000      0.00000000      0.00000000      0.00000000      0.00000000      0.00000000      0.00000000
     10.18450000      0.00000000      0.00000000      0.00000000      0.00000000      0.00000000      0.00000000      0.00000000      0.00000000      0.00000000      0.00000000
     10.23450000      0.00000000      0.00000000      0.00000000      0.00000000      0.00000000      0.00000000      0.00000000      0.00000000      0.00000000      0.00000000
     10.28450000      0.00000000      0.00000000      0.00000000      0.00000000      0.00000000      0.00000000      0.00000000      0.00000000      0.00000000      0.00000000
     10.33450000      0.00000000      0.00000000      0.00000000      0.00000000      0.00000000      0.00000000      0.00000000      0.00000000      0.00000000      0.00000000
     10.38450000      0.00000000      0.00000000      0.00000000      0.00000000      0.00000000      0.00000000      0.00000000      0.00000000      0.00000000      0.00000000
     10.43450000      0.00000000      0.00000000      0.00000000      0.00000000      0.00000000      0.00000000      0.00000000      0.00000000      0.00000000      0.00000000
     10.48450000      0.00000000      0.00000000      0.00000000      0.00000000      0.00000000      0.00000000      0.00000000      0.00000000      0.00000000      0.00000000
     10.53450000      0.00000000      0.00000000      0.00000000      0.00000000      0.00000000      0.00000000      0.00000000      0.00000000      0.00000000      0.00000000
     10.58450000      0.00000000      0.00000000      0.00000000      0.00000000      0.00000000      0.00000000      0.00000000      0.00000000      0.00000000      0.00000000
     10.63450000      0.00000000      0.00000000      0.00000000      0.00000000      0.00000000      0.00000000      0.00000000      0.00000000      0.00000000      0.00000000
     10.68450000      0.00000000      0.00000000      0.00000000      0.00000000      0.00000000      0.00000000      0.00000000      0.00000000      0.00000000      0.00000000
     10.73450000      0.00000000      0.00000000      0.00000000      0.00000000      0.00000000      0.00000000      0.00000000      0.00000000      0.00000000      0.00000000
     10.78450000      0.00000000      0.00000000      0.00000000      0.00000000      0.00000000      0.00000000      0.00000000      0.00000000      0.00000000      0.00000000
     10.83450000      0.00000000      0.00000000      0.00000000      0.00000000      0.00000000      0.00000000      0.00000000      0.00000000      0.00000000      0.00000000
     10.88450000      0.00000000      0.00000000      0.00000000      0.00000000      0.00000000      0.00000000      0.00000000      0.00000000      0.00000000      0.00000000
     10.93450000      0.00000000      0.00000000      0.00000000      0.00000000      0.00000000      0.00000000      0.00000000      0.00000000      0.00000000      0.00000000
     10.98450000      0.00000000      0.00000000      0.00000000      0.00000000      0.00000000      0.00000000      0.00000000      0.00000000      0.00000000      0.00000000
     11.03450000      0.00000000      0.00000000      0.00000000      0.00000000      0.00000000      0.00000000      0.00000000      0.00000000      0.00000000      0.00000000
     11.08450000      0.00000000      0.00000000      0.00000000      0.00000000      0.00000000      0.00000000      0.00000000      0.00000000      0.00000000      0.00000000
     11.13450000      0.00000000      0.00000000      0.00000000      0.00000000      0.00000000      0.00000000      0.00000000      0.00000000      0.00000000      0.00000000
     11.18450000      0.00000000      0.00000000      0.00000000      0.00000000      0.00000000      0.00000000      0.00000000      0.00000000      0.00000000      0.00000000
     11.23450000      0.00000000      0.00000000      0.00000000      0.00000000      0.00000000      0.00000000      0.00000000      0.00000000      0.00000000      0.00000000
     11.28450000      0.00000000      0.00000000      0.00000000      0.00000000      0.00000000      0.00000000      0.00000000      0.00000000      0.00000000      0.00000000
     11.33450000      0.00000000      0.00000000      0.00000000      0.00000000      0.00000000      0.00000000      0.00000000      0.00000000      0.00000000      0.00000000
     11.38450000      0.00000000      0.00000000      0.00000000      0.00000000      0.00000000      0.00000000      0.00000000      0.00000000      0.00000000      0.00000000
     11.43450000      0.00000000      0.00000000      0.00000000      0.00000000      0.00000000      0.00000000      0.00000000      0.00000000      0.00000000      0.00000000
     11.48450000      0.00000000      0.00000000      0.00000000      0.00000000      0.00000000      0.00000000      0.00000000      0.00000000      0.00000000      0.00000000
     11.53450000      0.00000000      0.00000000      0.00000000      0.00000000      0.00000000      0.00000000      0.00000000      0.00000000      0.00000000      0.00000000
     11.58450000      0.00000000      0.00000000      0.00000000      0.00000000      0.00000000      0.00000000      0.00000000      0.00000000      0.00000000      0.00000000
     11.63450000      0.00000000      0.00000000      0.00000000      0.00000000      0.00000000      0.00000000      0.00000000      0.00000000      0.00000000      0.00000000
     11.68450000      0.00000000      0.00000000      0.00000000      0.00000000      0.00000000      0.00000000      0.00000000      0.00000000      0.00000000      0.00000000
     11.73450000      0.00000000      0.00000000      0.00000000      0.00000000      0.00000000      0.00000000      0.00000000      0.00000000      0.00000000      0.00000000
     11.78450000      0.00000000      0.00000000      0.00000000      0.00000000      0.00000000      0.00000000      0.00000000      0.00000000      0.00000000      0.00000000
     11.83450000      0.00000000      0.00000000      0.00000000      0.00000000      0.00000000      0.00000000      0.00000000      0.00000000      0.00000000      0.00000000
     11.88450000      0.00000000      0.00000000      0.00000000      0.00000000      0.00000000      0.00000000      0.00000000      0.00000000      0.00000000      0.00000000
     11.93450000      0.00000000      0.00000000      0.00000000      0.00000000      0.00000000      0.00000000      0.00000000      0.00000000      0.00000000      0.00000000
     11.98450000      0.00000000      0.00000000      0.00000000      0.00000000      0.00000000      0.00000000      0.00000000      0.00000000      0.00000000      0.00000000
     12.03450000      0.00000000      0.00000000      0.00000000      0.00000000      0.00000000      0.00000000      0.00000000      0.00000000      0.00000000      0.00000000
     12.08450000      0.00000000      0.00000000      0.00000000      0.00000000      0.00000000      0.00000000      0.00000000      0.00000000      0.00000000      0.00000000
     12.13450000      0.00000000      0.00000000      0.00000000      0.00000000      0.00000000      0.00000000      0.00000000      0.00000000      0.00000000      0.00000000
     12.18450000      0.00000000      0.00000000      0.00000000      0.00000000      0.00000000      0.00000000      0.00000000      0.00000000      0.00000000      0.00000000
     12.23450000      0.00000000      0.00000000      0.00000000      0.00000000      0.00000000      0.00000000      0.00000000      0.00000000      0.00000000      0.00000000
     12.28450000      0.00000000      0.00000000      0.00000000      0.00000000      0.00000000      0.00000000      0.00000000      0.00000000      0.00000000      0.00000000
     12.33450000      0.00000000      0.00000000      0.00000000      0.00000000      0.00000000      0.00000000      0.00000000      0.00000000      0.00000000      0.00000000
     12.38450000      0.00000000      0.00000000      0.00000000      0.00000000      0.00000000      0.00000000      0.00000000      0.00000000      0.00000000      0.00000000
     12.43450000      0.00000000      0.00000000      0.00000000      0.00000000      0.00000000      0.00000000      0.00000000      0.00000000      0.00000000      0.00000000
     12.48450000      0.00000000      0.00000000      0.00000000      0.00000000      0.00000000      0.00000000      0.00000000      0.00000000      0.00000000      0.00000000
     12.53450000      0.00000000      0.00000000      0.00000000      0.00000000      0.00000000      0.00000000      0.00000000      0.00000000      0.00000000      0.00000000
     12.58450000      0.00000000      0.00000000      0.00000000      0.00000000      0.00000000      0.00000000      0.00000000      0.00000000      0.00000000      0.00000000
     12.63450000      0.00000000      0.00000000      0.00000000      0.00000000      0.00000000      0.00000000      0.00000000      0.00000000      0.00000000      0.00000000
     12.68450000      0.00000000      0.00000000      0.00000000      0.00000000      0.00000000      0.00000000      0.00000000      0.00000000      0.00000000      0.00000000
     12.73450000      0.00000000      0.00000000      0.00000000      0.00000000      0.00000000      0.00000000      0.00000000      0.00000000      0.00000000      0.00000000
     12.78450000      0.00000000      0.00000000      0.00000000      0.00000000      0.00000000      0.00000000      0.00000000      0.00000000      0.00000000      0.00000000
     12.83450000      0.00000000      0.00000000      0.00000000      0.00000000      0.00000000      0.00000000      0.00000000      0.00000000      0.00000000      0.00000000
