      Energy(eV)          s               py              pz              px              dxy             dyz             dz2             dxz            dx2-y2            tot 
     -7.06550000      2.55700000      0.10260000      0.04900000      0.09390000      0.02030000      0.00590000      0.01890000      0.00710000      0.00000000      2.85470000
     -7.01550000     15.58870000      0.61340000      0.31590000      0.57940000      0.12260000      0.03900000      0.11370000      0.04300000      0.00040000     17.41610000
     -6.96550000     23.96290000      0.90720000      0.55610000      0.89170000      0.18570000      0.06500000      0.16510000      0.06600000      0.00080000     26.80050000
     -6.91550000     12.10860000      0.37320000      0.41300000      0.39160000      0.08470000      0.03450000      0.07050000      0.03110000      0.00000000     13.50720000
     -6.86550000     10.60740000      0.07090000      0.76480000      0.07700000      0.05260000      0.02100000      0.06270000      0.02070000      0.00000000     11.67710000
     -6.81550000     19.30580000      0.19160000      1.64690000      0.19300000      0.18110000      0.03350000      0.30450000      0.03530000      0.00000000     21.89170000
     -6.76550000     17.17470000      0.28140000      1.61510000      0.28080000      0.24070000      0.02660000      0.44100000      0.02770000      0.00000000     20.08800000
     -6.71550000      4.10550000      0.08130000      0.40520000      0.08030000      0.06700000      0.00590000      0.12650000      0.00570000      0.00000000      4.87740000
     -6.66550000      0.37210000      0.00500000      0.03020000      0.00490000      0.00420000      0.00080000      0.00670000      0.00060000      0.00000000      0.42450000
     -6.61550000      3.33250000      0.01730000      0.19630000      0.01820000      0.01600000      0.01470000      0.01020000      0.01490000      0.00000000      3.62010000
     -6.56550000     12.16060000      0.06500000      0.72100000      0.06680000      0.05770000      0.05400000      0.03730000      0.05540000      0.00000000     13.21780000
     -6.51550000      9.91640000      0.05370000      0.58530000      0.05390000      0.04670000      0.04330000      0.03050000      0.04600000      0.00000000     10.77580000
     -6.46550000      4.08540000      0.01670000      0.18810000      0.02050000      0.01930000      0.01350000      0.01040000      0.02200000      0.00000000      4.37590000
     -6.41550000      3.51040000      0.01040000      0.13010000      0.01630000      0.01710000      0.00950000      0.00790000      0.02060000      0.00000000      3.72230000
     -6.36550000      3.04180000      0.01100000      0.10530000      0.01170000      0.02090000      0.01340000      0.01050000      0.01110000      0.00000000      3.22570000
     -6.31550000     11.08500000      0.03810000      0.36600000      0.03680000      0.08280000      0.05110000      0.04050000      0.03940000      0.00000000     11.73970000
     -6.26550000     25.22400000      0.08280000      0.75000000      0.08580000      0.18660000      0.11940000      0.08330000      0.13590000      0.00030000     26.66810000
     -6.21550000     33.38820000      0.12870000      0.87510000      0.12890000      0.25630000      0.19930000      0.10070000      0.20520000      0.00080000     35.28320000
     -6.16550000     14.76580000      0.07270000      0.37440000      0.06850000      0.11960000      0.10310000      0.04870000      0.08220000      0.00010000     15.63510000
     -6.11550000      2.80000000      0.15920000      0.25230000      0.15920000      0.03410000      0.01160000      0.10490000      0.00730000      0.00000000      3.52860000
     -6.06550000      6.53850000      0.74430000      1.09990000      0.74610000      0.10810000      0.00200000      0.50350000      0.00190000      0.00000000      9.74430000
     -6.01550000      6.51860000      0.72940000      1.12500000      0.73010000      0.10830000      0.00210000      0.50910000      0.00230000      0.00000000      9.72490000
     -5.96550000      1.88330000      0.15810000      0.28530000      0.15640000      0.02860000      0.00410000      0.10990000      0.00380000      0.00000000      2.62950000
     -5.91550000      3.34960000      0.09080000      0.32710000      0.08150000      0.03860000      0.02100000      0.04520000      0.01840000      0.00010000      3.97230000
     -5.86550000      3.37370000      0.08730000      0.32550000      0.07770000      0.03890000      0.02130000      0.04210000      0.01880000      0.00010000      3.98540000
     -5.81550000      0.62640000      0.01610000      0.06040000      0.01440000      0.00700000      0.00380000      0.00780000      0.00340000      0.00000000      0.73930000
     -5.76550000      0.10160000      0.00260000      0.01950000      0.00320000      0.00110000      0.00030000      0.00100000      0.00050000      0.00000000      0.12980000
     -5.71550000      0.64870000      0.01650000      0.14020000      0.02380000      0.00920000      0.00270000      0.00820000      0.00420000      0.00000000      0.85350000
     -5.66550000      0.92050000      0.02330000      0.19910000      0.03350000      0.01300000      0.00440000      0.01170000      0.00580000      0.00000000      1.21130000
     -5.61550000      0.23850000      0.00600000      0.05150000      0.00850000      0.00310000      0.00090000      0.00280000      0.00140000      0.00000000      0.31270000
     -5.56550000      0.01060000      0.00020000      0.00220000      0.00020000      0.00000000      0.00000000      0.00000000      0.00000000      0.00000000      0.01320000
     -5.51550000      0.00000000      0.00000000      0.00000000      0.00000000      0.00000000      0.00000000      0.00000000      0.00000000      0.00000000      0.00000000
     -5.46550000      0.00000000      0.00000000      0.00000000      0.00000000      0.00000000      0.00000000      0.00000000      0.00000000      0.00000000      0.00000000
     -5.41550000      0.00220000      0.00010000      0.00000000      0.00000000      0.00000000      0.00000000      0.00000000      0.00000000      0.00000000      0.00230000
     -5.36550000      0.11630000      0.01150000      0.00420000      0.01050000      0.00180000      0.00110000      0.00280000      0.00080000      0.00000000      0.14900000
     -5.31550000      1.04660000      0.10620000      0.04030000      0.09550000      0.01880000      0.01120000      0.02560000      0.00700000      0.00000000      1.35120000
     -5.26550000      1.99910000      0.22820000      0.08470000      0.20430000      0.03190000      0.02160000      0.04840000      0.01570000      0.00010000      2.63400000
     -5.21550000      5.93350000      0.97700000      0.34560000      0.94140000      0.04220000      0.06600000      0.14030000      0.06680000      0.00190000      8.51470000
     -5.16550000     18.12620000      2.86880000      1.06530000      2.87930000      0.13880000      0.19220000      0.43180000      0.19300000      0.00650000     25.90190000
     -5.11550000     16.93880000      2.07930000      0.90580000      2.10390000      0.23030000      0.13030000      0.42310000      0.13010000      0.00390000     22.94550000
     -5.06550000      9.10290000      0.61490000      0.37480000      0.60720000      0.21200000      0.02790000      0.24630000      0.02620000      0.00090000     11.21310000
     -5.01550000      2.41220000      0.12010000      0.08280000      0.10930000      0.06450000      0.00340000      0.06730000      0.00290000      0.00000000      2.86250000
     -4.96550000      0.15320000      0.00710000      0.00480000      0.00600000      0.00410000      0.00010000      0.00380000      0.00000000      0.00000000      0.17910000
     -4.91550000      0.00170000      0.00000000      0.00000000      0.00000000      0.00000000      0.00000000      0.00000000      0.00000000      0.00000000      0.00170000
     -4.86550000      0.00000000      0.00000000      0.00000000      0.00000000      0.00000000      0.00000000      0.00000000      0.00000000      0.00000000      0.00000000
     -4.81550000      0.00000000      0.00000000      0.00000000      0.00000000      0.00000000      0.00000000      0.00000000      0.00000000      0.00000000      0.00000000
     -4.76550000      0.01230000      0.00150000      0.00200000      0.00220000      0.00030000      0.00000000      0.00020000      0.00030000      0.00000000      0.01880000
     -4.71550000      0.13010000      0.01830000      0.02340000      0.02460000      0.00580000      0.00190000      0.00440000      0.00360000      0.00030000      0.21240000
     -4.66550000      0.24550000      0.03460000      0.04470000      0.04620000      0.01110000      0.00360000      0.00800000      0.00720000      0.00050000      0.40140000
     -4.61550000      0.08490000      0.01210000      0.01550000      0.01620000      0.00360000      0.00110000      0.00260000      0.00240000      0.00020000      0.13860000
     -4.56550000      0.00500000      0.00060000      0.00080000      0.00070000      0.00000000      0.00000000      0.00000000      0.00000000      0.00000000      0.00710000
     -4.51550000      0.00000000      0.00000000      0.00000000      0.00000000      0.00000000      0.00000000      0.00000000      0.00000000      0.00000000      0.00000000
     -4.46550000      0.00000000      0.00000000      0.00000000      0.00000000      0.00000000      0.00000000      0.00000000      0.00000000      0.00000000      0.00000000
     -4.41550000      0.00000000      0.00000000      0.00000000      0.00000000      0.00000000      0.00000000      0.00000000      0.00000000      0.00000000      0.00000000
     -4.36550000      0.00000000      0.00000000      0.00000000      0.00000000      0.00000000      0.00000000      0.00000000      0.00000000      0.00000000      0.00000000
     -4.31550000      0.00100000      0.00150000      0.00330000      0.00130000      0.00000000      0.00010000      0.00000000      0.00000000      0.00000000      0.00720000
     -4.26550000      0.02530000      0.04110000      0.07010000      0.03090000      0.00320000      0.00280000      0.00160000      0.00230000      0.00000000      0.17730000
     -4.21550000      0.09980000      0.16560000      0.28260000      0.12460000      0.01230000      0.01180000      0.00650000      0.00970000      0.00000000      0.71290000
     -4.16550000      0.10180000      0.39070000      0.61640000      0.30660000      0.02940000      0.02610000      0.00810000      0.02650000      0.00000000      1.50560000
     -4.11550000      0.28100000      2.24580000      3.59490000      2.00890000      0.17770000      0.15810000      0.03050000      0.16390000      0.00030000      8.66110000
     -4.06550000      0.45140000      3.40570000      5.80230000      3.49340000      0.28910000      0.26770000      0.05010000      0.25670000      0.00120000     14.01760000
     -4.01550000      0.17480000      1.03860000      1.88350000      1.21330000      0.09420000      0.09060000      0.01830000      0.08080000      0.00010000      4.59420000
     -3.96550000      0.47580000      0.42820000      0.52440000      0.24350000      0.02470000      0.01970000      0.02800000      0.02570000      0.00040000      1.77040000
     -3.91550000      1.88780000      1.40800000      1.56610000      0.74800000      0.07330000      0.06160000      0.10810000      0.08000000      0.00150000      5.93440000
     -3.86550000      3.71220000      2.65140000      2.93390000      2.65740000      0.16280000      0.22540000      0.21790000      0.23170000      0.00260000     12.79530000
     -3.81550000      4.79030000      4.04470000      3.77120000      5.23560000      0.23620000      0.50310000      0.29080000      0.49440000      0.00620000     19.37250000
     -3.76550000      2.85140000      3.86420000      2.11470000      4.45150000      0.12100000      0.54580000      0.18000000      0.54040000      0.01290000     14.68190000
     -3.71550000      1.08430000      2.06990000      0.75960000      1.93730000      0.03850000      0.28190000      0.08040000      0.28130000      0.00850000      6.54170000
     -3.66550000      0.83230000      0.99770000      0.59710000      0.70020000      0.03150000      0.09370000      0.07160000      0.09270000      0.00320000      3.42000000
     -3.61550000      0.66560000      0.65130000      0.54280000      0.35860000      0.02970000      0.03570000      0.05860000      0.03470000      0.00160000      2.37860000
     -3.56550000      0.88660000      1.02830000      1.25600000      0.75890000      0.06060000      0.04560000      0.08330000      0.04460000      0.00150000      4.16540000
     -3.51550000      1.20260000      1.98450000      3.46700000      1.98840000      0.23080000      0.10570000      0.13940000      0.10630000      0.00040000      9.22510000
     -3.46550000      0.73670000      2.13620000      4.22270000      2.16100000      0.50530000      0.15940000      0.13380000      0.16110000      0.00000000     10.21620000
     -3.41550000      0.12250000      1.72270000      1.82540000      1.71880000      0.29280000      0.16990000      0.05130000      0.17250000      0.00000000      6.07590000
     -3.36550000      0.04530000      0.95010000      0.29310000      1.00010000      0.04660000      0.09650000      0.01680000      0.10370000      0.00430000      2.55650000
     -3.31550000      0.05880000      2.55010000      0.13400000      2.55740000      0.01710000      0.28350000      0.01670000      0.29050000      0.02430000      5.93240000
     -3.26550000      0.18090000      5.01650000      0.23810000      4.84770000      0.02440000      0.56410000      0.04310000      0.57250000      0.03350000     11.52080000
     -3.21550000      1.08730000      7.15220000      1.18710000      7.17090000      0.11950000      0.77120000      0.23550000      0.77630000      0.03670000     18.53670000
     -3.16550000      3.54100000      6.31960000      2.06990000      6.59150000      0.23900000      0.81190000      0.48630000      0.76260000      0.06350000     20.88530000
     -3.11550000      4.82540000      4.86190000      1.94540000      4.82670000      0.31940000      0.77710000      0.56700000      0.76740000      0.13880000     19.02910000
     -3.06550000      3.43420000      5.64080000      2.61670000      5.75930000      0.44720000      0.65190000      0.87420000      0.68460000      0.19200000     20.30090000
     -3.01550000      2.46860000      5.00940000      3.65200000      5.02340000      0.58540000      0.34200000      1.07500000      0.33910000      0.14490000     18.63980000
     -2.96550000      1.12930000      3.54540000      2.13480000      3.47040000      0.37630000      0.15090000      0.54960000      0.12560000      0.07440000     11.55670000
     -2.91550000      0.20420000      3.49020000      0.38700000      3.47290000      0.07030000      0.06180000      0.09950000      0.05440000      0.04650000      7.88680000
     -2.86550000      0.01480000      1.23580000      0.02130000      1.23770000      0.00360000      0.01620000      0.00660000      0.01560000      0.01500000      2.56660000
     -2.81550000      0.00270000      0.08810000      0.00270000      0.08790000      0.00010000      0.00120000      0.00020000      0.00130000      0.00110000      0.18530000
     -2.76550000      0.06950000      0.01840000      0.07810000      0.00980000      0.01000000      0.00150000      0.00360000      0.00410000      0.00040000      0.19540000
     -2.71550000      0.41410000      0.09640000      0.43810000      0.04950000      0.05610000      0.00840000      0.02130000      0.02340000      0.00310000      1.11040000
     -2.66550000      1.23670000      0.10220000      0.50490000      0.05340000      0.07360000      0.00930000      0.03150000      0.02410000      0.00350000      2.03920000
     -2.61550000      4.56860000      0.07710000      0.87950000      0.06210000      0.18170000      0.00990000      0.06540000      0.01370000      0.00120000      5.85920000
     -2.56550000      4.44640000      0.23930000      3.18270000      0.24360000      0.57650000      0.03730000      0.09100000      0.04050000      0.00230000      8.85960000
     -2.51550000      0.94420000      0.23740000      3.15540000      0.25730000      0.54710000      0.03890000      0.05120000      0.04200000      0.00210000      5.27560000
     -2.46550000      0.12630000      0.07560000      0.75810000      0.08400000      0.12760000      0.01210000      0.01280000      0.01640000      0.00990000      1.22280000
     -2.41550000      0.18880000      0.09470000      0.29790000      0.10200000      0.04070000      0.01370000      0.01050000      0.02300000      0.08020000      0.85150000
     -2.36550000      0.63040000      0.35810000      0.35960000      0.35450000      0.04730000      0.04280000      0.02860000      0.02730000      0.55820000      2.40680000
     -2.31550000      2.26670000      1.27490000      0.72520000      1.23910000      0.09270000      0.11680000      0.09750000      0.05340000      1.27610000      7.14240000
     -2.26550000      2.27020000      1.33750000      1.13690000      1.35300000      0.13190000      0.17840000      0.10030000      0.09940000      0.84520000      7.45280000
     -2.21550000      1.16500000      1.53580000      2.35110000      1.55520000      0.29500000      0.41650000      0.04200000      0.38390000      0.21050000      7.95500000
     -2.16550000      1.31260000      2.16590000      4.67470000      2.15700000      0.63110000      0.69440000      0.02210000      0.80230000      0.03600000     12.49610000
     -2.11550000      0.92620000      2.22770000      3.49340000      2.22760000      0.48660000      0.62760000      0.01670000      0.73460000      0.01160000     10.75200000
     -2.06550000      0.74640000      2.10740000      3.02720000      2.12180000      0.44970000      0.61550000      0.01960000      0.62140000      0.00570000      9.71470000
     -2.01550000      0.72150000      1.01380000      2.96950000      1.02400000      0.45890000      0.41520000      0.02070000      0.41300000      0.00520000      7.04180000
     -1.96550000      0.25320000      0.51390000      0.99570000      0.52460000      0.17600000      0.21160000      0.01550000      0.20700000      0.01440000      2.91190000
     -1.91550000      0.07050000      0.68520000      0.17130000      0.70360000      0.09650000      0.18560000      0.03020000      0.17060000      0.09120000      2.20470000
     -1.86550000      0.15360000      1.30410000      0.24300000      1.36110000      0.47860000      0.24100000      0.17940000      0.19510000      0.38740000      4.54330000
     -1.81550000      0.33220000      2.07630000      0.50880000      2.10500000      1.34240000      0.38630000      0.51960000      0.35660000      0.49600000      8.12320000
     -1.76550000      0.27450000      1.37950000      0.42320000      1.32510000      1.08340000      0.26210000      0.43610000      0.28550000      0.22310000      5.69250000
     -1.71550000      0.10340000      0.37330000      0.16200000      0.36810000      0.29690000      0.08140000      0.12990000      0.07640000      0.05600000      1.64740000
     -1.66550000      0.07630000      0.09200000      0.12950000      0.09490000      0.08940000      0.03760000      0.05120000      0.02000000      0.01060000      0.60150000
     -1.61550000      0.08250000      0.07040000      0.13890000      0.07040000      0.07490000      0.03200000      0.04740000      0.01850000      0.00620000      0.54120000
     -1.56550000      0.12810000      0.16420000      0.21110000      0.15910000      0.10470000      0.02810000      0.06720000      0.03810000      0.01050000      0.91110000
     -1.51550000      0.14400000      0.71710000      0.27070000      0.72140000      0.18400000      0.03130000      0.10100000      0.04490000      0.01200000      2.22640000
     -1.46550000      0.05820000      0.95370000      0.14520000      0.96670000      0.15700000      0.01620000      0.07180000      0.01800000      0.00550000      2.39230000
     -1.41550000      0.08210000      0.33080000      0.09110000      0.32290000      0.07150000      0.02210000      0.02940000      0.01100000      0.01650000      0.97740000
     -1.36550000      0.13290000      0.13670000      0.11520000      0.12070000      0.06110000      0.03060000      0.02490000      0.01500000      0.02680000      0.66390000
     -1.31550000      0.27570000      0.18420000      0.19150000      0.18370000      0.09660000      0.03220000      0.05420000      0.02960000      0.04970000      1.09740000
     -1.26550000      1.17730000      0.66830000      0.52490000      0.65890000      0.31730000      0.11580000      0.19640000      0.11390000      0.21820000      3.99100000
     -1.21550000      2.12730000      1.12860000      0.96360000      1.08690000      0.61690000      0.20720000      0.36820000      0.19690000      0.37580000      7.07140000
     -1.16550000      1.16030000      0.55730000      0.68320000      0.55550000      0.53860000      0.15100000      0.30990000      0.15040000      0.33820000      4.44440000
     -1.11550000      0.43920000      0.18720000      0.35640000      0.21180000      0.84160000      0.16820000      0.29150000      0.17330000      0.47110000      3.14030000
     -1.06550000      0.22170000      0.10570000      0.33900000      0.11130000      0.87490000      0.18870000      0.18330000      0.19410000      0.24300000      2.46170000
     -1.01550000      0.27010000      0.14600000      0.59060000      0.14660000      0.67290000      0.26700000      0.10330000      0.27900000      0.11960000      2.59510000
     -0.96550000      0.46650000      0.09300000      0.43650000      0.09290000      0.45560000      0.13800000      0.10920000      0.14470000      0.07770000      2.01410000
     -0.91550000      0.76050000      0.25270000      0.49700000      0.24230000      0.39690000      0.06380000      0.16980000      0.06420000      0.25870000      2.70590000
     -0.86550000      0.71190000      0.60870000      0.81600000      0.58520000      0.42660000      0.16450000      0.18750000      0.16530000      0.53590000      4.20160000
     -0.81550000      0.78370000      0.48810000      0.88880000      0.48930000      0.65680000      0.29580000      0.17860000      0.29570000      0.46100000      4.53780000
     -0.76550000      0.69730000      0.29280000      0.75910000      0.29200000      0.67940000      0.34300000      0.15760000      0.37430000      0.45990000      4.05540000
     -0.71550000      0.26280000      0.20320000      0.64390000      0.20980000      0.31760000      0.33000000      0.07130000      0.35850000      0.51150000      2.90860000
     -0.66550000      0.08050000      0.17270000      0.38260000      0.19930000      0.13190000      0.35690000      0.02400000      0.33700000      0.36870000      2.05360000
     -0.61550000      0.07940000      0.30970000      0.09000000      0.31620000      0.03810000      0.24190000      0.01780000      0.22460000      0.19440000      1.51210000
     -0.56550000      0.39560000      0.83320000      0.11940000      0.82600000      0.07170000      0.20150000      0.08860000      0.20200000      0.30370000      3.04170000
     -0.51550000      0.57500000      0.83760000      0.26140000      0.83050000      0.22480000      0.42920000      0.17500000      0.40860000      0.34570000      4.08780000
     -0.46550000      0.23830000      0.40210000      0.18230000      0.39860000      0.22760000      0.54360000      0.12210000      0.52570000      0.10940000      2.74970000
     -0.41550000      0.16360000      0.39920000      0.15550000      0.38890000      0.16820000      0.55830000      0.07810000      0.58170000      0.07400000      2.56750000
     -0.36550000      0.27470000      0.54590000      0.19850000      0.52460000      0.25000000      0.47940000      0.09900000      0.49070000      0.14030000      3.00310000
     -0.31550000      0.37000000      0.59880000      0.09760000      0.60340000      0.36110000      0.34660000      0.09760000      0.35340000      0.30810000      3.13660000
     -0.26550000      0.43720000      0.40430000      0.05860000      0.41370000      0.54920000      0.31000000      0.14020000      0.31210000      0.60490000      3.23020000
     -0.21550000      0.32900000      0.25470000      0.05440000      0.25950000      0.65670000      0.30920000      0.18050000      0.30680000      0.42800000      2.77880000
     -0.16550000      0.48920000      0.16200000      0.11060000      0.15940000      0.57770000      0.20730000      0.17970000      0.20920000      0.15280000      2.24790000
     -0.11550000      2.09840000      0.04170000      0.53780000      0.03890000      0.40200000      0.05270000      0.24580000      0.05450000      0.06830000      3.54010000
     -0.06550000      2.73770000      0.03040000      0.70870000      0.03030000      0.35480000      0.02410000      0.27860000      0.02400000      0.25940000      4.44800000
     -0.01550000      0.66960000      0.06460000      0.17390000      0.06530000      0.08540000      0.02880000      0.06800000      0.02790000      0.46700000      1.65050000
      0.03450000      0.02920000      0.05520000      0.00780000      0.05590000      0.00420000      0.00940000      0.00290000      0.00920000      0.29110000      0.46490000
      0.08450000      0.00020000      0.01290000      0.00010000      0.01310000      0.00000000      0.00070000      0.00000000      0.00050000      0.06030000      0.08780000
      0.13450000      0.00000000      0.00000000      0.00000000      0.00000000      0.00000000      0.00000000      0.00000000      0.00000000      0.00250000      0.00250000
      0.18450000      0.00090000      0.00000000      0.00090000      0.00000000      0.00000000      0.00000000      0.00000000      0.00000000      0.00000000      0.00180000
      0.23450000      0.14260000      0.00040000      0.09410000      0.00040000      0.00930000      0.00030000      0.00790000      0.00030000      0.00000000      0.25530000
      0.28450000      2.52490000      0.01440000      1.66740000      0.01420000      0.16680000      0.01050000      0.13850000      0.01060000      0.00000000      4.54730000
      0.33450000      7.80350000      0.04410000      5.15390000      0.04430000      0.51580000      0.03200000      0.42830000      0.03230000      0.00000000     14.05420000
      0.38450000      4.44590000      0.02510000      2.93680000      0.02500000      0.29360000      0.01800000      0.24400000      0.01810000      0.00000000      8.00650000
      0.43450000      0.45350000      0.00240000      0.29960000      0.00240000      0.03020000      0.00150000      0.02490000      0.00150000      0.00000000      0.81600000
      0.48450000      0.00760000      0.00000000      0.00510000      0.00000000      0.00020000      0.00000000      0.00000000      0.00000000      0.00000000      0.01290000
      0.53450000      0.00000000      0.00000000      0.00000000      0.00000000      0.00000000      0.00000000      0.00000000      0.00000000      0.00000000      0.00000000
      0.58450000      0.00000000      0.00000000      0.00000000      0.00000000      0.00000000      0.00000000      0.00000000      0.00000000      0.00000000      0.00000000
      0.63450000      0.00000000      0.00000000      0.00000000      0.00000000      0.00000000      0.00000000      0.00000000      0.00000000      0.00000000      0.00000000
      0.68450000      0.00000000      0.00000000      0.00000000      0.00000000      0.00000000      0.00000000      0.00000000      0.00000000      0.00000000      0.00000000
      0.73450000      0.00000000      0.00000000      0.00000000      0.00000000      0.00000000      0.00000000      0.00000000      0.00000000      0.00000000      0.00000000
      0.78450000      0.00000000      0.00000000      0.00000000      0.00000000      0.00000000      0.00000000      0.00000000      0.00000000      0.00000000      0.00000000
      0.83450000      0.00590000      0.00000000      0.00300000      0.00000000      0.00080000      0.00000000      0.00050000      0.00000000      0.00000000      0.01020000
      0.88450000      0.40590000      0.02240000      0.21410000      0.02240000      0.06250000      0.00820000      0.03460000      0.00820000      0.00000000      0.77830000
      0.93450000      4.73910000      0.26250000      2.50360000      0.26370000      0.73100000      0.09550000      0.40180000      0.09490000      0.00860000      9.10070000
      0.98450000     10.51420000      0.58120000      5.62780000      0.58170000      1.61610000      0.21190000      0.88330000      0.21150000      0.01830000     20.24600000
      1.03450000      7.44540000      0.40170000      4.53380000      0.40010000      1.11540000      0.14620000      0.57360000      0.14770000      0.00780000     14.77170000
      1.08450000      5.61770000      0.29260000      3.93260000      0.29210000      0.81710000      0.10760000      0.38550000      0.10770000      0.00000000     11.55290000
      1.13450000      1.63560000      0.08410000      1.16090000      0.08430000      0.23700000      0.03160000      0.11080000      0.03160000      0.00000000      3.37590000
      1.18450000      0.09000000      0.00460000      0.06410000      0.00480000      0.01290000      0.00190000      0.00600000      0.00190000      0.00000000      0.18620000
      1.23450000      0.00070000      0.00000000      0.00030000      0.00000000      0.00000000      0.00000000      0.00000000      0.00000000      0.00000000      0.00100000
      1.28450000      0.00000000      0.00000000      0.00000000      0.00000000      0.00000000      0.00000000      0.00000000      0.00000000      0.00000000      0.00000000
      1.33450000      0.01670000      0.00000000      0.01480000      0.00000000      0.00060000      0.00000000      0.00060000      0.00000000      0.00000000      0.03270000
      1.38450000      0.52770000      0.00030000      0.46620000      0.00030000      0.02770000      0.00020000      0.02190000      0.00020000      0.00000000      1.04450000
      1.43450000      2.79030000      0.00280000      2.46550000      0.00340000      0.14610000      0.00180000      0.11570000      0.00200000      0.00000000      5.52760000
      1.48450000      2.67530000      0.00260000      2.36380000      0.00310000      0.14010000      0.00150000      0.11080000      0.00200000      0.00000000      5.29920000
      1.53450000      0.46420000      0.00020000      0.41010000      0.00030000      0.02420000      0.00020000      0.01910000      0.00020000      0.00000000      0.91850000
      1.58450000      0.01780000      0.00000000      0.01500000      0.00000000      0.00100000      0.00000000      0.00060000      0.00000000      0.00000000      0.03440000
      1.63450000      0.25950000      0.00170000      0.17560000      0.00170000      0.01810000      0.00030000      0.01190000      0.00030000      0.00000000      0.46910000
      1.68450000      2.48250000      0.01670000      1.67710000      0.01700000      0.17360000      0.00460000      0.11210000      0.00470000      0.00000000      4.48830000
      1.73450000      4.22130000      0.02850000      2.85160000      0.02870000      0.29510000      0.00770000      0.19030000      0.00780000      0.00000000      7.63100000
      1.78450000      1.32420000      0.00890000      0.89380000      0.00880000      0.09270000      0.00230000      0.05950000      0.00250000      0.00000000      2.39270000
      1.83450000      0.52210000      0.00480000      0.33540000      0.00500000      0.04120000      0.00260000      0.02590000      0.00260000      0.00000000      0.93960000
      1.88450000      3.00500000      0.03030000      1.91550000      0.03040000      0.24090000      0.01730000      0.14900000      0.01660000      0.00000000      5.40500000
      1.93450000      3.60300000      0.03640000      2.29700000      0.03650000      0.28920000      0.02060000      0.17860000      0.02000000      0.00010000      6.48140000
      1.98450000      0.78650000      0.00790000      0.50080000      0.00800000      0.06320000      0.00450000      0.03880000      0.00440000      0.00000000      1.41410000
      2.03450000      0.02910000      0.00000000      0.01870000      0.00000000      0.00220000      0.00020000      0.00100000      0.00020000      0.00000000      0.05140000
      2.08450000      0.00010000      0.00000000      0.00000000      0.00000000      0.00000000      0.00000000      0.00000000      0.00000000      0.00000000      0.00010000
      2.13450000      0.00250000      0.00000000      0.00120000      0.00000000      0.00040000      0.00000000      0.00000000      0.00000000      0.00000000      0.00410000
      2.18450000      0.19150000      0.00620000      0.11450000      0.00580000      0.02520000      0.00400000      0.01330000      0.00390000      0.00000000      0.36440000
      2.23450000      2.60290000      0.08500000      1.55350000      0.07770000      0.34490000      0.05270000      0.17980000      0.05740000      0.00190000      4.95580000
      2.28450000      7.61320000      0.24400000      4.52370000      0.23370000      1.00720000      0.15670000      0.52210000      0.16300000      0.00630000     14.46990000
      2.33450000      6.79300000      0.20310000      4.02720000      0.22040000      0.89470000      0.14550000      0.45490000      0.13430000      0.00490000     12.87800000
      2.38450000      4.46280000      0.12480000      2.71370000      0.13070000      0.58630000      0.08790000      0.28430000      0.08490000      0.00200000      8.47740000
      2.43450000      2.58550000      0.07050000      1.60850000      0.06760000      0.34320000      0.04720000      0.16090000      0.04940000      0.00060000      4.93340000
      2.48450000      3.00140000      0.07720000      1.92780000      0.07150000      0.41080000      0.05340000      0.18260000      0.05400000      0.00000000      5.77870000
      2.53450000      2.65410000      0.06760000      1.70980000      0.06260000      0.36440000      0.04730000      0.16100000      0.04750000      0.00000000      5.11430000
      2.58450000      0.45980000      0.01180000      0.29580000      0.01110000      0.06290000      0.00810000      0.02780000      0.00820000      0.00000000      0.88550000
      2.63450000      0.05720000      0.00550000      0.02830000      0.00130000      0.00710000      0.00410000      0.00220000      0.00070000      0.00010000      0.10650000
      2.68450000      0.21210000      0.02610000      0.09470000      0.00540000      0.02580000      0.01910000      0.00720000      0.00350000      0.00080000      0.39470000
      2.73450000      0.18570000      0.02270000      0.08280000      0.00470000      0.02270000      0.01660000      0.00600000      0.00310000      0.00070000      0.34500000
      2.78450000      0.02920000      0.00350000      0.01290000      0.00080000      0.00360000      0.00260000      0.00090000      0.00040000      0.00010000      0.05400000
      2.83450000      0.00060000      0.00010000      0.00030000      0.00000000      0.00000000      0.00010000      0.00000000      0.00000000      0.00000000      0.00110000
      2.88450000      0.00000000      0.00000000      0.00000000      0.00000000      0.00000000      0.00000000      0.00000000      0.00000000      0.00000000      0.00000000
      2.93450000      0.00000000      0.00000000      0.00000000      0.00000000      0.00000000      0.00000000      0.00000000      0.00000000      0.00000000      0.00000000
      2.98450000      0.00000000      0.00000000      0.00000000      0.00000000      0.00000000      0.00000000      0.00000000      0.00000000      0.00000000      0.00000000
      3.03450000      0.00050000      0.00000000      0.00010000      0.00000000      0.00000000      0.00000000      0.00000000      0.00000000      0.00000000      0.00060000
      3.08450000      0.06770000      0.00210000      0.01810000      0.00170000      0.00290000      0.00040000      0.00040000      0.00030000      0.00000000      0.09360000
      3.13450000      1.37290000      0.03940000      0.36490000      0.03580000      0.06470000      0.01160000      0.01150000      0.00890000      0.00030000      1.91000000
      3.18450000      4.77360000      0.13760000      1.27010000      0.12460000      0.22720000      0.03980000      0.04040000      0.03030000      0.00140000      6.64500000
      3.23450000      3.03410000      0.08740000      0.80730000      0.07930000      0.14410000      0.02530000      0.02620000      0.01940000      0.00080000      4.22390000
      3.28450000      0.34400000      0.00980000      0.09160000      0.00910000      0.01620000      0.00270000      0.00260000      0.00210000      0.00000000      0.47810000
      3.33450000      0.00620000      0.00000000      0.00130000      0.00000000      0.00020000      0.00000000      0.00000000      0.00000000      0.00000000      0.00770000
      3.38450000      0.00000000      0.00000000      0.00000000      0.00000000      0.00000000      0.00000000      0.00000000      0.00000000      0.00000000      0.00000000
      3.43450000      0.00620000      0.00000000      0.00100000      0.00000000      0.00000000      0.00000000      0.00000000      0.00000000      0.00000000      0.00720000
      3.48450000      0.06660000      0.00010000      0.00930000      0.00010000      0.00130000      0.00000000      0.00000000      0.00000000      0.00000000      0.07740000
      3.53450000      0.12050000      0.00090000      0.01740000      0.00070000      0.00240000      0.00000000      0.00120000      0.00000000      0.00000000      0.14310000
      3.58450000      0.04330000      0.00010000      0.00590000      0.00000000      0.00030000      0.00000000      0.00000000      0.00000000      0.00000000      0.04960000
      3.63450000      0.25840000      0.00660000      0.01960000      0.00620000      0.00430000      0.00180000      0.00470000      0.00160000      0.00000000      0.30320000
      3.68450000      3.74780000      0.09880000      0.28090000      0.09570000      0.06230000      0.02800000      0.06230000      0.02740000      0.00000000      4.40320000
      3.73450000     11.65270000      0.31170000      0.88220000      0.30930000      0.18980000      0.08590000      0.19180000      0.08570000      0.00000000     13.70910000
      3.78450000      8.73400000      0.23700000      0.66910000      0.24170000      0.13920000      0.06340000      0.14250000      0.06430000      0.00010000     10.29130000
      3.83450000      1.52200000      0.04190000      0.11750000      0.04340000      0.02380000      0.01090000      0.02440000      0.01120000      0.00000000      1.79510000
      3.88450000      0.05200000      0.00120000      0.00400000      0.00120000      0.00060000      0.00020000      0.00060000      0.00020000      0.00000000      0.06000000
      3.93450000      0.00270000      0.00080000      0.00000000      0.00080000      0.00000000      0.00000000      0.00000000      0.00000000      0.00000000      0.00430000
      3.98450000      0.21520000      0.08150000      0.02430000      0.08200000      0.00560000      0.00290000      0.00110000      0.00270000      0.00040000      0.41570000
      4.03450000      2.87710000      1.10150000      0.32730000      1.10110000      0.07570000      0.03890000      0.01100000      0.03820000      0.00970000      5.58050000
      4.08450000      7.77520000      3.11470000      0.87400000      3.12670000      0.21410000      0.11180000      0.03110000      0.11060000      0.02710000     15.38530000
      4.13450000      6.94490000      3.16450000      0.75070000      3.20680000      0.21530000      0.11580000      0.03060000      0.11720000      0.02760000     14.57340000
      4.18450000      3.49680000      1.55490000      0.37140000      1.54890000      0.10410000      0.05810000      0.01690000      0.05820000      0.01290000      7.22220000
      4.23450000      3.46450000      0.85600000      0.38790000      0.86220000      0.06440000      0.03190000      0.01940000      0.03270000      0.00660000      5.72560000
      4.28450000      2.84040000      0.91610000      0.31750000      0.91920000      0.05250000      0.03320000      0.01650000      0.03390000      0.00470000      5.13400000
      4.33450000      1.44090000      2.54060000      0.09070000      2.54840000      0.04920000      0.09260000      0.02170000      0.09280000      0.00070000      6.87760000
      4.38450000      4.73110000      5.00250000      0.18260000      5.02420000      0.19830000      0.17910000      0.09400000      0.17980000      0.00000000     15.59160000
      4.43450000      6.34880000      3.12030000      0.26320000      3.13680000      0.27150000      0.10980000      0.12770000      0.11050000      0.00030000     13.48890000
      4.48450000      2.58730000      0.91260000      0.11520000      0.91790000      0.11250000      0.03260000      0.05230000      0.03270000      0.00000000      4.76310000
      4.53450000      0.25420000      0.08510000      0.01160000      0.08550000      0.01100000      0.00270000      0.00490000      0.00270000      0.00000000      0.45770000
      4.58450000      0.08400000      0.00610000      0.01730000      0.00590000      0.00270000      0.00030000      0.00110000      0.00030000      0.00000000      0.11770000
      4.63450000      1.35930000      0.07930000      0.29230000      0.07450000      0.04320000      0.00520000      0.01810000      0.00580000      0.00010000      1.87780000
      4.68450000      4.03850000      0.23500000      0.86880000      0.22170000      0.12780000      0.01620000      0.05350000      0.01700000      0.00090000      5.57940000
      4.73450000      2.20070000      0.13080000      0.47320000      0.12370000      0.06990000      0.00920000      0.02930000      0.00950000      0.00050000      3.04680000
      4.78450000      0.48840000      0.20010000      0.07790000      0.20050000      0.00860000      0.01660000      0.00310000      0.01710000      0.00060000      1.01290000
      4.83450000      3.45540000      2.10950000      0.38630000      2.11580000      0.02890000      0.18650000      0.00980000      0.18710000      0.00890000      8.48820000
      4.88450000     11.05190000      5.48950000      1.14740000      5.49100000      0.11700000      0.50780000      0.05360000      0.50670000      0.02200000     24.38690000
      4.93450000     11.01330000      4.55310000      1.08890000      4.53650000      0.15840000      0.42860000      0.08060000      0.42530000      0.01780000     22.30250000
      4.98450000      4.69000000      4.63270000      0.47250000      4.64170000      0.09960000      0.35200000      0.04500000      0.35280000      0.02040000     15.30670000
      5.03450000      1.34290000      5.75510000      0.13940000      5.76120000      0.03140000      0.40180000      0.01320000      0.40260000      0.02640000     13.87400000
      5.08450000      2.34090000      3.21090000      0.24530000      3.21260000      0.02990000      0.26120000      0.01440000      0.26150000      0.00760000      9.58430000
      5.13450000      3.94130000      2.68240000      0.41130000      2.68130000      0.04990000      0.25480000      0.02480000      0.25500000      0.00000000     10.30080000
      5.18450000      1.42120000      0.87530000      0.14780000      0.87380000      0.01880000      0.08510000      0.00920000      0.08460000      0.00000000      3.51580000
      5.23450000      0.09850000      0.05750000      0.01040000      0.05730000      0.00120000      0.00540000      0.00050000      0.00540000      0.00000000      0.23620000
      5.28450000      0.00080000      0.00060000      0.00000000      0.00060000      0.00000000      0.00000000      0.00000000      0.00000000      0.00000000      0.00200000
      5.33450000      0.00000000      0.00000000      0.00000000      0.00000000      0.00000000      0.00000000      0.00000000      0.00000000      0.00000000      0.00000000
      5.38450000      0.00000000      0.00000000      0.00000000      0.00000000      0.00000000      0.00000000      0.00000000      0.00000000      0.00000000      0.00000000
      5.43450000      0.01990000      0.00650000      0.00000000      0.00650000      0.00000000      0.00010000      0.00000000      0.00010000      0.00000000      0.03310000
      5.48450000      0.65190000      0.21030000      0.01290000      0.21110000      0.01740000      0.01390000      0.01610000      0.01400000      0.00000000      1.14760000
      5.53450000      3.60760000      1.16410000      0.07230000      1.16760000      0.09600000      0.07610000      0.08840000      0.07630000      0.00190000      6.35030000
      5.58450000      3.65250000      1.17810000      0.07290000      1.18130000      0.09720000      0.07690000      0.08940000      0.07730000      0.00180000      6.42740000
      5.63450000      0.67700000      0.21840000      0.01330000      0.21880000      0.01800000      0.01440000      0.01680000      0.01420000      0.00000000      1.19090000
      5.68450000      0.02150000      0.00690000      0.00000000      0.00680000      0.00000000      0.00000000      0.00010000      0.00000000      0.00000000      0.03530000
      5.73450000      0.00090000      0.00000000      0.00000000      0.00000000      0.00000000      0.00000000      0.00000000      0.00000000      0.00000000      0.00090000
      5.78450000      0.07720000      0.01620000      0.03260000      0.01640000      0.00110000      0.00080000      0.00100000      0.00090000      0.00000000      0.14620000
      5.83450000      1.02330000      0.21610000      0.43400000      0.21640000      0.01300000      0.00910000      0.02260000      0.00910000      0.00000000      1.94360000
      5.88450000      2.39020000      0.50700000      1.01360000      0.50670000      0.03090000      0.02140000      0.05300000      0.02170000      0.00000000      4.54450000
      5.93450000      1.07760000      0.33450000      0.45990000      0.30660000      0.01440000      0.02810000      0.02590000      0.02690000      0.00000000      2.27390000
      5.98450000      0.72850000      1.22040000      0.33490000      0.98330000      0.01340000      0.18520000      0.04080000      0.17580000      0.00230000      3.68460000
      6.03450000      2.01170000      3.13140000      0.93040000      2.87790000      0.03220000      0.47220000      0.11980000      0.46370000      0.00720000     10.04650000
      6.08450000      2.08790000      3.90190000      1.12860000      4.32190000      0.03740000      0.64210000      0.12400000      0.66410000      0.01170000     12.91960000
      6.13450000      0.94530000      2.85910000      0.65750000      3.06540000      0.02430000      0.48970000      0.05740000      0.50070000      0.00930000      8.60870000
      6.18450000      0.15600000      0.69320000      0.12540000      0.65460000      0.00480000      0.11640000      0.00940000      0.11540000      0.00190000      1.87710000
      6.23450000      0.14500000      0.97180000      0.06470000      0.96540000      0.00360000      0.18170000      0.00670000      0.18130000      0.00020000      2.52040000
      6.28450000      0.70600000      3.06870000      0.33000000      3.03450000      0.01780000      0.58090000      0.03280000      0.58090000      0.00120000      8.35280000
      6.33450000      1.25510000      3.48980000      0.61230000      3.43520000      0.03560000      0.65460000      0.05760000      0.65930000      0.00310000     10.20260000
      6.38450000      1.09890000      3.75240000      0.51050000      3.74200000      0.03810000      0.67940000      0.04940000      0.68360000      0.00780000     10.56210000
      6.43450000      0.71660000      5.55980000      0.33270000      5.67430000      0.02600000      0.99820000      0.03010000      0.99770000      0.01670000     14.35210000
      6.48450000      0.32130000      3.27600000      0.15390000      3.40370000      0.01160000      0.58930000      0.01330000      0.58710000      0.01020000      8.36640000
      6.53450000      0.03940000      0.42570000      0.01910000      0.44860000      0.00120000      0.07690000      0.00150000      0.07640000      0.00120000      1.09000000
      6.58450000      0.00070000      0.01010000      0.00030000      0.01080000      0.00000000      0.00170000      0.00000000      0.00170000      0.00000000      0.02530000
      6.63450000      0.00120000      0.00040000      0.00080000      0.00050000      0.00000000      0.00000000      0.00000000      0.00000000      0.00000000      0.00290000
      6.68450000      0.07430000      0.03760000      0.04950000      0.03850000      0.00270000      0.00390000      0.00350000      0.00390000      0.00000000      0.21390000
      6.73450000      0.86970000      0.46370000      0.56550000      0.47810000      0.03100000      0.04590000      0.04170000      0.04800000      0.00210000      2.54570000
      6.78450000      2.41770000      1.64610000      1.52890000      1.70480000      0.09010000      0.14090000      0.12510000      0.14780000      0.01170000      7.81310000
      6.83450000      2.28220000      2.16140000      1.50590000      2.18320000      0.09510000      0.15820000      0.13650000      0.15910000      0.01870000      8.70030000
      6.88450000      1.46390000      1.21430000      1.30790000      1.09230000      0.06150000      0.08500000      0.09880000      0.07230000      0.00930000      5.40530000
      6.93450000      0.67140000      0.41710000      0.69810000      0.33260000      0.02690000      0.02980000      0.04620000      0.02090000      0.00180000      2.24480000
      6.98450000      0.07910000      0.04630000      0.08400000      0.03600000      0.00310000      0.00310000      0.00560000      0.00210000      0.00000000      0.25930000
      7.03450000      0.00150000      0.00090000      0.00180000      0.00050000      0.00000000      0.00000000      0.00000000      0.00000000      0.00000000      0.00470000
      7.08450000      0.00000000      0.00000000      0.00000000      0.00000000      0.00000000      0.00000000      0.00000000      0.00000000      0.00000000      0.00000000
      7.13450000      0.00000000      0.00000000      0.00000000      0.00000000      0.00000000      0.00000000      0.00000000      0.00000000      0.00000000      0.00000000
      7.18450000      0.00000000      0.00000000      0.00000000      0.00000000      0.00000000      0.00000000      0.00000000      0.00000000      0.00000000      0.00000000
      7.23450000      0.00000000      0.00000000      0.00000000      0.00000000      0.00000000      0.00000000      0.00000000      0.00000000      0.00000000      0.00000000
      7.28450000      0.00000000      0.00000000      0.00000000      0.00000000      0.00000000      0.00000000      0.00000000      0.00000000      0.00000000      0.00000000
      7.33450000      0.00000000      0.00000000      0.00000000      0.00000000      0.00000000      0.00000000      0.00000000      0.00000000      0.00000000      0.00000000
      7.38450000      0.00000000      0.00000000      0.00000000      0.00000000      0.00000000      0.00000000      0.00000000      0.00000000      0.00000000      0.00000000
      7.43450000      0.00000000      0.00000000      0.00000000      0.00000000      0.00000000      0.00000000      0.00000000      0.00000000      0.00000000      0.00000000
      7.48450000      0.00000000      0.00000000      0.00000000      0.00000000      0.00000000      0.00000000      0.00000000      0.00000000      0.00000000      0.00000000
      7.53450000      0.00000000      0.00000000      0.00000000      0.00000000      0.00000000      0.00000000      0.00000000      0.00000000      0.00000000      0.00000000
      7.58450000      0.00000000      0.00000000      0.00000000      0.00000000      0.00000000      0.00000000      0.00000000      0.00000000      0.00000000      0.00000000
      7.63450000      0.00000000      0.00000000      0.00000000      0.00000000      0.00000000      0.00000000      0.00000000      0.00000000      0.00000000      0.00000000
      7.68450000      0.00000000      0.00000000      0.00000000      0.00000000      0.00000000      0.00000000      0.00000000      0.00000000      0.00000000      0.00000000
      7.73450000      0.00000000      0.00000000      0.00000000      0.00000000      0.00000000      0.00000000      0.00000000      0.00000000      0.00000000      0.00000000
      7.78450000      0.00000000      0.00000000      0.00000000      0.00000000      0.00000000      0.00000000      0.00000000      0.00000000      0.00000000      0.00000000
      7.83450000      0.00000000      0.00000000      0.00000000      0.00000000      0.00000000      0.00000000      0.00000000      0.00000000      0.00000000      0.00000000
      7.88450000      0.00000000      0.00000000      0.00000000      0.00000000      0.00000000      0.00000000      0.00000000      0.00000000      0.00000000      0.00000000
      7.93450000      0.00000000      0.00000000      0.00000000      0.00000000      0.00000000      0.00000000      0.00000000      0.00000000      0.00000000      0.00000000
      7.98450000      0.00000000      0.00000000      0.00000000      0.00000000      0.00000000      0.00000000      0.00000000      0.00000000      0.00000000      0.00000000
      8.03450000      0.00000000      0.00000000      0.00000000      0.00000000      0.00000000      0.00000000      0.00000000      0.00000000      0.00000000      0.00000000
      8.08450000      0.00000000      0.00000000      0.00000000      0.00000000      0.00000000      0.00000000      0.00000000      0.00000000      0.00000000      0.00000000
      8.13450000      0.00000000      0.00000000      0.00000000      0.00000000      0.00000000      0.00000000      0.00000000      0.00000000      0.00000000      0.00000000
      8.18450000      0.00000000      0.00000000      0.00000000      0.00000000      0.00000000      0.00000000      0.00000000      0.00000000      0.00000000      0.00000000
      8.23450000      0.00000000      0.00000000      0.00000000      0.00000000      0.00000000      0.00000000      0.00000000      0.00000000      0.00000000      0.00000000
      8.28450000      0.00000000      0.00000000      0.00000000      0.00000000      0.00000000      0.00000000      0.00000000      0.00000000      0.00000000      0.00000000
      8.33450000      0.00000000      0.00000000      0.00000000      0.00000000      0.00000000      0.00000000      0.00000000      0.00000000      0.00000000      0.00000000
      8.38450000      0.00000000      0.00000000      0.00000000      0.00000000      0.00000000      0.00000000      0.00000000      0.00000000      0.00000000      0.00000000
      8.43450000      0.00000000      0.00000000      0.00000000      0.00000000      0.00000000      0.00000000      0.00000000      0.00000000      0.00000000      0.00000000
      8.48450000      0.00000000      0.00000000      0.00000000      0.00000000      0.00000000      0.00000000      0.00000000      0.00000000      0.00000000      0.00000000
      8.53450000      0.00000000      0.00000000      0.00000000      0.00000000      0.00000000      0.00000000      0.00000000      0.00000000      0.00000000      0.00000000
      8.58450000      0.00000000      0.00000000      0.00000000      0.00000000      0.00000000      0.00000000      0.00000000      0.00000000      0.00000000      0.00000000
      8.63450000      0.00000000      0.00000000      0.00000000      0.00000000      0.00000000      0.00000000      0.00000000      0.00000000      0.00000000      0.00000000
      8.68450000      0.00000000      0.00000000      0.00000000      0.00000000      0.00000000      0.00000000      0.00000000      0.00000000      0.00000000      0.00000000
      8.73450000      0.00000000      0.00000000      0.00000000      0.00000000      0.00000000      0.00000000      0.00000000      0.00000000      0.00000000      0.00000000
      8.78450000      0.00000000      0.00000000      0.00000000      0.00000000      0.00000000      0.00000000      0.00000000      0.00000000      0.00000000      0.00000000
      8.83450000      0.00000000      0.00000000      0.00000000      0.00000000      0.00000000      0.00000000      0.00000000      0.00000000      0.00000000      0.00000000
      8.88450000      0.00000000      0.00000000      0.00000000      0.00000000      0.00000000      0.00000000      0.00000000      0.00000000      0.00000000      0.00000000
      8.93450000      0.00000000      0.00000000      0.00000000      0.00000000      0.00000000      0.00000000      0.00000000      0.00000000      0.00000000      0.00000000
      8.98450000      0.00000000      0.00000000      0.00000000      0.00000000      0.00000000      0.00000000      0.00000000      0.00000000      0.00000000      0.00000000
      9.03450000      0.00000000      0.00000000      0.00000000      0.00000000      0.00000000      0.00000000      0.00000000      0.00000000      0.00000000      0.00000000
      9.08450000      0.00000000      0.00000000      0.00000000      0.00000000      0.00000000      0.00000000      0.00000000      0.00000000      0.00000000      0.00000000
      9.13450000      0.00000000      0.00000000      0.00000000      0.00000000      0.00000000      0.00000000      0.00000000      0.00000000      0.00000000      0.00000000
      9.18450000      0.00000000      0.00000000      0.00000000      0.00000000      0.00000000      0.00000000      0.00000000      0.00000000      0.00000000      0.00000000
      9.23450000      0.00000000      0.00000000      0.00000000      0.00000000      0.00000000      0.00000000      0.00000000      0.00000000      0.00000000      0.00000000
      9.28450000      0.00000000      0.00000000      0.00000000      0.00000000      0.00000000      0.00000000      0.00000000      0.00000000      0.00000000      0.00000000
      9.33450000      0.00000000      0.00000000      0.00000000      0.00000000      0.00000000      0.00000000      0.00000000      0.00000000      0.00000000      0.00000000
      9.38450000      0.00000000      0.00000000      0.00000000      0.00000000      0.00000000      0.00000000      0.00000000      0.00000000      0.00000000      0.00000000
      9.43450000      0.00000000      0.00000000      0.00000000      0.00000000      0.00000000      0.00000000      0.00000000      0.00000000      0.00000000      0.00000000
      9.48450000      0.00000000      0.00000000      0.00000000      0.00000000      0.00000000      0.00000000      0.00000000      0.00000000      0.00000000      0.00000000
      9.53450000      0.00000000      0.00000000      0.00000000      0.00000000      0.00000000      0.00000000      0.00000000      0.00000000      0.00000000      0.00000000
      9.58450000      0.00000000      0.00000000      0.00000000      0.00000000      0.00000000      0.00000000      0.00000000      0.00000000      0.00000000      0.00000000
      9.63450000      0.00000000      0.00000000      0.00000000      0.00000000      0.00000000      0.00000000      0.00000000      0.00000000      0.00000000      0.00000000
      9.68450000      0.00000000      0.00000000      0.00000000      0.00000000      0.00000000      0.00000000      0.00000000      0.00000000      0.00000000      0.00000000
      9.73450000      0.00000000      0.00000000      0.00000000      0.00000000      0.00000000      0.00000000      0.00000000      0.00000000      0.00000000      0.00000000
      9.78450000      0.00000000      0.00000000      0.00000000      0.00000000      0.00000000      0.00000000      0.00000000      0.00000000      0.00000000      0.00000000
      9.83450000      0.00000000      0.00000000      0.00000000      0.00000000      0.00000000      0.00000000      0.00000000      0.00000000      0.00000000      0.00000000
      9.88450000      0.00000000      0.00000000      0.00000000      0.00000000      0.00000000      0.00000000      0.00000000      0.00000000      0.00000000      0.00000000
      9.93450000      0.00000000      0.00000000      0.00000000      0.00000000      0.00000000      0.00000000      0.00000000      0.00000000      0.00000000      0.00000000
      9.98450000      0.00000000      0.00000000      0.00000000      0.00000000      0.00000000      0.00000000      0.00000000      0.00000000      0.00000000      0.00000000
     10.03450000      0.00000000      0.00000000      0.00000000      0.00000000      0.00000000      0.00000000      0.00000000      0.00000000      0.00000000      0.00000000
     10.08450000      0.00000000      0.00000000      0.00000000      0.00000000      0.00000000      0.00000000      0.00000000      0.00000000      0.00000000      0.00000000
     10.13450000      0.00000000      0.00000000      0.00000000      0.00000000      0.00000000      0.00000000      0.00000000      0.00000000      0.00000000      0.00000000
     10.18450000      0.00000000      0.00000000      0.00000000      0.00000000      0.00000000      0.00000000      0.00000000      0.00000000      0.00000000      0.00000000
     10.23450000      0.00000000      0.00000000      0.00000000      0.00000000      0.00000000      0.00000000      0.00000000      0.00000000      0.00000000      0.00000000
     10.28450000      0.00000000      0.00000000      0.00000000      0.00000000      0.00000000      0.00000000      0.00000000      0.00000000      0.00000000      0.00000000
     10.33450000      0.00000000      0.00000000      0.00000000      0.00000000      0.00000000      0.00000000      0.00000000      0.00000000      0.00000000      0.00000000
     10.38450000      0.00000000      0.00000000      0.00000000      0.00000000      0.00000000      0.00000000      0.00000000      0.00000000      0.00000000      0.00000000
     10.43450000      0.00000000      0.00000000      0.00000000      0.00000000      0.00000000      0.00000000      0.00000000      0.00000000      0.00000000      0.00000000
     10.48450000      0.00000000      0.00000000      0.00000000      0.00000000      0.00000000      0.00000000      0.00000000      0.00000000      0.00000000      0.00000000
     10.53450000      0.00000000      0.00000000      0.00000000      0.00000000      0.00000000      0.00000000      0.00000000      0.00000000      0.00000000      0.00000000
     10.58450000      0.00000000      0.00000000      0.00000000      0.00000000      0.00000000      0.00000000      0.00000000      0.00000000      0.00000000      0.00000000
     10.63450000      0.00000000      0.00000000      0.00000000      0.00000000      0.00000000      0.00000000      0.00000000      0.00000000      0.00000000      0.00000000
     10.68450000      0.00000000      0.00000000      0.00000000      0.00000000      0.00000000      0.00000000      0.00000000      0.00000000      0.00000000      0.00000000
     10.73450000      0.00000000      0.00000000      0.00000000      0.00000000      0.00000000      0.00000000      0.00000000      0.00000000      0.00000000      0.00000000
     10.78450000      0.00000000      0.00000000      0.00000000      0.00000000      0.00000000      0.00000000      0.00000000      0.00000000      0.00000000      0.00000000
     10.83450000      0.00000000      0.00000000      0.00000000      0.00000000      0.00000000      0.00000000      0.00000000      0.00000000      0.00000000      0.00000000
     10.88450000      0.00000000      0.00000000      0.00000000      0.00000000      0.00000000      0.00000000      0.00000000      0.00000000      0.00000000      0.00000000
     10.93450000      0.00000000      0.00000000      0.00000000      0.00000000      0.00000000      0.00000000      0.00000000      0.00000000      0.00000000      0.00000000
     10.98450000      0.00000000      0.00000000      0.00000000      0.00000000      0.00000000      0.00000000      0.00000000      0.00000000      0.00000000      0.00000000
     11.03450000      0.00000000      0.00000000      0.00000000      0.00000000      0.00000000      0.00000000      0.00000000      0.00000000      0.00000000      0.00000000
     11.08450000      0.00000000      0.00000000      0.00000000      0.00000000      0.00000000      0.00000000      0.00000000      0.00000000      0.00000000      0.00000000
     11.13450000      0.00000000      0.00000000      0.00000000      0.00000000      0.00000000      0.00000000      0.00000000      0.00000000      0.00000000      0.00000000
     11.18450000      0.00000000      0.00000000      0.00000000      0.00000000      0.00000000      0.00000000      0.00000000      0.00000000      0.00000000      0.00000000
     11.23450000      0.00000000      0.00000000      0.00000000      0.00000000      0.00000000      0.00000000      0.00000000      0.00000000      0.00000000      0.00000000
     11.28450000      0.00000000      0.00000000      0.00000000      0.00000000      0.00000000      0.00000000      0.00000000      0.00000000      0.00000000      0.00000000
     11.33450000      0.00000000      0.00000000      0.00000000      0.00000000      0.00000000      0.00000000      0.00000000      0.00000000      0.00000000      0.00000000
     11.38450000      0.00000000      0.00000000      0.00000000      0.00000000      0.00000000      0.00000000      0.00000000      0.00000000      0.00000000      0.00000000
     11.43450000      0.00000000      0.00000000      0.00000000      0.00000000      0.00000000      0.00000000      0.00000000      0.00000000      0.00000000      0.00000000
     11.48450000      0.00000000      0.00000000      0.00000000      0.00000000      0.00000000      0.00000000      0.00000000      0.00000000      0.00000000      0.00000000
     11.53450000      0.00000000      0.00000000      0.00000000      0.00000000      0.00000000      0.00000000      0.00000000      0.00000000      0.00000000      0.00000000
     11.58450000      0.00000000      0.00000000      0.00000000      0.00000000      0.00000000      0.00000000      0.00000000      0.00000000      0.00000000      0.00000000
     11.63450000      0.00000000      0.00000000      0.00000000      0.00000000      0.00000000      0.00000000      0.00000000      0.00000000      0.00000000      0.00000000
     11.68450000      0.00000000      0.00000000      0.00000000      0.00000000      0.00000000      0.00000000      0.00000000      0.00000000      0.00000000      0.00000000
     11.73450000      0.00000000      0.00000000      0.00000000      0.00000000      0.00000000      0.00000000      0.00000000      0.00000000      0.00000000      0.00000000
     11.78450000      0.00000000      0.00000000      0.00000000      0.00000000      0.00000000      0.00000000      0.00000000      0.00000000      0.00000000      0.00000000
     11.83450000      0.00000000      0.00000000      0.00000000      0.00000000      0.00000000      0.00000000      0.00000000      0.00000000      0.00000000      0.00000000
     11.88450000      0.00000000      0.00000000      0.00000000      0.00000000      0.00000000      0.00000000      0.00000000      0.00000000      0.00000000      0.00000000
     11.93450000      0.00000000      0.00000000      0.00000000      0.00000000      0.00000000      0.00000000      0.00000000      0.00000000      0.00000000      0.00000000
     11.98450000      0.00000000      0.00000000      0.00000000      0.00000000      0.00000000      0.00000000      0.00000000      0.00000000      0.00000000      0.00000000
     12.03450000      0.00000000      0.00000000      0.00000000      0.00000000      0.00000000      0.00000000      0.00000000      0.00000000      0.00000000      0.00000000
     12.08450000      0.00000000      0.00000000      0.00000000      0.00000000      0.00000000      0.00000000      0.00000000      0.00000000      0.00000000      0.00000000
     12.13450000      0.00000000      0.00000000      0.00000000      0.00000000      0.00000000      0.00000000      0.00000000      0.00000000      0.00000000      0.00000000
     12.18450000      0.00000000      0.00000000      0.00000000      0.00000000      0.00000000      0.00000000      0.00000000      0.00000000      0.00000000      0.00000000
     12.23450000      0.00000000      0.00000000      0.00000000      0.00000000      0.00000000      0.00000000      0.00000000      0.00000000      0.00000000      0.00000000
     12.28450000      0.00000000      0.00000000      0.00000000      0.00000000      0.00000000      0.00000000      0.00000000      0.00000000      0.00000000      0.00000000
     12.33450000      0.00000000      0.00000000      0.00000000      0.00000000      0.00000000      0.00000000      0.00000000      0.00000000      0.00000000      0.00000000
     12.38450000      0.00000000      0.00000000      0.00000000      0.00000000      0.00000000      0.00000000      0.00000000      0.00000000      0.00000000      0.00000000
     12.43450000      0.00000000      0.00000000      0.00000000      0.00000000      0.00000000      0.00000000      0.00000000      0.00000000      0.00000000      0.00000000
     12.48450000      0.00000000      0.00000000      0.00000000      0.00000000      0.00000000      0.00000000      0.00000000      0.00000000      0.00000000      0.00000000
     12.53450000      0.00000000      0.00000000      0.00000000      0.00000000      0.00000000      0.00000000      0.00000000      0.00000000      0.00000000      0.00000000
     12.58450000      0.00000000      0.00000000      0.00000000      0.00000000      0.00000000      0.00000000      0.00000000      0.00000000      0.00000000      0.00000000
     12.63450000      0.00000000      0.00000000      0.00000000      0.00000000      0.00000000      0.00000000      0.00000000      0.00000000      0.00000000      0.00000000
     12.68450000      0.00000000      0.00000000      0.00000000      0.00000000      0.00000000      0.00000000      0.00000000      0.00000000      0.00000000      0.00000000
     12.73450000      0.00000000      0.00000000      0.00000000      0.00000000      0.00000000      0.00000000      0.00000000      0.00000000      0.00000000      0.00000000
     12.78450000      0.00000000      0.00000000      0.00000000      0.00000000      0.00000000      0.00000000      0.00000000      0.00000000      0.00000000      0.00000000
     12.83450000      0.00000000      0.00000000      0.00000000      0.00000000      0.00000000      0.00000000      0.00000000      0.00000000      0.00000000      0.00000000
