      Energy(eV)          s               py              pz              px              dxy             dyz             dz2             dxz            dx2-y2            tot 
     -7.05030000      0.00930000      0.00000000      0.00040000      0.00000000      0.00000000      0.00000000      0.00000000      0.00000000      0.00000000      0.00970000
     -7.00030000      0.06500000      0.00050000      0.00320000      0.00080000      0.00000000      0.00000000      0.00000000      0.00000000      0.00000000      0.06950000
     -6.95030000      0.10170000      0.00060000      0.00450000      0.00170000      0.00000000      0.00000000      0.00000000      0.00000000      0.00000000      0.10850000
     -6.90030000      0.03720000      0.00020000      0.00150000      0.00050000      0.00000000      0.00000000      0.00000000      0.00000000      0.00000000      0.03940000
     -6.85030000      0.03610000      0.00020000      0.00130000      0.00050000      0.00000000      0.00000000      0.00000000      0.00000000      0.00000000      0.03810000
     -6.80030000      0.07220000      0.00040000      0.00280000      0.00110000      0.00000000      0.00000000      0.00000000      0.00000000      0.00000000      0.07650000
     -6.75030000      0.03150000      0.00020000      0.00110000      0.00040000      0.00000000      0.00000000      0.00000000      0.00000000      0.00000000      0.03320000
     -6.70030000      0.00290000      0.00000000      0.00000000      0.00000000      0.00000000      0.00000000      0.00000000      0.00000000      0.00000000      0.00290000
     -6.65030000      0.00010000      0.00000000      0.00000000      0.00000000      0.00000000      0.00000000      0.00000000      0.00000000      0.00000000      0.00010000
     -6.60030000      0.00560000      0.00000000      0.00010000      0.00000000      0.00000000      0.00000000      0.00000000      0.00000000      0.00000000      0.00570000
     -6.55030000      0.03030000      0.00030000      0.00060000      0.00040000      0.00000000      0.00000000      0.00000000      0.00000000      0.00000000      0.03160000
     -6.50030000      0.03120000      0.00030000      0.00080000      0.00050000      0.00000000      0.00000000      0.00000000      0.00000000      0.00000000      0.03280000
     -6.45030000      0.00570000      0.00000000      0.00010000      0.00010000      0.00000000      0.00000000      0.00000000      0.00000000      0.00000000      0.00590000
     -6.40030000      0.00020000      0.00000000      0.00000000      0.00000000      0.00000000      0.00000000      0.00000000      0.00000000      0.00000000      0.00020000
     -6.35030000      0.00210000      0.00000000      0.00000000      0.00000000      0.00000000      0.00000000      0.00000000      0.00000000      0.00000000      0.00210000
     -6.30030000      0.01450000      0.00000000      0.00010000      0.00020000      0.00000000      0.00000000      0.00000000      0.00000000      0.00000000      0.01480000
     -6.25030000      0.03530000      0.00030000      0.00080000      0.00080000      0.00000000      0.00000000      0.00000000      0.00000000      0.00000000      0.03720000
     -6.20030000      0.04340000      0.00060000      0.00100000      0.00100000      0.00000000      0.00000000      0.00000000      0.00000000      0.00000000      0.04600000
     -6.15030000      0.04430000      0.00050000      0.00050000      0.00130000      0.00000000      0.00000000      0.00000000      0.00000000      0.00000000      0.04660000
     -6.10030000      0.27140000      0.00360000      0.00370000      0.00910000      0.00000000      0.00000000      0.00000000      0.00000000      0.00000000      0.28780000
     -6.05030000      0.56050000      0.00750000      0.00830000      0.01920000      0.00000000      0.00000000      0.00000000      0.00000000      0.00000000      0.59550000
     -6.00030000      0.62920000      0.00840000      0.00890000      0.02220000      0.00000000      0.00000000      0.00000000      0.00000000      0.00000000      0.66870000
     -5.95030000      0.53880000      0.00810000      0.00630000      0.02070000      0.00000000      0.00000000      0.00000000      0.00000000      0.00000000      0.57390000
     -5.90030000      1.43320000      0.02630000      0.01110000      0.06380000      0.00000000      0.00000000      0.00000000      0.00000000      0.00000000      1.53440000
     -5.85030000      1.91440000      0.03540000      0.01440000      0.08560000      0.00000000      0.00000000      0.00000000      0.00000000      0.00000000      2.04980000
     -5.80030000      0.48120000      0.00890000      0.00350000      0.02140000      0.00000000      0.00000000      0.00000000      0.00000000      0.00000000      0.51500000
     -5.75030000      0.02070000      0.00030000      0.00010000      0.00090000      0.00000000      0.00000000      0.00000000      0.00000000      0.00000000      0.02200000
     -5.70030000      0.00000000      0.00000000      0.00000000      0.00000000      0.00000000      0.00000000      0.00000000      0.00000000      0.00000000      0.00000000
     -5.65030000      0.00000000      0.00000000      0.00000000      0.00000000      0.00000000      0.00000000      0.00000000      0.00000000      0.00000000      0.00000000
     -5.60030000      0.00000000      0.00000000      0.00000000      0.00000000      0.00000000      0.00000000      0.00000000      0.00000000      0.00000000      0.00000000
     -5.55030000      0.00000000      0.00000000      0.00000000      0.00000000      0.00000000      0.00000000      0.00000000      0.00000000      0.00000000      0.00000000
     -5.50030000      0.00000000      0.00000000      0.00000000      0.00000000      0.00000000      0.00000000      0.00000000      0.00000000      0.00000000      0.00000000
     -5.45030000      0.00000000      0.00000000      0.00000000      0.00000000      0.00000000      0.00000000      0.00000000      0.00000000      0.00000000      0.00000000
     -5.40030000      0.00000000      0.00000000      0.00000000      0.00000000      0.00000000      0.00000000      0.00000000      0.00000000      0.00000000      0.00000000
     -5.35030000      0.00000000      0.00000000      0.00000000      0.00000000      0.00000000      0.00000000      0.00000000      0.00000000      0.00000000      0.00000000
     -5.30030000      0.01100000      0.00000000      0.00010000      0.00000000      0.00000000      0.00000000      0.00000000      0.00000000      0.00000000      0.01110000
     -5.25030000      0.25410000      0.00460000      0.00500000      0.00600000      0.00000000      0.00000000      0.00000000      0.00000000      0.00000000      0.26970000
     -5.20030000      1.25960000      0.02160000      0.02170000      0.03030000      0.00000000      0.00000000      0.00000000      0.00000000      0.00000000      1.33320000
     -5.15030000      1.61790000      0.02680000      0.02690000      0.03880000      0.00000000      0.00000000      0.00000000      0.00000000      0.00000000      1.71040000
     -5.10030000      0.83180000      0.01340000      0.01420000      0.01960000      0.00000000      0.00000000      0.00000000      0.00000000      0.00000000      0.87900000
     -5.05030000      1.81450000      0.02970000      0.02120000      0.04640000      0.00000000      0.00000000      0.00000000      0.00000000      0.00000000      1.91180000
     -5.00030000      2.45560000      0.04020000      0.02760000      0.06330000      0.00000000      0.00000000      0.00000000      0.00000000      0.00000000      2.58670000
     -4.95030000      0.64730000      0.01130000      0.00800000      0.01710000      0.00000000      0.00000000      0.00000000      0.00000000      0.00000000      0.68370000
     -4.90030000      0.32450000      0.01440000      0.01560000      0.01040000      0.00000000      0.00000000      0.00000000      0.00000000      0.00000000      0.36490000
     -4.85030000      0.79110000      0.03800000      0.04100000      0.02660000      0.00000000      0.00000000      0.00000000      0.00000000      0.00000000      0.89670000
     -4.80030000      0.38610000      0.01850000      0.02010000      0.01310000      0.00000000      0.00000000      0.00000000      0.00000000      0.00000000      0.43780000
     -4.75030000      0.03330000      0.00140000      0.00160000      0.00080000      0.00000000      0.00000000      0.00000000      0.00000000      0.00000000      0.03710000
     -4.70030000      0.00040000      0.00000000      0.00000000      0.00000000      0.00000000      0.00000000      0.00000000      0.00000000      0.00000000      0.00040000
     -4.65030000      0.00910000      0.00000000      0.00000000      0.00000000      0.00000000      0.00000000      0.00000000      0.00000000      0.00000000      0.00910000
     -4.60030000      0.41060000      0.00620000      0.00640000      0.00890000      0.00000000      0.00000000      0.00000000      0.00000000      0.00000000      0.43210000
     -4.55030000      3.12230000      0.04930000      0.04930000      0.06720000      0.00000000      0.00000000      0.00000000      0.00000000      0.00000000      3.28810000
     -4.50030000      4.25620000      0.06710000      0.06720000      0.09160000      0.00000000      0.00000000      0.00000000      0.00000000      0.00000000      4.48210000
     -4.45030000      1.05890000      0.01680000      0.01660000      0.02280000      0.00000000      0.00000000      0.00000000      0.00000000      0.00000000      1.11510000
     -4.40030000      0.13220000      0.00200000      0.00240000      0.00280000      0.00000000      0.00000000      0.00000000      0.00000000      0.00000000      0.13940000
     -4.35030000      1.44800000      0.02210000      0.02810000      0.02940000      0.00000000      0.00000000      0.00000000      0.00000000      0.00000000      1.52760000
     -4.30030000      4.18920000      0.06400000      0.08050000      0.08520000      0.00000000      0.00000000      0.00000000      0.00000000      0.00000000      4.41890000
     -4.25030000      2.21960000      0.03380000      0.04260000      0.04490000      0.00000000      0.00000000      0.00000000      0.00000000      0.00000000      2.34090000
     -4.20030000      0.20860000      0.00330000      0.00390000      0.00410000      0.00000000      0.00000000      0.00000000      0.00000000      0.00000000      0.21990000
     -4.15030000      0.01640000      0.00020000      0.00010000      0.00030000      0.00000000      0.00000000      0.00000000      0.00000000      0.00000000      0.01700000
     -4.10030000      0.10080000      0.00300000      0.00250000      0.00310000      0.00000000      0.00000000      0.00000000      0.00000000      0.00000000      0.10940000
     -4.05030000      0.14890000      0.00460000      0.00370000      0.00470000      0.00000000      0.00000000      0.00000000      0.00000000      0.00000000      0.16190000
     -4.00030000      0.06030000      0.00170000      0.00130000      0.00180000      0.00000000      0.00000000      0.00000000      0.00000000      0.00000000      0.06510000
     -3.95030000      0.34000000      0.00590000      0.00830000      0.00750000      0.00000000      0.00000000      0.00000000      0.00000000      0.00000000      0.36170000
     -3.90030000      1.18900000      0.02210000      0.02870000      0.02670000      0.00000000      0.00000000      0.00000000      0.00000000      0.00000000      1.26650000
     -3.85030000      1.21830000      0.02850000      0.03130000      0.02900000      0.00000000      0.00000000      0.00000000      0.00000000      0.00000000      1.30710000
     -3.80030000      1.38570000      0.04220000      0.04200000      0.03390000      0.00000000      0.00000000      0.00000000      0.00000000      0.00000000      1.50380000
     -3.75030000      2.02980000      0.05670000      0.05660000      0.04610000      0.00000000      0.00000000      0.00000000      0.00000000      0.00000000      2.18920000
     -3.70030000      2.15890000      0.04800000      0.04490000      0.04870000      0.00000000      0.00000000      0.00000000      0.00000000      0.00000000      2.30050000
     -3.65030000      2.76670000      0.04330000      0.04530000      0.06540000      0.00000000      0.00000000      0.00000000      0.00000000      0.00000000      2.92070000
     -3.60030000      2.81600000      0.04010000      0.04510000      0.06750000      0.00000000      0.00000000      0.00000000      0.00000000      0.00000000      2.96870000
     -3.55030000      0.69850000      0.01020000      0.01160000      0.01660000      0.00000000      0.00000000      0.00000000      0.00000000      0.00000000      0.73690000
     -3.50030000      0.19840000      0.00410000      0.00450000      0.00440000      0.00000000      0.00000000      0.00000000      0.00000000      0.00000000      0.21140000
     -3.45030000      0.12160000      0.00350000      0.00250000      0.00260000      0.00000000      0.00000000      0.00000000      0.00000000      0.00000000      0.13020000
     -3.40030000      0.05250000      0.00190000      0.00090000      0.00100000      0.00000000      0.00000000      0.00000000      0.00000000      0.00000000      0.05630000
     -3.35030000      0.29150000      0.01530000      0.00370000      0.00710000      0.00000000      0.00000000      0.00000000      0.00000000      0.00000000      0.31760000
     -3.30030000      1.51280000      0.07670000      0.02190000      0.03710000      0.00000000      0.00000000      0.00000000      0.00000000      0.00000000      1.64850000
     -3.25030000      2.52660000      0.09190000      0.06060000      0.05650000      0.00000000      0.00000000      0.00000000      0.00000000      0.00000000      2.73560000
     -3.20030000      3.56010000      0.06990000      0.12170000      0.06590000      0.00000000      0.00000000      0.00000000      0.00000000      0.00000000      3.81760000
     -3.15030000      2.86600000      0.04770000      0.09790000      0.04780000      0.00000000      0.00000000      0.00000000      0.00000000      0.00000000      3.05940000
     -3.10030000      1.11320000      0.01790000      0.03270000      0.01960000      0.00000000      0.00000000      0.00000000      0.00000000      0.00000000      1.18340000
     -3.05030000      0.47510000      0.00750000      0.01050000      0.00960000      0.00000000      0.00000000      0.00000000      0.00000000      0.00000000      0.50270000
     -3.00030000      0.32890000      0.00500000      0.00560000      0.00700000      0.00000000      0.00000000      0.00000000      0.00000000      0.00000000      0.34650000
     -2.95030000      0.36410000      0.00580000      0.00560000      0.00830000      0.00000000      0.00000000      0.00000000      0.00000000      0.00000000      0.38380000
     -2.90030000      0.30530000      0.00450000      0.00480000      0.00700000      0.00000000      0.00000000      0.00000000      0.00000000      0.00000000      0.32160000
     -2.85030000      0.09890000      0.00130000      0.00130000      0.00210000      0.00000000      0.00000000      0.00000000      0.00000000      0.00000000      0.10360000
     -2.80030000      0.72100000      0.00690000      0.01150000      0.01550000      0.00000000      0.00000000      0.00000000      0.00000000      0.00000000      0.75490000
     -2.75030000      4.08680000      0.03940000      0.06520000      0.08840000      0.00000000      0.00000000      0.00000000      0.00000000      0.00000000      4.27980000
     -2.70030000      4.21870000      0.04080000      0.06710000      0.09120000      0.00000000      0.00000000      0.00000000      0.00000000      0.00000000      4.41780000
     -2.65030000      0.82690000      0.00770000      0.01310000      0.01740000      0.00000000      0.00000000      0.00000000      0.00000000      0.00000000      0.86510000
     -2.60030000      0.17260000      0.00160000      0.00320000      0.00220000      0.00000000      0.00000000      0.00000000      0.00000000      0.00000000      0.17960000
     -2.55030000      0.26350000      0.00300000      0.00500000      0.00320000      0.00000000      0.00000000      0.00000000      0.00000000      0.00000000      0.27470000
     -2.50030000      0.85130000      0.00890000      0.02570000      0.00950000      0.00000000      0.00000000      0.00000000      0.00000000      0.00000000      0.89540000
     -2.45030000      3.74010000      0.03670000      0.12380000      0.04120000      0.00000000      0.00000000      0.00000000      0.00000000      0.00000000      3.94180000
     -2.40030000      3.53170000      0.03470000      0.11690000      0.03880000      0.00000000      0.00000000      0.00000000      0.00000000      0.00000000      3.72210000
     -2.35030000      0.68960000      0.00710000      0.02150000      0.00820000      0.00000000      0.00000000      0.00000000      0.00000000      0.00000000      0.72640000
     -2.30030000      0.29010000      0.00250000      0.00680000      0.00430000      0.00000000      0.00000000      0.00000000      0.00000000      0.00000000      0.30370000
     -2.25030000      0.29650000      0.00290000      0.00590000      0.00460000      0.00000000      0.00000000      0.00000000      0.00000000      0.00000000      0.30990000
     -2.20030000      0.45430000      0.00560000      0.00680000      0.00810000      0.00000000      0.00000000      0.00000000      0.00000000      0.00000000      0.47480000
     -2.15030000      1.00930000      0.01540000      0.01510000      0.02390000      0.00000000      0.00000000      0.00000000      0.00000000      0.00000000      1.06370000
     -2.10030000      1.55000000      0.02950000      0.02310000      0.03980000      0.00000000      0.00000000      0.00000000      0.00000000      0.00000000      1.64240000
     -2.05030000      1.17980000      0.02340000      0.01680000      0.02570000      0.00000000      0.00000000      0.00000000      0.00000000      0.00000000      1.24570000
     -2.00030000      0.98010000      0.04100000      0.01720000      0.02980000      0.00000000      0.00000000      0.00000000      0.00000000      0.00000000      1.06810000
     -1.95030000      2.29450000      0.08100000      0.05430000      0.05620000      0.00000000      0.00000000      0.00000000      0.00000000      0.00000000      2.48600000
     -1.90030000      4.99070000      0.06810000      0.12580000      0.05790000      0.00000000      0.00000000      0.00000000      0.00000000      0.00000000      5.24250000
     -1.85030000      3.61200000      0.03810000      0.08470000      0.03680000      0.00000000      0.00000000      0.00000000      0.00000000      0.00000000      3.77160000
     -1.80030000      3.39310000      0.04050000      0.06400000      0.03950000      0.00000000      0.00000000      0.00000000      0.00000000      0.00000000      3.53710000
     -1.75030000      5.44220000      0.06300000      0.10090000      0.06170000      0.00000000      0.00000000      0.00000000      0.00000000      0.00000000      5.66780000
     -1.70030000      2.16990000      0.02470000      0.04020000      0.02450000      0.00000000      0.00000000      0.00000000      0.00000000      0.00000000      2.25930000
     -1.65030000      0.15800000      0.00190000      0.00280000      0.00170000      0.00000000      0.00000000      0.00000000      0.00000000      0.00000000      0.16440000
     -1.60030000      0.01420000      0.00000000      0.00000000      0.00000000      0.00000000      0.00000000      0.00000000      0.00000000      0.00000000      0.01420000
     -1.55030000      0.14530000      0.00210000      0.00200000      0.00220000      0.00000000      0.00000000      0.00000000      0.00000000      0.00000000      0.15160000
     -1.50030000      0.38750000      0.00500000      0.00610000      0.00490000      0.00000000      0.00000000      0.00000000      0.00000000      0.00000000      0.40350000
     -1.45030000      0.68560000      0.00830000      0.01010000      0.00850000      0.00000000      0.00000000      0.00000000      0.00000000      0.00000000      0.71250000
     -1.40030000      1.31690000      0.01440000      0.02190000      0.01440000      0.00000000      0.00000000      0.00000000      0.00000000      0.00000000      1.36760000
     -1.35030000      3.62070000      0.02760000      0.08000000      0.02610000      0.00000000      0.00000000      0.00000000      0.00000000      0.00000000      3.75440000
     -1.30030000      6.87280000      0.05050000      0.13930000      0.05220000      0.00000000      0.00000000      0.00000000      0.00000000      0.00000000      7.11480000
     -1.25030000      6.84320000      0.05240000      0.10840000      0.06280000      0.00000000      0.00000000      0.00000000      0.00000000      0.00000000      7.06680000
     -1.20030000      3.15560000      0.02510000      0.04590000      0.03140000      0.00000000      0.00000000      0.00000000      0.00000000      0.00000000      3.25800000
     -1.15030000      0.72950000      0.00610000      0.01160000      0.00740000      0.00000000      0.00000000      0.00000000      0.00000000      0.00000000      0.75460000
     -1.10030000      0.53780000      0.00500000      0.00850000      0.00550000      0.00000000      0.00000000      0.00000000      0.00000000      0.00000000      0.55680000
     -1.05030000      1.00690000      0.00560000      0.01570000      0.00870000      0.00000000      0.00000000      0.00000000      0.00000000      0.00000000      1.03690000
     -1.00030000      4.11160000      0.02230000      0.05730000      0.03500000      0.00000000      0.00000000      0.00000000      0.00000000      0.00000000      4.22620000
     -0.95030000      6.49250000      0.03870000      0.08000000      0.05820000      0.00000000      0.00000000      0.00000000      0.00000000      0.00000000      6.66940000
     -0.90030000      4.70690000      0.02820000      0.06750000      0.04270000      0.00000000      0.00000000      0.00000000      0.00000000      0.00000000      4.84530000
     -0.85030000      3.24240000      0.01980000      0.04120000      0.03140000      0.00000000      0.00000000      0.00000000      0.00000000      0.00000000      3.33480000
     -0.80030000      2.53420000      0.01510000      0.03930000      0.02670000      0.00000000      0.00000000      0.00000000      0.00000000      0.00000000      2.61530000
     -0.75030000      2.82690000      0.01410000      0.06760000      0.02770000      0.00000000      0.00000000      0.00000000      0.00000000      0.00000000      2.93630000
     -0.70030000      3.57750000      0.01980000      0.06760000      0.03610000      0.00000000      0.00000000      0.00000000      0.00000000      0.00000000      3.70100000
     -0.65030000      3.01580000      0.01810000      0.04040000      0.03000000      0.00000000      0.00000000      0.00000000      0.00000000      0.00000000      3.10430000
     -0.60030000      3.47730000      0.02940000      0.02990000      0.03620000      0.00000000      0.00000000      0.00000000      0.00000000      0.00000000      3.57280000
     -0.55030000      3.72600000      0.09060000      0.03090000      0.06670000      0.00000000      0.00000000      0.00000000      0.00000000      0.00000000      3.91420000
     -0.50030000      2.26670000      0.12050000      0.02250000      0.07290000      0.00000000      0.00000000      0.00000000      0.00000000      0.00000000      2.48260000
     -0.45030000      0.94740000      0.04320000      0.01100000      0.02800000      0.00000000      0.00000000      0.00000000      0.00000000      0.00000000      1.02960000
     -0.40030000      0.50040000      0.00710000      0.00860000      0.00780000      0.00000000      0.00000000      0.00000000      0.00000000      0.00000000      0.52390000
     -0.35030000      0.66900000      0.00580000      0.01250000      0.00820000      0.00000000      0.00000000      0.00000000      0.00000000      0.00000000      0.69550000
     -0.30030000      0.38880000      0.00360000      0.00980000      0.00550000      0.00000000      0.00000000      0.00000000      0.00000000      0.00000000      0.40770000
     -0.25030000      0.16640000      0.00170000      0.00550000      0.00320000      0.00000000      0.00000000      0.00000000      0.00000000      0.00000000      0.17680000
     -0.20030000      0.12220000      0.00130000      0.00490000      0.00200000      0.00000000      0.00000000      0.00000000      0.00000000      0.00000000      0.13040000
     -0.15030000      0.11170000      0.00100000      0.00570000      0.00170000      0.00000000      0.00000000      0.00000000      0.00000000      0.00000000      0.12010000
     -0.10030000      0.09630000      0.00030000      0.00680000      0.00120000      0.00000000      0.00000000      0.00000000      0.00000000      0.00000000      0.10460000
     -0.05030000      0.06440000      0.00030000      0.00470000      0.00070000      0.00000000      0.00000000      0.00000000      0.00000000      0.00000000      0.07010000
     -0.00030000      0.02030000      0.00020000      0.00090000      0.00010000      0.00000000      0.00000000      0.00000000      0.00000000      0.00000000      0.02150000
      0.04970000      0.00500000      0.00010000      0.00020000      0.00000000      0.00000000      0.00000000      0.00000000      0.00000000      0.00000000      0.00530000
      0.09970000      0.00030000      0.00000000      0.00000000      0.00000000      0.00000000      0.00000000      0.00000000      0.00000000      0.00000000      0.00030000
      0.14970000      0.00000000      0.00000000      0.00000000      0.00000000      0.00000000      0.00000000      0.00000000      0.00000000      0.00000000      0.00000000
      0.19970000      0.00000000      0.00000000      0.00000000      0.00000000      0.00000000      0.00000000      0.00000000      0.00000000      0.00000000      0.00000000
      0.24970000      0.00000000      0.00000000      0.00000000      0.00000000      0.00000000      0.00000000      0.00000000      0.00000000      0.00000000      0.00000000
      0.29970000      0.00020000      0.00000000      0.00000000      0.00000000      0.00000000      0.00000000      0.00000000      0.00000000      0.00000000      0.00020000
      0.34970000      0.00050000      0.00000000      0.00000000      0.00000000      0.00000000      0.00000000      0.00000000      0.00000000      0.00000000      0.00050000
      0.39970000      0.00000000      0.00000000      0.00000000      0.00000000      0.00000000      0.00000000      0.00000000      0.00000000      0.00000000      0.00000000
      0.44970000      0.00000000      0.00000000      0.00000000      0.00000000      0.00000000      0.00000000      0.00000000      0.00000000      0.00000000      0.00000000
      0.49970000      0.00000000      0.00000000      0.00000000      0.00000000      0.00000000      0.00000000      0.00000000      0.00000000      0.00000000      0.00000000
      0.54970000      0.00000000      0.00000000      0.00000000      0.00000000      0.00000000      0.00000000      0.00000000      0.00000000      0.00000000      0.00000000
      0.59970000      0.00000000      0.00000000      0.00000000      0.00000000      0.00000000      0.00000000      0.00000000      0.00000000      0.00000000      0.00000000
      0.64970000      0.00000000      0.00000000      0.00000000      0.00000000      0.00000000      0.00000000      0.00000000      0.00000000      0.00000000      0.00000000
      0.69970000      0.00000000      0.00000000      0.00000000      0.00000000      0.00000000      0.00000000      0.00000000      0.00000000      0.00000000      0.00000000
      0.74970000      0.00000000      0.00000000      0.00000000      0.00000000      0.00000000      0.00000000      0.00000000      0.00000000      0.00000000      0.00000000
      0.79970000      0.00000000      0.00000000      0.00000000      0.00000000      0.00000000      0.00000000      0.00000000      0.00000000      0.00000000      0.00000000
      0.84970000      0.00000000      0.00000000      0.00000000      0.00000000      0.00000000      0.00000000      0.00000000      0.00000000      0.00000000      0.00000000
      0.89970000      0.00050000      0.00000000      0.00000000      0.00000000      0.00000000      0.00000000      0.00000000      0.00000000      0.00000000      0.00050000
      0.94970000      0.00420000      0.00000000      0.00050000      0.00010000      0.00000000      0.00000000      0.00000000      0.00000000      0.00000000      0.00480000
      0.99970000      0.00560000      0.00000000      0.00100000      0.00010000      0.00000000      0.00000000      0.00000000      0.00000000      0.00000000      0.00670000
      1.04970000      0.00380000      0.00000000      0.00030000      0.00000000      0.00000000      0.00000000      0.00000000      0.00000000      0.00000000      0.00410000
      1.09970000      0.00210000      0.00000000      0.00020000      0.00000000      0.00000000      0.00000000      0.00000000      0.00000000      0.00000000      0.00230000
      1.14970000      0.00030000      0.00000000      0.00000000      0.00000000      0.00000000      0.00000000      0.00000000      0.00000000      0.00000000      0.00030000
      1.19970000      0.00000000      0.00000000      0.00000000      0.00000000      0.00000000      0.00000000      0.00000000      0.00000000      0.00000000      0.00000000
      1.24970000      0.00000000      0.00000000      0.00000000      0.00000000      0.00000000      0.00000000      0.00000000      0.00000000      0.00000000      0.00000000
      1.29970000      0.00000000      0.00000000      0.00000000      0.00000000      0.00000000      0.00000000      0.00000000      0.00000000      0.00000000      0.00000000
      1.34970000      0.00160000      0.00000000      0.00020000      0.00010000      0.00000000      0.00000000      0.00000000      0.00000000      0.00000000      0.00190000
      1.39970000      0.01390000      0.00040000      0.00310000      0.00070000      0.00000000      0.00000000      0.00000000      0.00000000      0.00000000      0.01810000
      1.44970000      0.01980000      0.00050000      0.00440000      0.00110000      0.00000000      0.00000000      0.00000000      0.00000000      0.00000000      0.02580000
      1.49970000      0.00520000      0.00000000      0.00110000      0.00020000      0.00000000      0.00000000      0.00000000      0.00000000      0.00000000      0.00650000
      1.54970000      0.00010000      0.00000000      0.00000000      0.00000000      0.00000000      0.00000000      0.00000000      0.00000000      0.00000000      0.00010000
      1.59970000      0.00020000      0.00000000      0.00000000      0.00000000      0.00000000      0.00000000      0.00000000      0.00000000      0.00000000      0.00020000
      1.64970000      0.00740000      0.00020000      0.00060000      0.00060000      0.00000000      0.00000000      0.00000000      0.00000000      0.00000000      0.00880000
      1.69970000      0.02270000      0.00060000      0.00220000      0.00180000      0.00000000      0.00000000      0.00000000      0.00000000      0.00000000      0.02730000
      1.74970000      0.01250000      0.00030000      0.00110000      0.00100000      0.00000000      0.00000000      0.00000000      0.00000000      0.00000000      0.01490000
      1.79970000      0.00120000      0.00000000      0.00010000      0.00000000      0.00000000      0.00000000      0.00000000      0.00000000      0.00000000      0.00130000
      1.84970000      0.00530000      0.00010000      0.00100000      0.00010000      0.00000000      0.00000000      0.00000000      0.00000000      0.00000000      0.00650000
      1.89970000      0.04510000      0.00150000      0.00910000      0.00150000      0.00000000      0.00000000      0.00000000      0.00000000      0.00000000      0.05720000
      1.94970000      0.06820000      0.00260000      0.01380000      0.00260000      0.00000000      0.00000000      0.00000000      0.00000000      0.00000000      0.08720000
      1.99970000      0.01890000      0.00060000      0.00370000      0.00050000      0.00000000      0.00000000      0.00000000      0.00000000      0.00000000      0.02370000
      2.04970000      0.00080000      0.00000000      0.00010000      0.00000000      0.00000000      0.00000000      0.00000000      0.00000000      0.00000000      0.00090000
      2.09970000      0.00000000      0.00000000      0.00000000      0.00000000      0.00000000      0.00000000      0.00000000      0.00000000      0.00000000      0.00000000
      2.14970000      0.00010000      0.00000000      0.00000000      0.00000000      0.00000000      0.00000000      0.00000000      0.00000000      0.00000000      0.00010000
      2.19970000      0.00580000      0.00030000      0.00080000      0.00070000      0.00000000      0.00000000      0.00000000      0.00000000      0.00000000      0.00760000
      2.24970000      0.02730000      0.00130000      0.00510000      0.00290000      0.00000000      0.00000000      0.00000000      0.00000000      0.00000000      0.03660000
      2.29970000      0.04030000      0.00210000      0.01050000      0.00410000      0.00000000      0.00000000      0.00000000      0.00000000      0.00000000      0.05700000
      2.34970000      0.03590000      0.00220000      0.01120000      0.00340000      0.00000000      0.00000000      0.00000000      0.00000000      0.00000000      0.05270000
      2.39970000      0.01850000      0.00110000      0.00590000      0.00210000      0.00000000      0.00000000      0.00000000      0.00000000      0.00000000      0.02760000
      2.44970000      0.01310000      0.00070000      0.00400000      0.00100000      0.00000000      0.00000000      0.00000000      0.00000000      0.00000000      0.01880000
      2.49970000      0.03190000      0.00210000      0.01010000      0.00210000      0.00000000      0.00000000      0.00000000      0.00000000      0.00000000      0.04620000
      2.54970000      0.01780000      0.00090000      0.00580000      0.00120000      0.00000000      0.00000000      0.00000000      0.00000000      0.00000000      0.02570000
      2.59970000      0.00190000      0.00000000      0.00040000      0.00000000      0.00000000      0.00000000      0.00000000      0.00000000      0.00000000      0.00230000
      2.64970000      0.00000000      0.00000000      0.00000000      0.00000000      0.00000000      0.00000000      0.00000000      0.00000000      0.00000000      0.00000000
      2.69970000      0.00000000      0.00000000      0.00000000      0.00000000      0.00000000      0.00000000      0.00000000      0.00000000      0.00000000      0.00000000
      2.74970000      0.00750000      0.00250000      0.00020000      0.00010000      0.00000000      0.00000000      0.00000000      0.00000000      0.00000000      0.01030000
      2.79970000      0.11070000      0.03780000      0.00380000      0.00170000      0.00000000      0.00000000      0.00000000      0.00000000      0.00000000      0.15400000
      2.84970000      0.28330000      0.09690000      0.00990000      0.00460000      0.00000000      0.00000000      0.00000000      0.00000000      0.00000000      0.39470000
      2.89970000      0.13300000      0.04550000      0.00460000      0.00220000      0.00000000      0.00000000      0.00000000      0.00000000      0.00000000      0.18530000
      2.94970000      0.01100000      0.00370000      0.00030000      0.00010000      0.00000000      0.00000000      0.00000000      0.00000000      0.00000000      0.01510000
      2.99970000      0.00000000      0.00000000      0.00000000      0.00000000      0.00000000      0.00000000      0.00000000      0.00000000      0.00000000      0.00000000
      3.04970000      0.00000000      0.00000000      0.00000000      0.00000000      0.00000000      0.00000000      0.00000000      0.00000000      0.00000000      0.00000000
      3.09970000      0.00000000      0.00000000      0.00000000      0.00000000      0.00000000      0.00000000      0.00000000      0.00000000      0.00000000      0.00000000
      3.14970000      0.00000000      0.00000000      0.00000000      0.00000000      0.00000000      0.00000000      0.00000000      0.00000000      0.00000000      0.00000000
      3.19970000      0.00000000      0.00000000      0.00000000      0.00000000      0.00000000      0.00000000      0.00000000      0.00000000      0.00000000      0.00000000
      3.24970000      0.00020000      0.00010000      0.00000000      0.00000000      0.00000000      0.00000000      0.00000000      0.00000000      0.00000000      0.00030000
      3.29970000      0.01300000      0.00290000      0.00140000      0.00000000      0.00000000      0.00000000      0.00000000      0.00000000      0.00000000      0.01730000
      3.34970000      0.10120000      0.02300000      0.01260000      0.00060000      0.00000000      0.00000000      0.00000000      0.00000000      0.00000000      0.13740000
      3.39970000      0.14140000      0.03200000      0.01770000      0.00100000      0.00000000      0.00000000      0.00000000      0.00000000      0.00000000      0.19210000
      3.44970000      0.03600000      0.00810000      0.00430000      0.00010000      0.00000000      0.00000000      0.00000000      0.00000000      0.00000000      0.04850000
      3.49970000      0.00150000      0.00030000      0.00010000      0.00000000      0.00000000      0.00000000      0.00000000      0.00000000      0.00000000      0.00190000
      3.54970000      0.00000000      0.00000000      0.00000000      0.00000000      0.00000000      0.00000000      0.00000000      0.00000000      0.00000000      0.00000000
      3.59970000      0.00020000      0.00000000      0.00010000      0.00000000      0.00000000      0.00000000      0.00000000      0.00000000      0.00000000      0.00030000
      3.64970000      0.00090000      0.00010000      0.00090000      0.00030000      0.00000000      0.00000000      0.00000000      0.00000000      0.00000000      0.00220000
      3.69970000      0.00160000      0.00000000      0.00150000      0.00070000      0.00000000      0.00000000      0.00000000      0.00000000      0.00000000      0.00380000
      3.74970000      0.00110000      0.00000000      0.00110000      0.00040000      0.00000000      0.00000000      0.00000000      0.00000000      0.00000000      0.00260000
      3.79970000      0.00010000      0.00000000      0.00020000      0.00010000      0.00000000      0.00000000      0.00000000      0.00000000      0.00000000      0.00040000
      3.84970000      0.00000000      0.00000000      0.00000000      0.00000000      0.00000000      0.00000000      0.00000000      0.00000000      0.00000000      0.00000000
      3.89970000      0.00000000      0.00000000      0.00000000      0.00000000      0.00000000      0.00000000      0.00000000      0.00000000      0.00000000      0.00000000
      3.94970000      0.00010000      0.00010000      0.00010000      0.00000000      0.00000000      0.00000000      0.00000000      0.00000000      0.00000000      0.00030000
      3.99970000      0.00220000      0.00070000      0.00130000      0.00050000      0.00000000      0.00000000      0.00000000      0.00000000      0.00000000      0.00470000
      4.04970000      0.00510000      0.00120000      0.00260000      0.00130000      0.00000000      0.00000000      0.00000000      0.00000000      0.00000000      0.01020000
      4.09970000      0.00340000      0.00050000      0.00160000      0.00090000      0.00000000      0.00000000      0.00000000      0.00000000      0.00000000      0.00640000
      4.14970000      0.00680000      0.00040000      0.00260000      0.00030000      0.00000000      0.00000000      0.00000000      0.00000000      0.00000000      0.01010000
      4.19970000      0.00950000      0.00070000      0.00310000      0.00030000      0.00000000      0.00000000      0.00000000      0.00000000      0.00000000      0.01360000
      4.24970000      0.00280000      0.00020000      0.00100000      0.00000000      0.00000000      0.00000000      0.00000000      0.00000000      0.00000000      0.00400000
      4.29970000      0.00180000      0.00010000      0.00070000      0.00010000      0.00000000      0.00000000      0.00000000      0.00000000      0.00000000      0.00270000
      4.34970000      0.00510000      0.00080000      0.00280000      0.00070000      0.00000000      0.00000000      0.00000000      0.00000000      0.00000000      0.00940000
      4.39970000      0.00510000      0.00080000      0.00210000      0.00060000      0.00000000      0.00000000      0.00000000      0.00000000      0.00000000      0.00860000
      4.44970000      0.00200000      0.00010000      0.00110000      0.00030000      0.00000000      0.00000000      0.00000000      0.00000000      0.00000000      0.00350000
      4.49970000      0.00050000      0.00000000      0.00010000      0.00000000      0.00000000      0.00000000      0.00000000      0.00000000      0.00000000      0.00060000
      4.54970000      0.00000000      0.00000000      0.00000000      0.00000000      0.00000000      0.00000000      0.00000000      0.00000000      0.00000000      0.00000000
      4.59970000      0.00000000      0.00000000      0.00000000      0.00000000      0.00000000      0.00000000      0.00000000      0.00000000      0.00000000      0.00000000
      4.64970000      0.00130000      0.00000000      0.00030000      0.00000000      0.00000000      0.00000000      0.00000000      0.00000000      0.00000000      0.00160000
      4.69970000      0.00490000      0.00050000      0.00120000      0.00030000      0.00000000      0.00000000      0.00000000      0.00000000      0.00000000      0.00690000
      4.74970000      0.00300000      0.00020000      0.00060000      0.00000000      0.00000000      0.00000000      0.00000000      0.00000000      0.00000000      0.00380000
      4.79970000      0.00050000      0.00010000      0.00000000      0.00000000      0.00000000      0.00000000      0.00000000      0.00000000      0.00000000      0.00060000
      4.84970000      0.00170000      0.00020000      0.00070000      0.00030000      0.00000000      0.00000000      0.00000000      0.00000000      0.00000000      0.00290000
      4.89970000      0.00480000      0.00060000      0.00210000      0.00060000      0.00000000      0.00000000      0.00000000      0.00000000      0.00000000      0.00810000
      4.94970000      0.00630000      0.00080000      0.00300000      0.00100000      0.00000000      0.00000000      0.00000000      0.00000000      0.00000000      0.01110000
      4.99970000      0.00690000      0.00090000      0.00280000      0.00100000      0.00000000      0.00000000      0.00000000      0.00000000      0.00000000      0.01160000
      5.04970000      0.00550000      0.00030000      0.00250000      0.00080000      0.00000000      0.00000000      0.00000000      0.00000000      0.00000000      0.00910000
      5.09970000      0.00150000      0.00010000      0.00050000      0.00000000      0.00000000      0.00000000      0.00000000      0.00000000      0.00000000      0.00210000
      5.14970000      0.00160000      0.00010000      0.00060000      0.00010000      0.00000000      0.00000000      0.00000000      0.00000000      0.00000000      0.00240000
      5.19970000      0.00140000      0.00010000      0.00060000      0.00010000      0.00000000      0.00000000      0.00000000      0.00000000      0.00000000      0.00220000
      5.24970000      0.00000000      0.00000000      0.00000000      0.00000000      0.00000000      0.00000000      0.00000000      0.00000000      0.00000000      0.00000000
      5.29970000      0.00000000      0.00000000      0.00000000      0.00000000      0.00000000      0.00000000      0.00000000      0.00000000      0.00000000      0.00000000
      5.34970000      0.00000000      0.00000000      0.00000000      0.00000000      0.00000000      0.00000000      0.00000000      0.00000000      0.00000000      0.00000000
      5.39970000      0.00000000      0.00000000      0.00000000      0.00000000      0.00000000      0.00000000      0.00000000      0.00000000      0.00000000      0.00000000
      5.44970000      0.00000000      0.00000000      0.00000000      0.00000000      0.00000000      0.00000000      0.00000000      0.00000000      0.00000000      0.00000000
      5.49970000      0.00000000      0.00000000      0.00000000      0.00000000      0.00000000      0.00000000      0.00000000      0.00000000      0.00000000      0.00000000
      5.54970000      0.00000000      0.00000000      0.00000000      0.00000000      0.00000000      0.00000000      0.00000000      0.00000000      0.00000000      0.00000000
      5.59970000      0.00140000      0.00010000      0.00180000      0.00040000      0.00000000      0.00000000      0.00000000      0.00000000      0.00000000      0.00370000
      5.64970000      0.00410000      0.00080000      0.00460000      0.00160000      0.00000000      0.00000000      0.00000000      0.00000000      0.00000000      0.01110000
      5.69970000      0.00150000      0.00010000      0.00210000      0.00040000      0.00000000      0.00000000      0.00000000      0.00000000      0.00000000      0.00410000
      5.74970000      0.00000000      0.00000000      0.00000000      0.00000000      0.00000000      0.00000000      0.00000000      0.00000000      0.00000000      0.00000000
      5.79970000      0.00000000      0.00000000      0.00000000      0.00000000      0.00000000      0.00000000      0.00000000      0.00000000      0.00000000      0.00000000
      5.84970000      0.00000000      0.00000000      0.00000000      0.00000000      0.00000000      0.00000000      0.00000000      0.00000000      0.00000000      0.00000000
      5.89970000      0.00010000      0.00000000      0.00000000      0.00000000      0.00000000      0.00000000      0.00000000      0.00000000      0.00000000      0.00010000
      5.94970000      0.00040000      0.00000000      0.00150000      0.00030000      0.00000000      0.00000000      0.00000000      0.00000000      0.00000000      0.00220000
      5.99970000      0.00310000      0.00140000      0.00590000      0.00210000      0.00000000      0.00000000      0.00000000      0.00000000      0.00000000      0.01250000
      6.04970000      0.02330000      0.01070000      0.03990000      0.01500000      0.00000000      0.00000000      0.00000000      0.00000000      0.00000000      0.08890000
      6.09970000      0.03940000      0.01750000      0.06700000      0.02610000      0.00000000      0.00000000      0.00000000      0.00000000      0.00000000      0.15000000
      6.14970000      0.01630000      0.00680000      0.02610000      0.01030000      0.00000000      0.00000000      0.00000000      0.00000000      0.00000000      0.05950000
      6.19970000      0.00220000      0.00100000      0.00290000      0.00190000      0.00000000      0.00000000      0.00000000      0.00000000      0.00000000      0.00800000
      6.24970000      0.00550000      0.00470000      0.00740000      0.00830000      0.00000000      0.00000000      0.00000000      0.00000000      0.00000000      0.02590000
      6.29970000      0.01930000      0.01150000      0.02490000      0.01860000      0.00000000      0.00000000      0.00000000      0.00000000      0.00000000      0.07430000
      6.34970000      0.03490000      0.01450000      0.04160000      0.02270000      0.00000000      0.00000000      0.00000000      0.00000000      0.00000000      0.11370000
      6.39970000      0.02940000      0.01260000      0.03600000      0.02090000      0.00000000      0.00000000      0.00000000      0.00000000      0.00000000      0.09890000
      6.44970000      0.03280000      0.01410000      0.03780000      0.02130000      0.00000000      0.00000000      0.00000000      0.00000000      0.00000000      0.10600000
      6.49970000      0.03690000      0.01950000      0.04340000      0.03560000      0.00000000      0.00000000      0.00000000      0.00000000      0.00000000      0.13540000
      6.54970000      0.05230000      0.03690000      0.06540000      0.08190000      0.00000000      0.00000000      0.00000000      0.00000000      0.00000000      0.23650000
      6.59970000      0.02960000      0.02180000      0.03730000      0.05130000      0.00000000      0.00000000      0.00000000      0.00000000      0.00000000      0.14000000
      6.64970000      0.00430000      0.00300000      0.00540000      0.00720000      0.00000000      0.00000000      0.00000000      0.00000000      0.00000000      0.01990000
      6.69970000      0.00890000      0.01080000      0.01520000      0.01600000      0.00000000      0.00000000      0.00000000      0.00000000      0.00000000      0.05090000
      6.74970000      0.02190000      0.02620000      0.03690000      0.03900000      0.00000000      0.00000000      0.00000000      0.00000000      0.00000000      0.12400000
      6.79970000      0.01120000      0.01310000      0.01950000      0.01930000      0.00000000      0.00000000      0.00000000      0.00000000      0.00000000      0.06310000
      6.84970000      0.01060000      0.01430000      0.02980000      0.01520000      0.00000000      0.00000000      0.00000000      0.00000000      0.00000000      0.06990000
      6.89970000      0.02620000      0.03630000      0.08320000      0.03770000      0.00000000      0.00000000      0.00000000      0.00000000      0.00000000      0.18340000
      6.94970000      0.04390000      0.04000000      0.09390000      0.05360000      0.00000000      0.00000000      0.00000000      0.00000000      0.00000000      0.23140000
      6.99970000      0.03670000      0.02560000      0.05190000      0.03750000      0.00000000      0.00000000      0.00000000      0.00000000      0.00000000      0.15170000
      7.04970000      0.03000000      0.01700000      0.02650000      0.03170000      0.00000000      0.00000000      0.00000000      0.00000000      0.00000000      0.10520000
      7.09970000      0.03360000      0.01850000      0.02600000      0.03310000      0.00000000      0.00000000      0.00000000      0.00000000      0.00000000      0.11120000
      7.14970000      0.02790000      0.01720000      0.02210000      0.02310000      0.00000000      0.00000000      0.00000000      0.00000000      0.00000000      0.09030000
      7.19970000      0.00710000      0.00420000      0.00580000      0.00520000      0.00000000      0.00000000      0.00000000      0.00000000      0.00000000      0.02230000
      7.24970000      0.00030000      0.00000000      0.00010000      0.00020000      0.00000000      0.00000000      0.00000000      0.00000000      0.00000000      0.00060000
      7.29970000      0.00000000      0.00000000      0.00000000      0.00000000      0.00000000      0.00000000      0.00000000      0.00000000      0.00000000      0.00000000
      7.34970000      0.00000000      0.00000000      0.00000000      0.00000000      0.00000000      0.00000000      0.00000000      0.00000000      0.00000000      0.00000000
      7.39970000      0.00000000      0.00000000      0.00000000      0.00000000      0.00000000      0.00000000      0.00000000      0.00000000      0.00000000      0.00000000
      7.44970000      0.00000000      0.00000000      0.00000000      0.00000000      0.00000000      0.00000000      0.00000000      0.00000000      0.00000000      0.00000000
      7.49970000      0.00000000      0.00000000      0.00000000      0.00000000      0.00000000      0.00000000      0.00000000      0.00000000      0.00000000      0.00000000
      7.54970000      0.00000000      0.00000000      0.00000000      0.00000000      0.00000000      0.00000000      0.00000000      0.00000000      0.00000000      0.00000000
      7.59970000      0.00000000      0.00000000      0.00000000      0.00000000      0.00000000      0.00000000      0.00000000      0.00000000      0.00000000      0.00000000
      7.64970000      0.00000000      0.00000000      0.00000000      0.00000000      0.00000000      0.00000000      0.00000000      0.00000000      0.00000000      0.00000000
      7.69970000      0.00000000      0.00000000      0.00000000      0.00000000      0.00000000      0.00000000      0.00000000      0.00000000      0.00000000      0.00000000
      7.74970000      0.00000000      0.00000000      0.00000000      0.00000000      0.00000000      0.00000000      0.00000000      0.00000000      0.00000000      0.00000000
      7.79970000      0.00000000      0.00000000      0.00000000      0.00000000      0.00000000      0.00000000      0.00000000      0.00000000      0.00000000      0.00000000
      7.84970000      0.00000000      0.00000000      0.00000000      0.00000000      0.00000000      0.00000000      0.00000000      0.00000000      0.00000000      0.00000000
      7.89970000      0.00000000      0.00000000      0.00000000      0.00000000      0.00000000      0.00000000      0.00000000      0.00000000      0.00000000      0.00000000
      7.94970000      0.00000000      0.00000000      0.00000000      0.00000000      0.00000000      0.00000000      0.00000000      0.00000000      0.00000000      0.00000000
      7.99970000      0.00000000      0.00000000      0.00000000      0.00000000      0.00000000      0.00000000      0.00000000      0.00000000      0.00000000      0.00000000
      8.04970000      0.00000000      0.00000000      0.00000000      0.00000000      0.00000000      0.00000000      0.00000000      0.00000000      0.00000000      0.00000000
      8.09970000      0.00000000      0.00000000      0.00000000      0.00000000      0.00000000      0.00000000      0.00000000      0.00000000      0.00000000      0.00000000
      8.14970000      0.00000000      0.00000000      0.00000000      0.00000000      0.00000000      0.00000000      0.00000000      0.00000000      0.00000000      0.00000000
      8.19970000      0.00000000      0.00000000      0.00000000      0.00000000      0.00000000      0.00000000      0.00000000      0.00000000      0.00000000      0.00000000
      8.24970000      0.00000000      0.00000000      0.00000000      0.00000000      0.00000000      0.00000000      0.00000000      0.00000000      0.00000000      0.00000000
      8.29970000      0.00000000      0.00000000      0.00000000      0.00000000      0.00000000      0.00000000      0.00000000      0.00000000      0.00000000      0.00000000
      8.34970000      0.00000000      0.00000000      0.00000000      0.00000000      0.00000000      0.00000000      0.00000000      0.00000000      0.00000000      0.00000000
      8.39970000      0.00000000      0.00000000      0.00000000      0.00000000      0.00000000      0.00000000      0.00000000      0.00000000      0.00000000      0.00000000
      8.44970000      0.00000000      0.00000000      0.00000000      0.00000000      0.00000000      0.00000000      0.00000000      0.00000000      0.00000000      0.00000000
      8.49970000      0.00000000      0.00000000      0.00000000      0.00000000      0.00000000      0.00000000      0.00000000      0.00000000      0.00000000      0.00000000
      8.54970000      0.00000000      0.00000000      0.00000000      0.00000000      0.00000000      0.00000000      0.00000000      0.00000000      0.00000000      0.00000000
      8.59970000      0.00000000      0.00000000      0.00000000      0.00000000      0.00000000      0.00000000      0.00000000      0.00000000      0.00000000      0.00000000
      8.64970000      0.00000000      0.00000000      0.00000000      0.00000000      0.00000000      0.00000000      0.00000000      0.00000000      0.00000000      0.00000000
      8.69970000      0.00000000      0.00000000      0.00000000      0.00000000      0.00000000      0.00000000      0.00000000      0.00000000      0.00000000      0.00000000
      8.74970000      0.00000000      0.00000000      0.00000000      0.00000000      0.00000000      0.00000000      0.00000000      0.00000000      0.00000000      0.00000000
      8.79970000      0.00000000      0.00000000      0.00000000      0.00000000      0.00000000      0.00000000      0.00000000      0.00000000      0.00000000      0.00000000
      8.84970000      0.00000000      0.00000000      0.00000000      0.00000000      0.00000000      0.00000000      0.00000000      0.00000000      0.00000000      0.00000000
      8.89970000      0.00000000      0.00000000      0.00000000      0.00000000      0.00000000      0.00000000      0.00000000      0.00000000      0.00000000      0.00000000
      8.94970000      0.00000000      0.00000000      0.00000000      0.00000000      0.00000000      0.00000000      0.00000000      0.00000000      0.00000000      0.00000000
      8.99970000      0.00000000      0.00000000      0.00000000      0.00000000      0.00000000      0.00000000      0.00000000      0.00000000      0.00000000      0.00000000
      9.04970000      0.00000000      0.00000000      0.00000000      0.00000000      0.00000000      0.00000000      0.00000000      0.00000000      0.00000000      0.00000000
      9.09970000      0.00000000      0.00000000      0.00000000      0.00000000      0.00000000      0.00000000      0.00000000      0.00000000      0.00000000      0.00000000
      9.14970000      0.00000000      0.00000000      0.00000000      0.00000000      0.00000000      0.00000000      0.00000000      0.00000000      0.00000000      0.00000000
      9.19970000      0.00000000      0.00000000      0.00000000      0.00000000      0.00000000      0.00000000      0.00000000      0.00000000      0.00000000      0.00000000
      9.24970000      0.00000000      0.00000000      0.00000000      0.00000000      0.00000000      0.00000000      0.00000000      0.00000000      0.00000000      0.00000000
      9.29970000      0.00000000      0.00000000      0.00000000      0.00000000      0.00000000      0.00000000      0.00000000      0.00000000      0.00000000      0.00000000
      9.34970000      0.00000000      0.00000000      0.00000000      0.00000000      0.00000000      0.00000000      0.00000000      0.00000000      0.00000000      0.00000000
      9.39970000      0.00000000      0.00000000      0.00000000      0.00000000      0.00000000      0.00000000      0.00000000      0.00000000      0.00000000      0.00000000
      9.44970000      0.00000000      0.00000000      0.00000000      0.00000000      0.00000000      0.00000000      0.00000000      0.00000000      0.00000000      0.00000000
      9.49970000      0.00000000      0.00000000      0.00000000      0.00000000      0.00000000      0.00000000      0.00000000      0.00000000      0.00000000      0.00000000
      9.54970000      0.00000000      0.00000000      0.00000000      0.00000000      0.00000000      0.00000000      0.00000000      0.00000000      0.00000000      0.00000000
      9.59970000      0.00000000      0.00000000      0.00000000      0.00000000      0.00000000      0.00000000      0.00000000      0.00000000      0.00000000      0.00000000
      9.64970000      0.00000000      0.00000000      0.00000000      0.00000000      0.00000000      0.00000000      0.00000000      0.00000000      0.00000000      0.00000000
      9.69970000      0.00000000      0.00000000      0.00000000      0.00000000      0.00000000      0.00000000      0.00000000      0.00000000      0.00000000      0.00000000
      9.74970000      0.00000000      0.00000000      0.00000000      0.00000000      0.00000000      0.00000000      0.00000000      0.00000000      0.00000000      0.00000000
      9.79970000      0.00000000      0.00000000      0.00000000      0.00000000      0.00000000      0.00000000      0.00000000      0.00000000      0.00000000      0.00000000
      9.84970000      0.00000000      0.00000000      0.00000000      0.00000000      0.00000000      0.00000000      0.00000000      0.00000000      0.00000000      0.00000000
      9.89970000      0.00000000      0.00000000      0.00000000      0.00000000      0.00000000      0.00000000      0.00000000      0.00000000      0.00000000      0.00000000
      9.94970000      0.00000000      0.00000000      0.00000000      0.00000000      0.00000000      0.00000000      0.00000000      0.00000000      0.00000000      0.00000000
      9.99970000      0.00000000      0.00000000      0.00000000      0.00000000      0.00000000      0.00000000      0.00000000      0.00000000      0.00000000      0.00000000
     10.04970000      0.00000000      0.00000000      0.00000000      0.00000000      0.00000000      0.00000000      0.00000000      0.00000000      0.00000000      0.00000000
     10.09970000      0.00000000      0.00000000      0.00000000      0.00000000      0.00000000      0.00000000      0.00000000      0.00000000      0.00000000      0.00000000
     10.14970000      0.00000000      0.00000000      0.00000000      0.00000000      0.00000000      0.00000000      0.00000000      0.00000000      0.00000000      0.00000000
     10.19970000      0.00000000      0.00000000      0.00000000      0.00000000      0.00000000      0.00000000      0.00000000      0.00000000      0.00000000      0.00000000
     10.24970000      0.00000000      0.00000000      0.00000000      0.00000000      0.00000000      0.00000000      0.00000000      0.00000000      0.00000000      0.00000000
     10.29970000      0.00000000      0.00000000      0.00000000      0.00000000      0.00000000      0.00000000      0.00000000      0.00000000      0.00000000      0.00000000
     10.34970000      0.00000000      0.00000000      0.00000000      0.00000000      0.00000000      0.00000000      0.00000000      0.00000000      0.00000000      0.00000000
     10.39970000      0.00000000      0.00000000      0.00000000      0.00000000      0.00000000      0.00000000      0.00000000      0.00000000      0.00000000      0.00000000
     10.44970000      0.00000000      0.00000000      0.00000000      0.00000000      0.00000000      0.00000000      0.00000000      0.00000000      0.00000000      0.00000000
     10.49970000      0.00000000      0.00000000      0.00000000      0.00000000      0.00000000      0.00000000      0.00000000      0.00000000      0.00000000      0.00000000
     10.54970000      0.00000000      0.00000000      0.00000000      0.00000000      0.00000000      0.00000000      0.00000000      0.00000000      0.00000000      0.00000000
     10.59970000      0.00000000      0.00000000      0.00000000      0.00000000      0.00000000      0.00000000      0.00000000      0.00000000      0.00000000      0.00000000
     10.64970000      0.00000000      0.00000000      0.00000000      0.00000000      0.00000000      0.00000000      0.00000000      0.00000000      0.00000000      0.00000000
     10.69970000      0.00000000      0.00000000      0.00000000      0.00000000      0.00000000      0.00000000      0.00000000      0.00000000      0.00000000      0.00000000
     10.74970000      0.00000000      0.00000000      0.00000000      0.00000000      0.00000000      0.00000000      0.00000000      0.00000000      0.00000000      0.00000000
     10.79970000      0.00000000      0.00000000      0.00000000      0.00000000      0.00000000      0.00000000      0.00000000      0.00000000      0.00000000      0.00000000
     10.84970000      0.00000000      0.00000000      0.00000000      0.00000000      0.00000000      0.00000000      0.00000000      0.00000000      0.00000000      0.00000000
     10.89970000      0.00000000      0.00000000      0.00000000      0.00000000      0.00000000      0.00000000      0.00000000      0.00000000      0.00000000      0.00000000
     10.94970000      0.00000000      0.00000000      0.00000000      0.00000000      0.00000000      0.00000000      0.00000000      0.00000000      0.00000000      0.00000000
     10.99970000      0.00000000      0.00000000      0.00000000      0.00000000      0.00000000      0.00000000      0.00000000      0.00000000      0.00000000      0.00000000
     11.04970000      0.00000000      0.00000000      0.00000000      0.00000000      0.00000000      0.00000000      0.00000000      0.00000000      0.00000000      0.00000000
     11.09970000      0.00000000      0.00000000      0.00000000      0.00000000      0.00000000      0.00000000      0.00000000      0.00000000      0.00000000      0.00000000
     11.14970000      0.00000000      0.00000000      0.00000000      0.00000000      0.00000000      0.00000000      0.00000000      0.00000000      0.00000000      0.00000000
     11.19970000      0.00000000      0.00000000      0.00000000      0.00000000      0.00000000      0.00000000      0.00000000      0.00000000      0.00000000      0.00000000
     11.24970000      0.00000000      0.00000000      0.00000000      0.00000000      0.00000000      0.00000000      0.00000000      0.00000000      0.00000000      0.00000000
     11.29970000      0.00000000      0.00000000      0.00000000      0.00000000      0.00000000      0.00000000      0.00000000      0.00000000      0.00000000      0.00000000
     11.34970000      0.00000000      0.00000000      0.00000000      0.00000000      0.00000000      0.00000000      0.00000000      0.00000000      0.00000000      0.00000000
     11.39970000      0.00000000      0.00000000      0.00000000      0.00000000      0.00000000      0.00000000      0.00000000      0.00000000      0.00000000      0.00000000
     11.44970000      0.00000000      0.00000000      0.00000000      0.00000000      0.00000000      0.00000000      0.00000000      0.00000000      0.00000000      0.00000000
     11.49970000      0.00000000      0.00000000      0.00000000      0.00000000      0.00000000      0.00000000      0.00000000      0.00000000      0.00000000      0.00000000
     11.54970000      0.00000000      0.00000000      0.00000000      0.00000000      0.00000000      0.00000000      0.00000000      0.00000000      0.00000000      0.00000000
     11.59970000      0.00000000      0.00000000      0.00000000      0.00000000      0.00000000      0.00000000      0.00000000      0.00000000      0.00000000      0.00000000
     11.64970000      0.00000000      0.00000000      0.00000000      0.00000000      0.00000000      0.00000000      0.00000000      0.00000000      0.00000000      0.00000000
     11.69970000      0.00000000      0.00000000      0.00000000      0.00000000      0.00000000      0.00000000      0.00000000      0.00000000      0.00000000      0.00000000
     11.74970000      0.00000000      0.00000000      0.00000000      0.00000000      0.00000000      0.00000000      0.00000000      0.00000000      0.00000000      0.00000000
     11.79970000      0.00000000      0.00000000      0.00000000      0.00000000      0.00000000      0.00000000      0.00000000      0.00000000      0.00000000      0.00000000
     11.84970000      0.00000000      0.00000000      0.00000000      0.00000000      0.00000000      0.00000000      0.00000000      0.00000000      0.00000000      0.00000000
     11.89970000      0.00000000      0.00000000      0.00000000      0.00000000      0.00000000      0.00000000      0.00000000      0.00000000      0.00000000      0.00000000
     11.94970000      0.00000000      0.00000000      0.00000000      0.00000000      0.00000000      0.00000000      0.00000000      0.00000000      0.00000000      0.00000000
     11.99970000      0.00000000      0.00000000      0.00000000      0.00000000      0.00000000      0.00000000      0.00000000      0.00000000      0.00000000      0.00000000
     12.04970000      0.00000000      0.00000000      0.00000000      0.00000000      0.00000000      0.00000000      0.00000000      0.00000000      0.00000000      0.00000000
     12.09970000      0.00000000      0.00000000      0.00000000      0.00000000      0.00000000      0.00000000      0.00000000      0.00000000      0.00000000      0.00000000
     12.14970000      0.00000000      0.00000000      0.00000000      0.00000000      0.00000000      0.00000000      0.00000000      0.00000000      0.00000000      0.00000000
     12.19970000      0.00000000      0.00000000      0.00000000      0.00000000      0.00000000      0.00000000      0.00000000      0.00000000      0.00000000      0.00000000
     12.24970000      0.00000000      0.00000000      0.00000000      0.00000000      0.00000000      0.00000000      0.00000000      0.00000000      0.00000000      0.00000000
     12.29970000      0.00000000      0.00000000      0.00000000      0.00000000      0.00000000      0.00000000      0.00000000      0.00000000      0.00000000      0.00000000
     12.34970000      0.00000000      0.00000000      0.00000000      0.00000000      0.00000000      0.00000000      0.00000000      0.00000000      0.00000000      0.00000000
     12.39970000      0.00000000      0.00000000      0.00000000      0.00000000      0.00000000      0.00000000      0.00000000      0.00000000      0.00000000      0.00000000
     12.44970000      0.00000000      0.00000000      0.00000000      0.00000000      0.00000000      0.00000000      0.00000000      0.00000000      0.00000000      0.00000000
     12.49970000      0.00000000      0.00000000      0.00000000      0.00000000      0.00000000      0.00000000      0.00000000      0.00000000      0.00000000      0.00000000
     12.54970000      0.00000000      0.00000000      0.00000000      0.00000000      0.00000000      0.00000000      0.00000000      0.00000000      0.00000000      0.00000000
     12.59970000      0.00000000      0.00000000      0.00000000      0.00000000      0.00000000      0.00000000      0.00000000      0.00000000      0.00000000      0.00000000
     12.64970000      0.00000000      0.00000000      0.00000000      0.00000000      0.00000000      0.00000000      0.00000000      0.00000000      0.00000000      0.00000000
     12.69970000      0.00000000      0.00000000      0.00000000      0.00000000      0.00000000      0.00000000      0.00000000      0.00000000      0.00000000      0.00000000
     12.74970000      0.00000000      0.00000000      0.00000000      0.00000000      0.00000000      0.00000000      0.00000000      0.00000000      0.00000000      0.00000000
     12.79970000      0.00000000      0.00000000      0.00000000      0.00000000      0.00000000      0.00000000      0.00000000      0.00000000      0.00000000      0.00000000
     12.84970000      0.00000000      0.00000000      0.00000000      0.00000000      0.00000000      0.00000000      0.00000000      0.00000000      0.00000000      0.00000000
