      Energy(eV)          s               py              pz              px              dxy             dyz             dz2             dxz            dx2-y2            tot 
     -7.05030000      0.37220000      1.65600000      0.34830000      1.66070000      0.00000000      0.00000000      0.00000000      0.00000000      0.00000000      4.03720000
     -7.00030000      1.89430000      8.40620000      1.85920000      8.43750000      0.00000000      0.00000000      0.00000000      0.00000000      0.00000000     20.59720000
     -6.95030000      2.18570000      9.67010000      2.33420000      9.71960000      0.00000000      0.00000000      0.00000000      0.00000000      0.00000000     23.90960000
     -6.90030000      0.73670000      3.14810000      1.75560000      3.16770000      0.00000000      0.00000000      0.00000000      0.00000000      0.00000000      8.80810000
     -6.85030000      0.94710000      3.22350000      4.57350000      3.25350000      0.00000000      0.00000000      0.00000000      0.00000000      0.00000000     11.99760000
     -6.80030000      2.38690000      6.97990000      6.10560000      7.03930000      0.00000000      0.00000000      0.00000000      0.00000000      0.00000000     22.51170000
     -6.75030000      1.92460000      5.28690000      2.97910000      5.30980000      0.00000000      0.00000000      0.00000000      0.00000000      0.00000000     15.50040000
     -6.70030000      0.33300000      0.89440000      0.39560000      0.89610000      0.00000000      0.00000000      0.00000000      0.00000000      0.00000000      2.51910000
     -6.65030000      0.03280000      0.06600000      0.11870000      0.06620000      0.00000000      0.00000000      0.00000000      0.00000000      0.00000000      0.28370000
     -6.60030000      0.37450000      0.64550000      1.83110000      0.65000000      0.00000000      0.00000000      0.00000000      0.00000000      0.00000000      3.50110000
     -6.55030000      1.26880000      2.18520000      6.21010000      2.21350000      0.00000000      0.00000000      0.00000000      0.00000000      0.00000000     11.87760000
     -6.50030000      0.93420000      1.60770000      4.57680000      1.63810000      0.00000000      0.00000000      0.00000000      0.00000000      0.00000000      8.75680000
     -6.45030000      0.14620000      0.25140000      0.71650000      0.25750000      0.00000000      0.00000000      0.00000000      0.00000000      0.00000000      1.37160000
     -6.40030000      0.00810000      0.01440000      0.03720000      0.01460000      0.00000000      0.00000000      0.00000000      0.00000000      0.00000000      0.07430000
     -6.35030000      0.14420000      0.23720000      0.56120000      0.23800000      0.00000000      0.00000000      0.00000000      0.00000000      0.00000000      1.18060000
     -6.30030000      1.16700000      1.87230000      4.31410000      1.87800000      0.00000000      0.00000000      0.00000000      0.00000000      0.00000000      9.23140000
     -6.25030000      3.79460000      5.93980000     12.88580000      5.94530000      0.00000000      0.00000000      0.00000000      0.00000000      0.00000000     28.56550000
     -6.20030000      4.36070000      6.89010000     14.06150000      6.88320000      0.00000000      0.00000000      0.00000000      0.00000000      0.00000000     32.19550000
     -6.15030000      1.33870000      2.27130000      3.92490000      2.25600000      0.00000000      0.00000000      0.00000000      0.00000000      0.00000000      9.79090000
     -6.10030000      1.30910000      3.13380000      1.45160000      3.01980000      0.00000000      0.00000000      0.00000000      0.00000000      0.00000000      8.91430000
     -6.05030000      2.63660000      6.50600000      2.44880000      6.26390000      0.00000000      0.00000000      0.00000000      0.00000000      0.00000000     17.85530000
     -6.00030000      1.87210000      4.88020000      1.87420000      4.59530000      0.00000000      0.00000000      0.00000000      0.00000000      0.00000000     13.22180000
     -5.95030000      0.78600000      2.13510000      0.90710000      2.11770000      0.00000000      0.00000000      0.00000000      0.00000000      0.00000000      5.94590000
     -5.90030000      0.36350000      0.86670000      0.45630000      2.00810000      0.00000000      0.00000000      0.00000000      0.00000000      0.00000000      3.69460000
     -5.85030000      0.38070000      0.86050000      0.48580000      2.46280000      0.00000000      0.00000000      0.00000000      0.00000000      0.00000000      4.18980000
     -5.80030000      0.09520000      0.21490000      0.12150000      0.61830000      0.00000000      0.00000000      0.00000000      0.00000000      0.00000000      1.04990000
     -5.75030000      0.00380000      0.00930000      0.00490000      0.02670000      0.00000000      0.00000000      0.00000000      0.00000000      0.00000000      0.04470000
     -5.70030000      0.00000000      0.00000000      0.00000000      0.00020000      0.00000000      0.00000000      0.00000000      0.00000000      0.00000000      0.00020000
     -5.65030000      0.00000000      0.00000000      0.00000000      0.00000000      0.00000000      0.00000000      0.00000000      0.00000000      0.00000000      0.00000000
     -5.60030000      0.00000000      0.00000000      0.00000000      0.00000000      0.00000000      0.00000000      0.00000000      0.00000000      0.00000000      0.00000000
     -5.55030000      0.00000000      0.00000000      0.00000000      0.00000000      0.00000000      0.00000000      0.00000000      0.00000000      0.00000000      0.00000000
     -5.50030000      0.00000000      0.00000000      0.00000000      0.00000000      0.00000000      0.00000000      0.00000000      0.00000000      0.00000000      0.00000000
     -5.45030000      0.00000000      0.00000000      0.00000000      0.00000000      0.00000000      0.00000000      0.00000000      0.00000000      0.00000000      0.00000000
     -5.40030000      0.00000000      0.00000000      0.00000000      0.00000000      0.00000000      0.00000000      0.00000000      0.00000000      0.00000000      0.00000000
     -5.35030000      0.00000000      0.00010000      0.00000000      0.00000000      0.00000000      0.00000000      0.00000000      0.00000000      0.00000000      0.00010000
     -5.30030000      0.01880000      0.06170000      0.01590000      0.05490000      0.00000000      0.00000000      0.00000000      0.00000000      0.00000000      0.15130000
     -5.25030000      0.50990000      1.60550000      0.41300000      1.46400000      0.00000000      0.00000000      0.00000000      0.00000000      0.00000000      3.99240000
     -5.20030000      3.34190000     10.13590000      2.63830000      9.59450000      0.00000000      0.00000000      0.00000000      0.00000000      0.00000000     25.71060000
     -5.15030000      5.80200000     17.02480000      4.44480000     16.54210000      0.00000000      0.00000000      0.00000000      0.00000000      0.00000000     43.81370000
     -5.10030000      2.62190000      7.44380000      1.91250000      7.22160000      0.00000000      0.00000000      0.00000000      0.00000000      0.00000000     19.19980000
     -5.05030000      0.65940000      1.64370000      0.45280000      1.67710000      0.00000000      0.00000000      0.00000000      0.00000000      0.00000000      4.43300000
     -5.00030000      0.55160000      1.27200000      0.37990000      1.37800000      0.00000000      0.00000000      0.00000000      0.00000000      0.00000000      3.58150000
     -4.95030000      0.14570000      0.40230000      0.12230000      0.38820000      0.00000000      0.00000000      0.00000000      0.00000000      0.00000000      1.05850000
     -4.90030000      0.09990000      1.25740000      0.40410000      0.61730000      0.00000000      0.00000000      0.00000000      0.00000000      0.00000000      2.37870000
     -4.85030000      0.25000000      3.31400000      1.06560000      1.60520000      0.00000000      0.00000000      0.00000000      0.00000000      0.00000000      6.23480000
     -4.80030000      0.12220000      1.61840000      0.52010000      0.78360000      0.00000000      0.00000000      0.00000000      0.00000000      0.00000000      3.04430000
     -4.75030000      0.01080000      0.13940000      0.04470000      0.06720000      0.00000000      0.00000000      0.00000000      0.00000000      0.00000000      0.26210000
     -4.70030000      0.00000000      0.00170000      0.00040000      0.00070000      0.00000000      0.00000000      0.00000000      0.00000000      0.00000000      0.00280000
     -4.65030000      0.00000000      0.00000000      0.00010000      0.00120000      0.00000000      0.00000000      0.00000000      0.00000000      0.00000000      0.00130000
     -4.60030000      0.00200000      0.00740000      0.01240000      0.06110000      0.00000000      0.00000000      0.00000000      0.00000000      0.00000000      0.08290000
     -4.55030000      0.01930000      0.06130000      0.09460000      0.46660000      0.00000000      0.00000000      0.00000000      0.00000000      0.00000000      0.64180000
     -4.50030000      0.02670000      0.08360000      0.12920000      0.63590000      0.00000000      0.00000000      0.00000000      0.00000000      0.00000000      0.87540000
     -4.45030000      0.00650000      0.02060000      0.03210000      0.15830000      0.00000000      0.00000000      0.00000000      0.00000000      0.00000000      0.21750000
     -4.40030000      0.00100000      0.00670000      0.01270000      0.01090000      0.00000000      0.00000000      0.00000000      0.00000000      0.00000000      0.03130000
     -4.35030000      0.01790000      0.09500000      0.19720000      0.07000000      0.00000000      0.00000000      0.00000000      0.00000000      0.00000000      0.38010000
     -4.30030000      0.05170000      0.27480000      0.57150000      0.20280000      0.00000000      0.00000000      0.00000000      0.00000000      0.00000000      1.10080000
     -4.25030000      0.02730000      0.14550000      0.30290000      0.10780000      0.00000000      0.00000000      0.00000000      0.00000000      0.00000000      0.58350000
     -4.20030000      0.00320000      0.04890000      0.08130000      0.04700000      0.00000000      0.00000000      0.00000000      0.00000000      0.00000000      0.18040000
     -4.15030000      0.04580000      1.26110000      1.90330000      1.31140000      0.00000000      0.00000000      0.00000000      0.00000000      0.00000000      4.52160000
     -4.10030000      0.29670000      8.11130000     12.12920000      8.26280000      0.00000000      0.00000000      0.00000000      0.00000000      0.00000000     28.80000000
     -4.05030000      0.37140000     10.07250000     14.87780000      9.98070000      0.00000000      0.00000000      0.00000000      0.00000000      0.00000000     35.30240000
     -4.00030000      0.09330000      2.48680000      3.59220000      2.38040000      0.00000000      0.00000000      0.00000000      0.00000000      0.00000000      8.55270000
     -3.95030000      0.04550000      0.85540000      0.74940000      0.76410000      0.00000000      0.00000000      0.00000000      0.00000000      0.00000000      2.41440000
     -3.90030000      0.22910000      3.55570000      4.89800000      3.35470000      0.00000000      0.00000000      0.00000000      0.00000000      0.00000000     12.03750000
     -3.85030000      0.60400000      7.77770000     18.62980000      7.95050000      0.00000000      0.00000000      0.00000000      0.00000000      0.00000000     34.96200000
     -3.80030000      0.55710000      7.89500000     24.94490000      7.71930000      0.00000000      0.00000000      0.00000000      0.00000000      0.00000000     41.11630000
     -3.75030000      0.24940000      5.58490000     20.18170000      4.51230000      0.00000000      0.00000000      0.00000000      0.00000000      0.00000000     30.52830000
     -3.70030000      0.19010000      4.05930000      9.08110000      3.12950000      0.00000000      0.00000000      0.00000000      0.00000000      0.00000000     16.46000000
     -3.65030000      0.09880000      1.97300000      2.29150000      1.59760000      0.00000000      0.00000000      0.00000000      0.00000000      0.00000000      5.96090000
     -3.60030000      0.07410000      1.54670000      1.33120000      1.36170000      0.00000000      0.00000000      0.00000000      0.00000000      0.00000000      4.31370000
     -3.55030000      0.21420000      4.36140000      2.27430000      4.36530000      0.00000000      0.00000000      0.00000000      0.00000000      0.00000000     11.21520000
     -3.50030000      0.50680000     10.01220000      6.56840000     10.10550000      0.00000000      0.00000000      0.00000000      0.00000000      0.00000000     27.19290000
     -3.45030000      0.42450000      9.56850000      8.64820000      9.64520000      0.00000000      0.00000000      0.00000000      0.00000000      0.00000000     28.28640000
     -3.40030000      0.15900000      5.63670000      3.75880000      5.67690000      0.00000000      0.00000000      0.00000000      0.00000000      0.00000000     15.23140000
     -3.35030000      0.09590000      3.81830000      0.90690000      3.65060000      0.00000000      0.00000000      0.00000000      0.00000000      0.00000000      8.47170000
     -3.30030000      0.34120000     12.43110000      4.67600000     11.62760000      0.00000000      0.00000000      0.00000000      0.00000000      0.00000000     29.07590000
     -3.25030000      0.49010000     14.19060000     17.78040000     13.67810000      0.00000000      0.00000000      0.00000000      0.00000000      0.00000000     46.13920000
     -3.20030000      1.18770000     17.04990000     31.88030000     16.64960000      0.00000000      0.00000000      0.00000000      0.00000000      0.00000000     66.76750000
     -3.15030000      2.74490000     21.07580000     24.76590000     20.84300000      0.00000000      0.00000000      0.00000000      0.00000000      0.00000000     69.42960000
     -3.10030000      3.99410000     23.31660000     18.74310000     23.46770000      0.00000000      0.00000000      0.00000000      0.00000000      0.00000000     69.52150000
     -3.05030000      3.68640000     27.47890000     16.87770000     27.50790000      0.00000000      0.00000000      0.00000000      0.00000000      0.00000000     75.55090000
     -3.00030000      2.06080000     19.42040000      9.79030000     19.42130000      0.00000000      0.00000000      0.00000000      0.00000000      0.00000000     50.69280000
     -2.95030000      1.16200000     14.14830000      6.06290000     14.03350000      0.00000000      0.00000000      0.00000000      0.00000000      0.00000000     35.40670000
     -2.90030000      0.72930000     11.49010000      4.18530000     11.21110000      0.00000000      0.00000000      0.00000000      0.00000000      0.00000000     27.61580000
     -2.85030000      0.16380000      2.83570000      0.95790000      2.73580000      0.00000000      0.00000000      0.00000000      0.00000000      0.00000000      6.69320000
     -2.80030000      0.01130000      0.21600000      0.15270000      0.21030000      0.00000000      0.00000000      0.00000000      0.00000000      0.00000000      0.59030000
     -2.75030000      0.02020000      0.42350000      0.60390000      0.42560000      0.00000000      0.00000000      0.00000000      0.00000000      0.00000000      1.47320000
     -2.70030000      0.09680000      0.47440000      0.78650000      0.47980000      0.00000000      0.00000000      0.00000000      0.00000000      0.00000000      1.83750000
     -2.65030000      1.02580000      0.75240000      3.11580000      0.79370000      0.00000000      0.00000000      0.00000000      0.00000000      0.00000000      5.68770000
     -2.60030000      2.42300000      2.65270000     12.77380000      2.73690000      0.00000000      0.00000000      0.00000000      0.00000000      0.00000000     20.58640000
     -2.55030000      1.11670000      3.28760000     16.39020000      3.27130000      0.00000000      0.00000000      0.00000000      0.00000000      0.00000000     24.06580000
     -2.50030000      0.13570000      1.51960000      7.05010000      1.40670000      0.00000000      0.00000000      0.00000000      0.00000000      0.00000000     10.11210000
     -2.45030000      0.03820000      0.74620000      1.17970000      0.34410000      0.00000000      0.00000000      0.00000000      0.00000000      0.00000000      2.30820000
     -2.40030000      0.10030000      1.94410000      0.66290000      1.55930000      0.00000000      0.00000000      0.00000000      0.00000000      0.00000000      4.26660000
     -2.35030000      0.94270000     10.50370000      3.32970000     10.40100000      0.00000000      0.00000000      0.00000000      0.00000000      0.00000000     25.17710000
     -2.30030000      2.46630000     19.29610000      8.63280000     19.37660000      0.00000000      0.00000000      0.00000000      0.00000000      0.00000000     49.77180000
     -2.25030000      1.50470000     11.38480000      8.13030000     11.34730000      0.00000000      0.00000000      0.00000000      0.00000000      0.00000000     32.36710000
     -2.20030000      0.84260000     11.44530000     16.24140000     11.21920000      0.00000000      0.00000000      0.00000000      0.00000000      0.00000000     39.74850000
     -2.15030000      0.84080000     12.97690000     21.29030000     13.39300000      0.00000000      0.00000000      0.00000000      0.00000000      0.00000000     48.50100000
     -2.10030000      0.87520000     13.55110000     16.50750000     13.79150000      0.00000000      0.00000000      0.00000000      0.00000000      0.00000000     44.72530000
     -2.05030000      0.76820000     11.99140000     11.57590000     12.00490000      0.00000000      0.00000000      0.00000000      0.00000000      0.00000000     36.34040000
     -2.00030000      0.33540000      5.16040000      6.49570000      5.18310000      0.00000000      0.00000000      0.00000000      0.00000000      0.00000000     17.17460000
     -1.95030000      0.24430000      2.69070000      5.62240000      2.66950000      0.00000000      0.00000000      0.00000000      0.00000000      0.00000000     11.22690000
     -1.90030000      0.53450000      7.48910000      8.12390000      7.25580000      0.00000000      0.00000000      0.00000000      0.00000000      0.00000000     23.40330000
     -1.85030000      1.01380000     20.45310000      7.27540000     20.30980000      0.00000000      0.00000000      0.00000000      0.00000000      0.00000000     49.05210000
     -1.80030000      1.34410000     26.57960000      8.09570000     26.87780000      0.00000000      0.00000000      0.00000000      0.00000000      0.00000000     62.89720000
     -1.75030000      0.60230000     11.33840000      4.06830000     11.39080000      0.00000000      0.00000000      0.00000000      0.00000000      0.00000000     27.39980000
     -1.70030000      0.06790000      1.32180000      0.52360000      1.27040000      0.00000000      0.00000000      0.00000000      0.00000000      0.00000000      3.18370000
     -1.65030000      0.00170000      0.04730000      0.02000000      0.04300000      0.00000000      0.00000000      0.00000000      0.00000000      0.00000000      0.11200000
     -1.60030000      0.01900000      0.29170000      0.06860000      0.29490000      0.00000000      0.00000000      0.00000000      0.00000000      0.00000000      0.67420000
     -1.55030000      0.24370000      3.69270000      0.75480000      3.72740000      0.00000000      0.00000000      0.00000000      0.00000000      0.00000000      8.41860000
     -1.50030000      0.62480000      9.57380000      1.79180000      9.64520000      0.00000000      0.00000000      0.00000000      0.00000000      0.00000000     21.63560000
     -1.45030000      0.41850000      6.53760000      3.33150000      6.61270000      0.00000000      0.00000000      0.00000000      0.00000000      0.00000000     16.90030000
     -1.40030000      0.19220000      3.09110000      4.92790000      3.19080000      0.00000000      0.00000000      0.00000000      0.00000000      0.00000000     11.40200000
     -1.35030000      0.07510000      1.19720000      2.33550000      1.26760000      0.00000000      0.00000000      0.00000000      0.00000000      0.00000000      4.87540000
     -1.30030000      0.21810000      2.39080000      5.70720000      2.50570000      0.00000000      0.00000000      0.00000000      0.00000000      0.00000000     10.82180000
     -1.25030000      0.96180000      9.54920000     25.82430000      9.94540000      0.00000000      0.00000000      0.00000000      0.00000000      0.00000000     46.28070000
     -1.20030000      1.07340000     11.76350000     32.21100000     11.98870000      0.00000000      0.00000000      0.00000000      0.00000000      0.00000000     57.03660000
     -1.15030000      0.39760000     13.91910000     20.14790000     13.71430000      0.00000000      0.00000000      0.00000000      0.00000000      0.00000000     48.17890000
     -1.10030000      0.23320000     20.02690000     27.60490000     19.81510000      0.00000000      0.00000000      0.00000000      0.00000000      0.00000000     67.68010000
     -1.05030000      0.15990000     14.31340000     30.61480000     14.08890000      0.00000000      0.00000000      0.00000000      0.00000000      0.00000000     59.17700000
     -1.00030000      0.19650000     12.62250000     32.05930000     12.62310000      0.00000000      0.00000000      0.00000000      0.00000000      0.00000000     57.50140000
     -0.95030000      0.27490000      8.83470000     20.79350000      9.06160000      0.00000000      0.00000000      0.00000000      0.00000000      0.00000000     38.96470000
     -0.90030000      0.56030000     19.68930000     25.82500000     19.85090000      0.00000000      0.00000000      0.00000000      0.00000000      0.00000000     65.92550000
     -0.85030000      0.51570000     26.96900000     26.85570000     26.71380000      0.00000000      0.00000000      0.00000000      0.00000000      0.00000000     81.05420000
     -0.80030000      0.30210000     22.58050000     23.98420000     21.76020000      0.00000000      0.00000000      0.00000000      0.00000000      0.00000000     68.62700000
     -0.75030000      0.21920000     22.63250000     21.96120000     21.76390000      0.00000000      0.00000000      0.00000000      0.00000000      0.00000000     66.57680000
     -0.70030000      0.18860000     21.07110000     23.07160000     21.00780000      0.00000000      0.00000000      0.00000000      0.00000000      0.00000000     65.33910000
     -0.65030000      0.15490000     15.74570000     16.64640000     16.34550000      0.00000000      0.00000000      0.00000000      0.00000000      0.00000000     48.89250000
     -0.60030000      0.31760000     19.72550000     13.61430000     20.25690000      0.00000000      0.00000000      0.00000000      0.00000000      0.00000000     53.91430000
     -0.55030000      0.62780000     44.69060000     28.84810000     44.68520000      0.00000000      0.00000000      0.00000000      0.00000000      0.00000000    118.85170000
     -0.50030000      0.55330000     47.87860000     40.21740000     47.89350000      0.00000000      0.00000000      0.00000000      0.00000000      0.00000000    136.54280000
     -0.45030000      0.32800000     20.84040000     34.31960000     20.86400000      0.00000000      0.00000000      0.00000000      0.00000000      0.00000000     76.35200000
     -0.40030000      0.35660000     21.61760000     24.78080000     21.49390000      0.00000000      0.00000000      0.00000000      0.00000000      0.00000000     68.24890000
     -0.35030000      0.47210000     35.66650000     26.35000000     35.59520000      0.00000000      0.00000000      0.00000000      0.00000000      0.00000000     98.08380000
     -0.30030000      0.49590000     43.75780000     33.32500000     44.18630000      0.00000000      0.00000000      0.00000000      0.00000000      0.00000000    121.76500000
     -0.25030000      0.40020000     44.49530000     36.71000000     45.20790000      0.00000000      0.00000000      0.00000000      0.00000000      0.00000000    126.81340000
     -0.20030000      0.35420000     32.24510000     36.94230000     32.09260000      0.00000000      0.00000000      0.00000000      0.00000000      0.00000000    101.63420000
     -0.15030000      0.39100000     16.27980000     25.93380000     15.67380000      0.00000000      0.00000000      0.00000000      0.00000000      0.00000000     58.27840000
     -0.10030000      0.71000000      7.52660000      9.93460000      7.44520000      0.00000000      0.00000000      0.00000000      0.00000000      0.00000000     25.61640000
     -0.05030000      0.49870000     16.32010000      4.16600000     16.27390000      0.00000000      0.00000000      0.00000000      0.00000000      0.00000000     37.25870000
     -0.00030000      0.10830000     22.16500000      3.73240000     22.04160000      0.00000000      0.00000000      0.00000000      0.00000000      0.00000000     48.04730000
      0.04970000      0.03740000     11.16190000      2.71030000     11.11170000      0.00000000      0.00000000      0.00000000      0.00000000      0.00000000     25.02130000
      0.09970000      0.00560000      1.48420000      0.40470000      1.47880000      0.00000000      0.00000000      0.00000000      0.00000000      0.00000000      3.37330000
      0.14970000      0.00000000      0.03680000      0.00990000      0.03690000      0.00000000      0.00000000      0.00000000      0.00000000      0.00000000      0.08360000
      0.19970000      0.00120000      0.00540000      0.00170000      0.00530000      0.00000000      0.00000000      0.00000000      0.00000000      0.00000000      0.01360000
      0.24970000      0.06450000      0.31330000      0.09570000      0.31330000      0.00000000      0.00000000      0.00000000      0.00000000      0.00000000      0.78680000
      0.29970000      0.61280000      2.95420000      0.90220000      2.95310000      0.00000000      0.00000000      0.00000000      0.00000000      0.00000000      7.42230000
      0.34970000      1.05300000      5.07830000      1.55440000      5.07320000      0.00000000      0.00000000      0.00000000      0.00000000      0.00000000     12.75890000
      0.39970000      0.33930000      1.63570000      0.50140000      1.63270000      0.00000000      0.00000000      0.00000000      0.00000000      0.00000000      4.10910000
      0.44970000      0.01900000      0.09380000      0.02910000      0.09380000      0.00000000      0.00000000      0.00000000      0.00000000      0.00000000      0.23570000
      0.49970000      0.00000000      0.00030000      0.00000000      0.00020000      0.00000000      0.00000000      0.00000000      0.00000000      0.00000000      0.00050000
      0.54970000      0.00000000      0.00000000      0.00000000      0.00000000      0.00000000      0.00000000      0.00000000      0.00000000      0.00000000      0.00000000
      0.59970000      0.00000000      0.00000000      0.00000000      0.00000000      0.00000000      0.00000000      0.00000000      0.00000000      0.00000000      0.00000000
      0.64970000      0.00000000      0.00000000      0.00000000      0.00000000      0.00000000      0.00000000      0.00000000      0.00000000      0.00000000      0.00000000
      0.69970000      0.00000000      0.00000000      0.00000000      0.00000000      0.00000000      0.00000000      0.00000000      0.00000000      0.00000000      0.00000000
      0.74970000      0.00000000      0.00000000      0.00000000      0.00000000      0.00000000      0.00000000      0.00000000      0.00000000      0.00000000      0.00000000
      0.79970000      0.00000000      0.00000000      0.00000000      0.00000000      0.00000000      0.00000000      0.00000000      0.00000000      0.00000000      0.00000000
      0.84970000      0.00400000      0.05460000      0.01010000      0.05540000      0.00000000      0.00000000      0.00000000      0.00000000      0.00000000      0.12410000
      0.89970000      0.16410000      1.91520000      0.35730000      1.92010000      0.00000000      0.00000000      0.00000000      0.00000000      0.00000000      4.35670000
      0.94970000      1.01980000     11.92230000      2.23810000     11.90960000      0.00000000      0.00000000      0.00000000      0.00000000      0.00000000     27.08980000
      0.99970000      1.28770000     15.42700000      2.91410000     15.42220000      0.00000000      0.00000000      0.00000000      0.00000000      0.00000000     35.05100000
      1.04970000      0.65190000      9.49510000      1.74420000      9.50200000      0.00000000      0.00000000      0.00000000      0.00000000      0.00000000     21.39320000
      1.09970000      0.35250000      5.85710000      1.05440000      5.85120000      0.00000000      0.00000000      0.00000000      0.00000000      0.00000000     13.11520000
      1.14970000      0.06070000      1.02030000      0.18470000      1.01890000      0.00000000      0.00000000      0.00000000      0.00000000      0.00000000      2.28460000
      1.19970000      0.00170000      0.03220000      0.00630000      0.03210000      0.00000000      0.00000000      0.00000000      0.00000000      0.00000000      0.07230000
      1.24970000      0.00000000      0.00000000      0.00000000      0.00000000      0.00000000      0.00000000      0.00000000      0.00000000      0.00000000      0.00000000
      1.29970000      0.00120000      0.00130000      0.00490000      0.00140000      0.00000000      0.00000000      0.00000000      0.00000000      0.00000000      0.00880000
      1.34970000      0.08420000      0.08810000      0.26160000      0.09000000      0.00000000      0.00000000      0.00000000      0.00000000      0.00000000      0.52390000
      1.39970000      0.66710000      0.69850000      2.07050000      0.71240000      0.00000000      0.00000000      0.00000000      0.00000000      0.00000000      4.14850000
      1.44970000      0.94640000      0.98940000      2.93400000      1.00910000      0.00000000      0.00000000      0.00000000      0.00000000      0.00000000      5.87890000
      1.49970000      0.24430000      0.25590000      0.75840000      0.26100000      0.00000000      0.00000000      0.00000000      0.00000000      0.00000000      1.51960000
      1.54970000      0.01070000      0.01170000      0.03340000      0.01220000      0.00000000      0.00000000      0.00000000      0.00000000      0.00000000      0.06800000
      1.59970000      0.01600000      0.03640000      0.01700000      0.03740000      0.00000000      0.00000000      0.00000000      0.00000000      0.00000000      0.10680000
      1.64970000      0.27550000      0.63820000      0.29010000      0.65490000      0.00000000      0.00000000      0.00000000      0.00000000      0.00000000      1.85870000
      1.69970000      0.83000000      1.92200000      0.87470000      1.97160000      0.00000000      0.00000000      0.00000000      0.00000000      0.00000000      5.59830000
      1.74970000      0.45700000      1.05940000      0.48180000      1.08660000      0.00000000      0.00000000      0.00000000      0.00000000      0.00000000      3.08480000
      1.79970000      0.04540000      0.10660000      0.04900000      0.10920000      0.00000000      0.00000000      0.00000000      0.00000000      0.00000000      0.31020000
      1.84970000      0.06100000      0.15960000      0.08560000      0.15900000      0.00000000      0.00000000      0.00000000      0.00000000      0.00000000      0.46520000
      1.89970000      0.51090000      1.33560000      0.72340000      1.33180000      0.00000000      0.00000000      0.00000000      0.00000000      0.00000000      3.90170000
      1.94970000      0.77260000      2.02020000      1.09430000      2.01450000      0.00000000      0.00000000      0.00000000      0.00000000      0.00000000      5.90160000
      1.99970000      0.21330000      0.55830000      0.30240000      0.55650000      0.00000000      0.00000000      0.00000000      0.00000000      0.00000000      1.63050000
      2.04970000      0.01010000      0.02670000      0.01390000      0.02670000      0.00000000      0.00000000      0.00000000      0.00000000      0.00000000      0.07740000
      2.09970000      0.00000000      0.00020000      0.00000000      0.00010000      0.00000000      0.00000000      0.00000000      0.00000000      0.00000000      0.00030000
      2.14970000      0.01330000      0.06360000      0.02560000      0.05910000      0.00000000      0.00000000      0.00000000      0.00000000      0.00000000      0.16160000
      2.19970000      0.30610000      1.44540000      0.57990000      1.35260000      0.00000000      0.00000000      0.00000000      0.00000000      0.00000000      3.68400000
      2.24970000      1.29180000      6.06200000      2.44440000      5.78220000      0.00000000      0.00000000      0.00000000      0.00000000      0.00000000     15.58040000
      2.29970000      1.45600000      6.72220000      2.75660000      6.88420000      0.00000000      0.00000000      0.00000000      0.00000000      0.00000000     17.81900000
      2.34970000      1.07640000      5.16620000      2.09700000      5.47210000      0.00000000      0.00000000      0.00000000      0.00000000      0.00000000     13.81170000
      2.39970000      0.59810000      3.13060000      1.21430000      3.08700000      0.00000000      0.00000000      0.00000000      0.00000000      0.00000000      8.03000000
      2.44970000      0.23880000      1.53110000      0.50990000      1.49420000      0.00000000      0.00000000      0.00000000      0.00000000      0.00000000      3.77400000
      2.49970000      0.41900000      3.01420000      0.91860000      2.97350000      0.00000000      0.00000000      0.00000000      0.00000000      0.00000000      7.32530000
      2.54970000      0.23410000      1.68820000      0.51330000      1.66550000      0.00000000      0.00000000      0.00000000      0.00000000      0.00000000      4.10110000
      2.59970000      0.02320000      0.16920000      0.05130000      0.16690000      0.00000000      0.00000000      0.00000000      0.00000000      0.00000000      0.41060000
      2.64970000      0.00020000      0.00240000      0.00040000      0.00260000      0.00000000      0.00000000      0.00000000      0.00000000      0.00000000      0.00560000
      2.69970000      0.00000000      0.00070000      0.00000000      0.00020000      0.00000000      0.00000000      0.00000000      0.00000000      0.00000000      0.00090000
      2.74970000      0.00750000      0.07740000      0.01170000      0.02500000      0.00000000      0.00000000      0.00000000      0.00000000      0.00000000      0.12160000
      2.79970000      0.11450000      1.14040000      0.17430000      0.36690000      0.00000000      0.00000000      0.00000000      0.00000000      0.00000000      1.79610000
      2.84970000      0.29310000      2.92410000      0.44810000      0.94080000      0.00000000      0.00000000      0.00000000      0.00000000      0.00000000      4.60610000
      2.89970000      0.13760000      1.37350000      0.21020000      0.44160000      0.00000000      0.00000000      0.00000000      0.00000000      0.00000000      2.16290000
      2.94970000      0.01120000      0.11330000      0.01730000      0.03610000      0.00000000      0.00000000      0.00000000      0.00000000      0.00000000      0.17790000
      2.99970000      0.00010000      0.00140000      0.00010000      0.00040000      0.00000000      0.00000000      0.00000000      0.00000000      0.00000000      0.00200000
      3.04970000      0.00000000      0.00000000      0.00000000      0.00000000      0.00000000      0.00000000      0.00000000      0.00000000      0.00000000      0.00000000
      3.09970000      0.00000000      0.00000000      0.00000000      0.00000000      0.00000000      0.00000000      0.00000000      0.00000000      0.00000000      0.00000000
      3.14970000      0.00000000      0.00000000      0.00000000      0.00000000      0.00000000      0.00000000      0.00000000      0.00000000      0.00000000      0.00000000
      3.19970000      0.00000000      0.00000000      0.00000000      0.00000000      0.00000000      0.00000000      0.00000000      0.00000000      0.00000000      0.00000000
      3.24970000      0.00170000      0.00360000      0.00480000      0.00200000      0.00000000      0.00000000      0.00000000      0.00000000      0.00000000      0.01210000
      3.29970000      0.08820000      0.18040000      0.22390000      0.10680000      0.00000000      0.00000000      0.00000000      0.00000000      0.00000000      0.59930000
      3.34970000      0.68770000      1.40630000      1.74830000      0.83450000      0.00000000      0.00000000      0.00000000      0.00000000      0.00000000      4.67680000
      3.39970000      0.96090000      1.96550000      2.44310000      1.16640000      0.00000000      0.00000000      0.00000000      0.00000000      0.00000000      6.53590000
      3.44970000      0.24490000      0.50100000      0.62250000      0.29720000      0.00000000      0.00000000      0.00000000      0.00000000      0.00000000      1.66560000
      3.49970000      0.01050000      0.02160000      0.02690000      0.01300000      0.00000000      0.00000000      0.00000000      0.00000000      0.00000000      0.07200000
      3.54970000      0.00320000      0.00570000      0.01630000      0.00540000      0.00000000      0.00000000      0.00000000      0.00000000      0.00000000      0.03060000
      3.59970000      0.10360000      0.13350000      0.24050000      0.13150000      0.00000000      0.00000000      0.00000000      0.00000000      0.00000000      0.60910000
      3.64970000      1.00120000      1.19990000      1.83700000      1.19490000      0.00000000      0.00000000      0.00000000      0.00000000      0.00000000      5.23300000
      3.69970000      2.50800000      2.92780000      4.41450000      2.91950000      0.00000000      0.00000000      0.00000000      0.00000000      0.00000000     12.76980000
      3.74970000      2.26150000      2.56380000      3.89990000      2.55850000      0.00000000      0.00000000      0.00000000      0.00000000      0.00000000     11.28370000
      3.79970000      0.65670000      0.73390000      1.12270000      0.73270000      0.00000000      0.00000000      0.00000000      0.00000000      0.00000000      3.24600000
      3.84970000      0.03970000      0.04480000      0.06760000      0.04430000      0.00000000      0.00000000      0.00000000      0.00000000      0.00000000      0.19640000
      3.89970000      0.00140000      0.00190000      0.00330000      0.00180000      0.00000000      0.00000000      0.00000000      0.00000000      0.00000000      0.00840000
      3.94970000      0.09250000      0.12090000      0.15140000      0.11870000      0.00000000      0.00000000      0.00000000      0.00000000      0.00000000      0.48350000
      3.99970000      0.96430000      1.24540000      1.55130000      1.22080000      0.00000000      0.00000000      0.00000000      0.00000000      0.00000000      4.98180000
      4.04970000      2.28620000      2.91270000      3.59200000      2.83580000      0.00000000      0.00000000      0.00000000      0.00000000      0.00000000     11.62670000
      4.09970000      1.70670000      2.11800000      2.50110000      2.04680000      0.00000000      0.00000000      0.00000000      0.00000000      0.00000000      8.37260000
      4.14970000      1.78860000      2.14260000      2.11800000      2.10640000      0.00000000      0.00000000      0.00000000      0.00000000      0.00000000      8.15560000
      4.19970000      1.84640000      2.25740000      2.12650000      2.26860000      0.00000000      0.00000000      0.00000000      0.00000000      0.00000000      8.49890000
      4.24970000      0.52460000      0.66450000      0.69720000      0.67700000      0.00000000      0.00000000      0.00000000      0.00000000      0.00000000      2.56330000
      4.29970000      0.71960000      0.93810000      1.40620000      0.93300000      0.00000000      0.00000000      0.00000000      0.00000000      0.00000000      3.99690000
      4.34970000      2.33400000      2.91730000      3.13640000      2.91370000      0.00000000      0.00000000      0.00000000      0.00000000      0.00000000     11.30140000
      4.39970000      2.29960000      3.16930000      2.53440000      3.16370000      0.00000000      0.00000000      0.00000000      0.00000000      0.00000000     11.16700000
      4.44970000      1.28720000      2.38910000      1.71920000      2.37470000      0.00000000      0.00000000      0.00000000      0.00000000      0.00000000      7.77020000
      4.49970000      0.35600000      0.72760000      0.52230000      0.72220000      0.00000000      0.00000000      0.00000000      0.00000000      0.00000000      2.32810000
      4.54970000      0.02090000      0.04370000      0.03110000      0.04310000      0.00000000      0.00000000      0.00000000      0.00000000      0.00000000      0.13880000
      4.59970000      0.01080000      0.01850000      0.07100000      0.01860000      0.00000000      0.00000000      0.00000000      0.00000000      0.00000000      0.11890000
      4.64970000      0.20220000      0.34380000      1.33320000      0.33950000      0.00000000      0.00000000      0.00000000      0.00000000      0.00000000      2.21870000
      4.69970000      0.65310000      1.11070000      4.31020000      1.09750000      0.00000000      0.00000000      0.00000000      0.00000000      0.00000000      7.17150000
      4.74970000      0.39010000      0.66690000      2.57260000      0.65940000      0.00000000      0.00000000      0.00000000      0.00000000      0.00000000      4.28900000
      4.79970000      0.14990000      0.33960000      0.90960000      0.33710000      0.00000000      0.00000000      0.00000000      0.00000000      0.00000000      1.73620000
      4.84970000      0.59920000      1.50110000      3.58150000      1.49140000      0.00000000      0.00000000      0.00000000      0.00000000      0.00000000      7.17320000
      4.89970000      1.10140000      3.00600000      6.83060000      2.99440000      0.00000000      0.00000000      0.00000000      0.00000000      0.00000000     13.93240000
      4.94970000      1.24940000      4.05900000      7.32580000      4.03200000      0.00000000      0.00000000      0.00000000      0.00000000      0.00000000     16.66620000
      4.99970000      1.28840000      4.86450000      4.38910000      4.82980000      0.00000000      0.00000000      0.00000000      0.00000000      0.00000000     15.37180000
      5.04970000      0.93740000      3.81270000      2.36920000      3.79500000      0.00000000      0.00000000      0.00000000      0.00000000      0.00000000     10.91430000
      5.09970000      0.27600000      1.16460000      0.76680000      1.16010000      0.00000000      0.00000000      0.00000000      0.00000000      0.00000000      3.36750000
      5.14970000      0.43410000      1.82330000      1.11100000      1.81520000      0.00000000      0.00000000      0.00000000      0.00000000      0.00000000      5.18360000
      5.19970000      0.37230000      1.56800000      0.97880000      1.56070000      0.00000000      0.00000000      0.00000000      0.00000000      0.00000000      4.47980000
      5.24970000      0.06150000      0.26010000      0.16700000      0.25910000      0.00000000      0.00000000      0.00000000      0.00000000      0.00000000      0.74770000
      5.29970000      0.00150000      0.00700000      0.00450000      0.00740000      0.00000000      0.00000000      0.00000000      0.00000000      0.00000000      0.02040000
      5.34970000      0.00000000      0.00000000      0.00000000      0.00000000      0.00000000      0.00000000      0.00000000      0.00000000      0.00000000      0.00000000
      5.39970000      0.00000000      0.00000000      0.00000000      0.00000000      0.00000000      0.00000000      0.00000000      0.00000000      0.00000000      0.00000000
      5.44970000      0.00000000      0.00000000      0.00000000      0.00000000      0.00000000      0.00000000      0.00000000      0.00000000      0.00000000      0.00000000
      5.49970000      0.00000000      0.00000000      0.00000000      0.00000000      0.00000000      0.00000000      0.00000000      0.00000000      0.00000000      0.00000000
      5.54970000      0.01240000      0.05150000      0.03920000      0.05120000      0.00000000      0.00000000      0.00000000      0.00000000      0.00000000      0.15430000
      5.59970000      0.16990000      0.71620000      0.54440000      0.71180000      0.00000000      0.00000000      0.00000000      0.00000000      0.00000000      2.14230000
      5.64970000      0.42150000      1.76720000      1.34670000      1.75480000      0.00000000      0.00000000      0.00000000      0.00000000      0.00000000      5.29020000
      5.69970000      0.19280000      0.80990000      0.61770000      0.80320000      0.00000000      0.00000000      0.00000000      0.00000000      0.00000000      2.42360000
      5.74970000      0.01580000      0.06610000      0.05050000      0.06540000      0.00000000      0.00000000      0.00000000      0.00000000      0.00000000      0.19780000
      5.79970000      0.00000000      0.00000000      0.00000000      0.00000000      0.00000000      0.00000000      0.00000000      0.00000000      0.00000000      0.00000000
      5.84970000      0.01380000      0.00510000      0.00820000      0.00520000      0.00000000      0.00000000      0.00000000      0.00000000      0.00000000      0.03230000
      5.89970000      0.28380000      0.11820000      0.18970000      0.11800000      0.00000000      0.00000000      0.00000000      0.00000000      0.00000000      0.70970000
      5.94970000      1.06090000      0.44600000      0.71700000      0.44400000      0.00000000      0.00000000      0.00000000      0.00000000      0.00000000      2.66790000
      5.99970000      0.84480000      0.45580000      0.89600000      0.43310000      0.00000000      0.00000000      0.00000000      0.00000000      0.00000000      2.62970000
      6.04970000      1.20760000      1.40490000      3.72050000      1.27550000      0.00000000      0.00000000      0.00000000      0.00000000      0.00000000      7.60850000
      6.09970000      2.52620000      2.96080000      7.55500000      2.89400000      0.00000000      0.00000000      0.00000000      0.00000000      0.00000000     15.93600000
      6.14970000      1.53910000      1.74500000      4.14630000      1.82700000      0.00000000      0.00000000      0.00000000      0.00000000      0.00000000      9.25740000
      6.19970000      0.23810000      0.26830000      0.77440000      0.29190000      0.00000000      0.00000000      0.00000000      0.00000000      0.00000000      1.57270000
      6.24970000      0.08480000      0.13990000      1.79770000      0.14590000      0.00000000      0.00000000      0.00000000      0.00000000      0.00000000      2.16830000
      6.29970000      0.27090000      0.53650000      3.68300000      0.52580000      0.00000000      0.00000000      0.00000000      0.00000000      0.00000000      5.01620000
      6.34970000      0.55470000      1.27290000      3.97740000      1.20670000      0.00000000      0.00000000      0.00000000      0.00000000      0.00000000      7.01170000
      6.39970000      0.50770000      1.69360000      3.43000000      1.61150000      0.00000000      0.00000000      0.00000000      0.00000000      0.00000000      7.24280000
      6.44970000      0.38320000      2.12610000      3.22050000      2.02720000      0.00000000      0.00000000      0.00000000      0.00000000      0.00000000      7.75700000
      6.49970000      0.28950000      1.58390000      3.34420000      1.52210000      0.00000000      0.00000000      0.00000000      0.00000000      0.00000000      6.73970000
      6.54970000      0.22200000      0.90730000      2.72960000      0.92300000      0.00000000      0.00000000      0.00000000      0.00000000      0.00000000      4.78190000
      6.59970000      0.09320000      0.32150000      0.81350000      0.34390000      0.00000000      0.00000000      0.00000000      0.00000000      0.00000000      1.57210000
      6.64970000      0.02060000      0.04810000      0.07880000      0.04800000      0.00000000      0.00000000      0.00000000      0.00000000      0.00000000      0.19550000
      6.69970000      0.15790000      0.23420000      0.24300000      0.19670000      0.00000000      0.00000000      0.00000000      0.00000000      0.00000000      0.83180000
      6.74970000      0.43750000      0.61310000      0.60320000      0.52210000      0.00000000      0.00000000      0.00000000      0.00000000      0.00000000      2.17590000
      6.79970000      0.80610000      0.79170000      0.46290000      0.76130000      0.00000000      0.00000000      0.00000000      0.00000000      0.00000000      2.82200000
      6.84970000      1.89160000      1.63690000      0.91540000      1.71600000      0.00000000      0.00000000      0.00000000      0.00000000      0.00000000      6.15990000
      6.89970000      2.44500000      2.12140000      1.71070000      2.19890000      0.00000000      0.00000000      0.00000000      0.00000000      0.00000000      8.47600000
      6.94970000      2.69090000      1.93850000      1.76860000      1.91320000      0.00000000      0.00000000      0.00000000      0.00000000      0.00000000      8.31120000
      6.99970000      2.40450000      1.58420000      1.72670000      1.50930000      0.00000000      0.00000000      0.00000000      0.00000000      0.00000000      7.22470000
      7.04970000      1.83490000      1.53890000      2.19360000      1.37090000      0.00000000      0.00000000      0.00000000      0.00000000      0.00000000      6.93830000
      7.09970000      0.95860000      0.84380000      1.43340000      0.77430000      0.00000000      0.00000000      0.00000000      0.00000000      0.00000000      4.01010000
      7.14970000      0.34790000      0.21530000      0.57940000      0.23630000      0.00000000      0.00000000      0.00000000      0.00000000      0.00000000      1.37890000
      7.19970000      0.07170000      0.03520000      0.12250000      0.04330000      0.00000000      0.00000000      0.00000000      0.00000000      0.00000000      0.27270000
      7.24970000      0.00320000      0.00110000      0.00530000      0.00160000      0.00000000      0.00000000      0.00000000      0.00000000      0.00000000      0.01120000
      7.29970000      0.00000000      0.00000000      0.00000000      0.00000000      0.00000000      0.00000000      0.00000000      0.00000000      0.00000000      0.00000000
      7.34970000      0.00000000      0.00000000      0.00000000      0.00000000      0.00000000      0.00000000      0.00000000      0.00000000      0.00000000      0.00000000
      7.39970000      0.00000000      0.00000000      0.00000000      0.00000000      0.00000000      0.00000000      0.00000000      0.00000000      0.00000000      0.00000000
      7.44970000      0.00000000      0.00000000      0.00000000      0.00000000      0.00000000      0.00000000      0.00000000      0.00000000      0.00000000      0.00000000
      7.49970000      0.00000000      0.00000000      0.00000000      0.00000000      0.00000000      0.00000000      0.00000000      0.00000000      0.00000000      0.00000000
      7.54970000      0.00000000      0.00000000      0.00000000      0.00000000      0.00000000      0.00000000      0.00000000      0.00000000      0.00000000      0.00000000
      7.59970000      0.00000000      0.00000000      0.00000000      0.00000000      0.00000000      0.00000000      0.00000000      0.00000000      0.00000000      0.00000000
      7.64970000      0.00000000      0.00000000      0.00000000      0.00000000      0.00000000      0.00000000      0.00000000      0.00000000      0.00000000      0.00000000
      7.69970000      0.00000000      0.00000000      0.00000000      0.00000000      0.00000000      0.00000000      0.00000000      0.00000000      0.00000000      0.00000000
      7.74970000      0.00000000      0.00000000      0.00000000      0.00000000      0.00000000      0.00000000      0.00000000      0.00000000      0.00000000      0.00000000
      7.79970000      0.00000000      0.00000000      0.00000000      0.00000000      0.00000000      0.00000000      0.00000000      0.00000000      0.00000000      0.00000000
      7.84970000      0.00000000      0.00000000      0.00000000      0.00000000      0.00000000      0.00000000      0.00000000      0.00000000      0.00000000      0.00000000
      7.89970000      0.00000000      0.00000000      0.00000000      0.00000000      0.00000000      0.00000000      0.00000000      0.00000000      0.00000000      0.00000000
      7.94970000      0.00000000      0.00000000      0.00000000      0.00000000      0.00000000      0.00000000      0.00000000      0.00000000      0.00000000      0.00000000
      7.99970000      0.00000000      0.00000000      0.00000000      0.00000000      0.00000000      0.00000000      0.00000000      0.00000000      0.00000000      0.00000000
      8.04970000      0.00000000      0.00000000      0.00000000      0.00000000      0.00000000      0.00000000      0.00000000      0.00000000      0.00000000      0.00000000
      8.09970000      0.00000000      0.00000000      0.00000000      0.00000000      0.00000000      0.00000000      0.00000000      0.00000000      0.00000000      0.00000000
      8.14970000      0.00000000      0.00000000      0.00000000      0.00000000      0.00000000      0.00000000      0.00000000      0.00000000      0.00000000      0.00000000
      8.19970000      0.00000000      0.00000000      0.00000000      0.00000000      0.00000000      0.00000000      0.00000000      0.00000000      0.00000000      0.00000000
      8.24970000      0.00000000      0.00000000      0.00000000      0.00000000      0.00000000      0.00000000      0.00000000      0.00000000      0.00000000      0.00000000
      8.29970000      0.00000000      0.00000000      0.00000000      0.00000000      0.00000000      0.00000000      0.00000000      0.00000000      0.00000000      0.00000000
      8.34970000      0.00000000      0.00000000      0.00000000      0.00000000      0.00000000      0.00000000      0.00000000      0.00000000      0.00000000      0.00000000
      8.39970000      0.00000000      0.00000000      0.00000000      0.00000000      0.00000000      0.00000000      0.00000000      0.00000000      0.00000000      0.00000000
      8.44970000      0.00000000      0.00000000      0.00000000      0.00000000      0.00000000      0.00000000      0.00000000      0.00000000      0.00000000      0.00000000
      8.49970000      0.00000000      0.00000000      0.00000000      0.00000000      0.00000000      0.00000000      0.00000000      0.00000000      0.00000000      0.00000000
      8.54970000      0.00000000      0.00000000      0.00000000      0.00000000      0.00000000      0.00000000      0.00000000      0.00000000      0.00000000      0.00000000
      8.59970000      0.00000000      0.00000000      0.00000000      0.00000000      0.00000000      0.00000000      0.00000000      0.00000000      0.00000000      0.00000000
      8.64970000      0.00000000      0.00000000      0.00000000      0.00000000      0.00000000      0.00000000      0.00000000      0.00000000      0.00000000      0.00000000
      8.69970000      0.00000000      0.00000000      0.00000000      0.00000000      0.00000000      0.00000000      0.00000000      0.00000000      0.00000000      0.00000000
      8.74970000      0.00000000      0.00000000      0.00000000      0.00000000      0.00000000      0.00000000      0.00000000      0.00000000      0.00000000      0.00000000
      8.79970000      0.00000000      0.00000000      0.00000000      0.00000000      0.00000000      0.00000000      0.00000000      0.00000000      0.00000000      0.00000000
      8.84970000      0.00000000      0.00000000      0.00000000      0.00000000      0.00000000      0.00000000      0.00000000      0.00000000      0.00000000      0.00000000
      8.89970000      0.00000000      0.00000000      0.00000000      0.00000000      0.00000000      0.00000000      0.00000000      0.00000000      0.00000000      0.00000000
      8.94970000      0.00000000      0.00000000      0.00000000      0.00000000      0.00000000      0.00000000      0.00000000      0.00000000      0.00000000      0.00000000
      8.99970000      0.00000000      0.00000000      0.00000000      0.00000000      0.00000000      0.00000000      0.00000000      0.00000000      0.00000000      0.00000000
      9.04970000      0.00000000      0.00000000      0.00000000      0.00000000      0.00000000      0.00000000      0.00000000      0.00000000      0.00000000      0.00000000
      9.09970000      0.00000000      0.00000000      0.00000000      0.00000000      0.00000000      0.00000000      0.00000000      0.00000000      0.00000000      0.00000000
      9.14970000      0.00000000      0.00000000      0.00000000      0.00000000      0.00000000      0.00000000      0.00000000      0.00000000      0.00000000      0.00000000
      9.19970000      0.00000000      0.00000000      0.00000000      0.00000000      0.00000000      0.00000000      0.00000000      0.00000000      0.00000000      0.00000000
      9.24970000      0.00000000      0.00000000      0.00000000      0.00000000      0.00000000      0.00000000      0.00000000      0.00000000      0.00000000      0.00000000
      9.29970000      0.00000000      0.00000000      0.00000000      0.00000000      0.00000000      0.00000000      0.00000000      0.00000000      0.00000000      0.00000000
      9.34970000      0.00000000      0.00000000      0.00000000      0.00000000      0.00000000      0.00000000      0.00000000      0.00000000      0.00000000      0.00000000
      9.39970000      0.00000000      0.00000000      0.00000000      0.00000000      0.00000000      0.00000000      0.00000000      0.00000000      0.00000000      0.00000000
      9.44970000      0.00000000      0.00000000      0.00000000      0.00000000      0.00000000      0.00000000      0.00000000      0.00000000      0.00000000      0.00000000
      9.49970000      0.00000000      0.00000000      0.00000000      0.00000000      0.00000000      0.00000000      0.00000000      0.00000000      0.00000000      0.00000000
      9.54970000      0.00000000      0.00000000      0.00000000      0.00000000      0.00000000      0.00000000      0.00000000      0.00000000      0.00000000      0.00000000
      9.59970000      0.00000000      0.00000000      0.00000000      0.00000000      0.00000000      0.00000000      0.00000000      0.00000000      0.00000000      0.00000000
      9.64970000      0.00000000      0.00000000      0.00000000      0.00000000      0.00000000      0.00000000      0.00000000      0.00000000      0.00000000      0.00000000
      9.69970000      0.00000000      0.00000000      0.00000000      0.00000000      0.00000000      0.00000000      0.00000000      0.00000000      0.00000000      0.00000000
      9.74970000      0.00000000      0.00000000      0.00000000      0.00000000      0.00000000      0.00000000      0.00000000      0.00000000      0.00000000      0.00000000
      9.79970000      0.00000000      0.00000000      0.00000000      0.00000000      0.00000000      0.00000000      0.00000000      0.00000000      0.00000000      0.00000000
      9.84970000      0.00000000      0.00000000      0.00000000      0.00000000      0.00000000      0.00000000      0.00000000      0.00000000      0.00000000      0.00000000
      9.89970000      0.00000000      0.00000000      0.00000000      0.00000000      0.00000000      0.00000000      0.00000000      0.00000000      0.00000000      0.00000000
      9.94970000      0.00000000      0.00000000      0.00000000      0.00000000      0.00000000      0.00000000      0.00000000      0.00000000      0.00000000      0.00000000
      9.99970000      0.00000000      0.00000000      0.00000000      0.00000000      0.00000000      0.00000000      0.00000000      0.00000000      0.00000000      0.00000000
     10.04970000      0.00000000      0.00000000      0.00000000      0.00000000      0.00000000      0.00000000      0.00000000      0.00000000      0.00000000      0.00000000
     10.09970000      0.00000000      0.00000000      0.00000000      0.00000000      0.00000000      0.00000000      0.00000000      0.00000000      0.00000000      0.00000000
     10.14970000      0.00000000      0.00000000      0.00000000      0.00000000      0.00000000      0.00000000      0.00000000      0.00000000      0.00000000      0.00000000
     10.19970000      0.00000000      0.00000000      0.00000000      0.00000000      0.00000000      0.00000000      0.00000000      0.00000000      0.00000000      0.00000000
     10.24970000      0.00000000      0.00000000      0.00000000      0.00000000      0.00000000      0.00000000      0.00000000      0.00000000      0.00000000      0.00000000
     10.29970000      0.00000000      0.00000000      0.00000000      0.00000000      0.00000000      0.00000000      0.00000000      0.00000000      0.00000000      0.00000000
     10.34970000      0.00000000      0.00000000      0.00000000      0.00000000      0.00000000      0.00000000      0.00000000      0.00000000      0.00000000      0.00000000
     10.39970000      0.00000000      0.00000000      0.00000000      0.00000000      0.00000000      0.00000000      0.00000000      0.00000000      0.00000000      0.00000000
     10.44970000      0.00000000      0.00000000      0.00000000      0.00000000      0.00000000      0.00000000      0.00000000      0.00000000      0.00000000      0.00000000
     10.49970000      0.00000000      0.00000000      0.00000000      0.00000000      0.00000000      0.00000000      0.00000000      0.00000000      0.00000000      0.00000000
     10.54970000      0.00000000      0.00000000      0.00000000      0.00000000      0.00000000      0.00000000      0.00000000      0.00000000      0.00000000      0.00000000
     10.59970000      0.00000000      0.00000000      0.00000000      0.00000000      0.00000000      0.00000000      0.00000000      0.00000000      0.00000000      0.00000000
     10.64970000      0.00000000      0.00000000      0.00000000      0.00000000      0.00000000      0.00000000      0.00000000      0.00000000      0.00000000      0.00000000
     10.69970000      0.00000000      0.00000000      0.00000000      0.00000000      0.00000000      0.00000000      0.00000000      0.00000000      0.00000000      0.00000000
     10.74970000      0.00000000      0.00000000      0.00000000      0.00000000      0.00000000      0.00000000      0.00000000      0.00000000      0.00000000      0.00000000
     10.79970000      0.00000000      0.00000000      0.00000000      0.00000000      0.00000000      0.00000000      0.00000000      0.00000000      0.00000000      0.00000000
     10.84970000      0.00000000      0.00000000      0.00000000      0.00000000      0.00000000      0.00000000      0.00000000      0.00000000      0.00000000      0.00000000
     10.89970000      0.00000000      0.00000000      0.00000000      0.00000000      0.00000000      0.00000000      0.00000000      0.00000000      0.00000000      0.00000000
     10.94970000      0.00000000      0.00000000      0.00000000      0.00000000      0.00000000      0.00000000      0.00000000      0.00000000      0.00000000      0.00000000
     10.99970000      0.00000000      0.00000000      0.00000000      0.00000000      0.00000000      0.00000000      0.00000000      0.00000000      0.00000000      0.00000000
     11.04970000      0.00000000      0.00000000      0.00000000      0.00000000      0.00000000      0.00000000      0.00000000      0.00000000      0.00000000      0.00000000
     11.09970000      0.00000000      0.00000000      0.00000000      0.00000000      0.00000000      0.00000000      0.00000000      0.00000000      0.00000000      0.00000000
     11.14970000      0.00000000      0.00000000      0.00000000      0.00000000      0.00000000      0.00000000      0.00000000      0.00000000      0.00000000      0.00000000
     11.19970000      0.00000000      0.00000000      0.00000000      0.00000000      0.00000000      0.00000000      0.00000000      0.00000000      0.00000000      0.00000000
     11.24970000      0.00000000      0.00000000      0.00000000      0.00000000      0.00000000      0.00000000      0.00000000      0.00000000      0.00000000      0.00000000
     11.29970000      0.00000000      0.00000000      0.00000000      0.00000000      0.00000000      0.00000000      0.00000000      0.00000000      0.00000000      0.00000000
     11.34970000      0.00000000      0.00000000      0.00000000      0.00000000      0.00000000      0.00000000      0.00000000      0.00000000      0.00000000      0.00000000
     11.39970000      0.00000000      0.00000000      0.00000000      0.00000000      0.00000000      0.00000000      0.00000000      0.00000000      0.00000000      0.00000000
     11.44970000      0.00000000      0.00000000      0.00000000      0.00000000      0.00000000      0.00000000      0.00000000      0.00000000      0.00000000      0.00000000
     11.49970000      0.00000000      0.00000000      0.00000000      0.00000000      0.00000000      0.00000000      0.00000000      0.00000000      0.00000000      0.00000000
     11.54970000      0.00000000      0.00000000      0.00000000      0.00000000      0.00000000      0.00000000      0.00000000      0.00000000      0.00000000      0.00000000
     11.59970000      0.00000000      0.00000000      0.00000000      0.00000000      0.00000000      0.00000000      0.00000000      0.00000000      0.00000000      0.00000000
     11.64970000      0.00000000      0.00000000      0.00000000      0.00000000      0.00000000      0.00000000      0.00000000      0.00000000      0.00000000      0.00000000
     11.69970000      0.00000000      0.00000000      0.00000000      0.00000000      0.00000000      0.00000000      0.00000000      0.00000000      0.00000000      0.00000000
     11.74970000      0.00000000      0.00000000      0.00000000      0.00000000      0.00000000      0.00000000      0.00000000      0.00000000      0.00000000      0.00000000
     11.79970000      0.00000000      0.00000000      0.00000000      0.00000000      0.00000000      0.00000000      0.00000000      0.00000000      0.00000000      0.00000000
     11.84970000      0.00000000      0.00000000      0.00000000      0.00000000      0.00000000      0.00000000      0.00000000      0.00000000      0.00000000      0.00000000
     11.89970000      0.00000000      0.00000000      0.00000000      0.00000000      0.00000000      0.00000000      0.00000000      0.00000000      0.00000000      0.00000000
     11.94970000      0.00000000      0.00000000      0.00000000      0.00000000      0.00000000      0.00000000      0.00000000      0.00000000      0.00000000      0.00000000
     11.99970000      0.00000000      0.00000000      0.00000000      0.00000000      0.00000000      0.00000000      0.00000000      0.00000000      0.00000000      0.00000000
     12.04970000      0.00000000      0.00000000      0.00000000      0.00000000      0.00000000      0.00000000      0.00000000      0.00000000      0.00000000      0.00000000
     12.09970000      0.00000000      0.00000000      0.00000000      0.00000000      0.00000000      0.00000000      0.00000000      0.00000000      0.00000000      0.00000000
     12.14970000      0.00000000      0.00000000      0.00000000      0.00000000      0.00000000      0.00000000      0.00000000      0.00000000      0.00000000      0.00000000
     12.19970000      0.00000000      0.00000000      0.00000000      0.00000000      0.00000000      0.00000000      0.00000000      0.00000000      0.00000000      0.00000000
     12.24970000      0.00000000      0.00000000      0.00000000      0.00000000      0.00000000      0.00000000      0.00000000      0.00000000      0.00000000      0.00000000
     12.29970000      0.00000000      0.00000000      0.00000000      0.00000000      0.00000000      0.00000000      0.00000000      0.00000000      0.00000000      0.00000000
     12.34970000      0.00000000      0.00000000      0.00000000      0.00000000      0.00000000      0.00000000      0.00000000      0.00000000      0.00000000      0.00000000
     12.39970000      0.00000000      0.00000000      0.00000000      0.00000000      0.00000000      0.00000000      0.00000000      0.00000000      0.00000000      0.00000000
     12.44970000      0.00000000      0.00000000      0.00000000      0.00000000      0.00000000      0.00000000      0.00000000      0.00000000      0.00000000      0.00000000
     12.49970000      0.00000000      0.00000000      0.00000000      0.00000000      0.00000000      0.00000000      0.00000000      0.00000000      0.00000000      0.00000000
     12.54970000      0.00000000      0.00000000      0.00000000      0.00000000      0.00000000      0.00000000      0.00000000      0.00000000      0.00000000      0.00000000
     12.59970000      0.00000000      0.00000000      0.00000000      0.00000000      0.00000000      0.00000000      0.00000000      0.00000000      0.00000000      0.00000000
     12.64970000      0.00000000      0.00000000      0.00000000      0.00000000      0.00000000      0.00000000      0.00000000      0.00000000      0.00000000      0.00000000
     12.69970000      0.00000000      0.00000000      0.00000000      0.00000000      0.00000000      0.00000000      0.00000000      0.00000000      0.00000000      0.00000000
     12.74970000      0.00000000      0.00000000      0.00000000      0.00000000      0.00000000      0.00000000      0.00000000      0.00000000      0.00000000      0.00000000
     12.79970000      0.00000000      0.00000000      0.00000000      0.00000000      0.00000000      0.00000000      0.00000000      0.00000000      0.00000000      0.00000000
     12.84970000      0.00000000      0.00000000      0.00000000      0.00000000      0.00000000      0.00000000      0.00000000      0.00000000      0.00000000      0.00000000
