      Energy(eV)          s               py              pz              px              dxy             dyz             dz2             dxz            dx2-y2            tot 
     -6.96850000      0.06690000      0.00240000      0.00200000      0.00020000      0.00000000      0.00000000      0.00000000      0.00000000      0.00000000      0.07150000
     -6.91850000      0.03820000      0.00120000      0.00100000      0.00000000      0.00000000      0.00000000      0.00000000      0.00000000      0.00000000      0.04040000
     -6.86850000      0.02970000      0.00120000      0.00080000      0.00000000      0.00000000      0.00000000      0.00000000      0.00000000      0.00000000      0.03170000
     -6.81850000      0.07150000      0.00220000      0.00250000      0.00000000      0.00000000      0.00000000      0.00000000      0.00000000      0.00000000      0.07620000
     -6.76850000      0.04840000      0.00150000      0.00160000      0.00000000      0.00000000      0.00000000      0.00000000      0.00000000      0.00000000      0.05150000
     -6.71850000      0.00780000      0.00020000      0.00020000      0.00000000      0.00000000      0.00000000      0.00000000      0.00000000      0.00000000      0.00820000
     -6.66850000      0.00040000      0.00000000      0.00000000      0.00000000      0.00000000      0.00000000      0.00000000      0.00000000      0.00000000      0.00040000
     -6.61850000      0.00530000      0.00000000      0.00000000      0.00000000      0.00000000      0.00000000      0.00000000      0.00000000      0.00000000      0.00530000
     -6.56850000      0.04030000      0.00140000      0.00130000      0.00000000      0.00000000      0.00000000      0.00000000      0.00000000      0.00000000      0.04300000
     -6.51850000      0.06860000      0.00210000      0.00250000      0.00000000      0.00000000      0.00000000      0.00000000      0.00000000      0.00000000      0.07320000
     -6.46850000      0.02440000      0.00060000      0.00090000      0.00000000      0.00000000      0.00000000      0.00000000      0.00000000      0.00000000      0.02590000
     -6.41850000      0.00200000      0.00000000      0.00000000      0.00000000      0.00000000      0.00000000      0.00000000      0.00000000      0.00000000      0.00200000
     -6.36850000      0.00870000      0.00020000      0.00010000      0.00000000      0.00000000      0.00000000      0.00000000      0.00000000      0.00000000      0.00900000
     -6.31850000      0.06710000      0.00240000      0.00140000      0.00030000      0.00000000      0.00000000      0.00000000      0.00000000      0.00000000      0.07120000
     -6.26850000      0.12330000      0.00440000      0.00280000      0.00040000      0.00000000      0.00000000      0.00000000      0.00000000      0.00000000      0.13090000
     -6.21850000      0.07590000      0.00280000      0.00180000      0.00040000      0.00000000      0.00000000      0.00000000      0.00000000      0.00000000      0.08090000
     -6.16850000      0.23450000      0.00560000      0.00710000      0.00080000      0.00000000      0.00000000      0.00000000      0.00000000      0.00000000      0.24800000
     -6.11850000      0.82770000      0.01860000      0.02580000      0.00340000      0.00000000      0.00000000      0.00000000      0.00000000      0.00000000      0.87550000
     -6.06850000      0.64180000      0.01450000      0.02000000      0.00280000      0.00000000      0.00000000      0.00000000      0.00000000      0.00000000      0.67910000
     -6.01850000      0.32790000      0.00760000      0.01080000      0.00130000      0.00000000      0.00000000      0.00000000      0.00000000      0.00000000      0.34760000
     -5.96850000      0.15210000      0.00330000      0.00510000      0.00070000      0.00000000      0.00000000      0.00000000      0.00000000      0.00000000      0.16120000
     -5.91850000      0.01590000      0.00030000      0.00040000      0.00000000      0.00000000      0.00000000      0.00000000      0.00000000      0.00000000      0.01660000
     -5.86850000      0.00010000      0.00000000      0.00000000      0.00000000      0.00000000      0.00000000      0.00000000      0.00000000      0.00000000      0.00010000
     -5.81850000      0.00260000      0.00010000      0.00000000      0.00000000      0.00000000      0.00000000      0.00000000      0.00000000      0.00000000      0.00270000
     -5.76850000      0.12850000      0.00570000      0.00190000      0.00240000      0.00000000      0.00000000      0.00000000      0.00000000      0.00000000      0.13850000
     -5.71850000      1.01870000      0.04630000      0.01580000      0.01920000      0.00000000      0.00000000      0.00000000      0.00000000      0.00000000      1.10000000
     -5.66850000      1.44510000      0.06580000      0.02240000      0.02710000      0.00000000      0.00000000      0.00000000      0.00000000      0.00000000      1.56040000
     -5.61850000      0.37680000      0.01690000      0.00580000      0.00710000      0.00000000      0.00000000      0.00000000      0.00000000      0.00000000      0.40660000
     -5.56850000      0.20450000      0.00460000      0.00600000      0.00140000      0.00000000      0.00000000      0.00000000      0.00000000      0.00000000      0.21650000
     -5.51850000      2.01430000      0.04160000      0.06270000      0.01170000      0.00000000      0.00000000      0.00000000      0.00000000      0.00000000      2.13030000
     -5.46850000      3.82400000      0.07890000      0.11910000      0.02250000      0.00000000      0.00000000      0.00000000      0.00000000      0.00000000      4.04450000
     -5.41850000      1.32930000      0.02740000      0.04140000      0.00790000      0.00000000      0.00000000      0.00000000      0.00000000      0.00000000      1.40600000
     -5.36850000      0.08030000      0.00160000      0.00240000      0.00040000      0.00000000      0.00000000      0.00000000      0.00000000      0.00000000      0.08470000
     -5.31850000      0.00100000      0.00000000      0.00000000      0.00000000      0.00000000      0.00000000      0.00000000      0.00000000      0.00000000      0.00100000
     -5.26850000      0.01190000      0.00020000      0.00030000      0.00030000      0.00000000      0.00000000      0.00000000      0.00000000      0.00000000      0.01270000
     -5.21850000      0.14810000      0.00500000      0.00510000      0.00440000      0.00000000      0.00000000      0.00000000      0.00000000      0.00000000      0.16260000
     -5.16850000      0.39460000      0.01230000      0.01430000      0.01060000      0.00000000      0.00000000      0.00000000      0.00000000      0.00000000      0.43180000
     -5.11850000      0.53670000      0.01030000      0.02180000      0.00690000      0.00000000      0.00000000      0.00000000      0.00000000      0.00000000      0.57570000
     -5.06850000      0.54620000      0.00750000      0.02330000      0.00390000      0.00000000      0.00000000      0.00000000      0.00000000      0.00000000      0.58090000
     -5.01850000      0.25540000      0.00640000      0.01000000      0.00650000      0.00000000      0.00000000      0.00000000      0.00000000      0.00000000      0.27830000
     -4.96850000      0.57960000      0.02290000      0.02020000      0.02700000      0.00000000      0.00000000      0.00000000      0.00000000      0.00000000      0.64970000
     -4.91850000      0.50430000      0.02010000      0.01730000      0.02350000      0.00000000      0.00000000      0.00000000      0.00000000      0.00000000      0.56520000
     -4.86850000      0.08000000      0.00320000      0.00270000      0.00370000      0.00000000      0.00000000      0.00000000      0.00000000      0.00000000      0.08960000
     -4.81850000      0.00210000      0.00000000      0.00000000      0.00000000      0.00000000      0.00000000      0.00000000      0.00000000      0.00000000      0.00210000
     -4.76850000      0.00000000      0.00000000      0.00000000      0.00000000      0.00000000      0.00000000      0.00000000      0.00000000      0.00000000      0.00000000
     -4.71850000      0.00000000      0.00000000      0.00000000      0.00000000      0.00000000      0.00000000      0.00000000      0.00000000      0.00000000      0.00000000
     -4.66850000      0.00000000      0.00000000      0.00000000      0.00000000      0.00000000      0.00000000      0.00000000      0.00000000      0.00000000      0.00000000
     -4.61850000      0.00000000      0.00000000      0.00000000      0.00000000      0.00000000      0.00000000      0.00000000      0.00000000      0.00000000      0.00000000
     -4.56850000      0.00000000      0.00000000      0.00000000      0.00000000      0.00000000      0.00000000      0.00000000      0.00000000      0.00000000      0.00000000
     -4.51850000      0.00000000      0.00000000      0.00000000      0.00000000      0.00000000      0.00000000      0.00000000      0.00000000      0.00000000      0.00000000
     -4.46850000      0.00000000      0.00000000      0.00000000      0.00000000      0.00000000      0.00000000      0.00000000      0.00000000      0.00000000      0.00000000
     -4.41850000      0.00030000      0.00000000      0.00000000      0.00000000      0.00000000      0.00000000      0.00000000      0.00000000      0.00000000      0.00030000
     -4.36850000      0.05300000      0.00060000      0.00140000      0.00020000      0.00000000      0.00000000      0.00000000      0.00000000      0.00000000      0.05520000
     -4.31850000      1.18130000      0.01670000      0.03670000      0.00470000      0.00000000      0.00000000      0.00000000      0.00000000      0.00000000      1.23940000
     -4.26850000      4.51110000      0.06320000      0.14120000      0.01760000      0.00000000      0.00000000      0.00000000      0.00000000      0.00000000      4.73310000
     -4.21850000      3.14470000      0.04430000      0.09830000      0.01240000      0.00000000      0.00000000      0.00000000      0.00000000      0.00000000      3.29970000
     -4.16850000      0.40680000      0.00570000      0.01280000      0.00180000      0.00000000      0.00000000      0.00000000      0.00000000      0.00000000      0.42710000
     -4.11850000      0.17960000      0.00360000      0.00580000      0.00480000      0.00000000      0.00000000      0.00000000      0.00000000      0.00000000      0.19380000
     -4.06850000      0.37340000      0.00760000      0.01210000      0.01060000      0.00000000      0.00000000      0.00000000      0.00000000      0.00000000      0.40370000
     -4.01850000      0.15290000      0.00320000      0.00470000      0.00450000      0.00000000      0.00000000      0.00000000      0.00000000      0.00000000      0.16530000
     -3.96850000      0.05650000      0.00230000      0.00080000      0.00210000      0.00000000      0.00000000      0.00000000      0.00000000      0.00000000      0.06170000
     -3.91850000      0.57840000      0.02590000      0.00700000      0.02280000      0.00000000      0.00000000      0.00000000      0.00000000      0.00000000      0.63410000
     -3.86850000      1.79150000      0.07060000      0.01830000      0.06570000      0.00000000      0.00000000      0.00000000      0.00000000      0.00000000      1.94610000
     -3.81850000      2.23160000      0.07910000      0.01920000      0.07600000      0.00000000      0.00000000      0.00000000      0.00000000      0.00000000      2.40590000
     -3.76850000      2.23790000      0.06420000      0.02160000      0.08270000      0.00000000      0.00000000      0.00000000      0.00000000      0.00000000      2.40640000
     -3.71850000      1.71590000      0.04560000      0.01510000      0.06470000      0.00000000      0.00000000      0.00000000      0.00000000      0.00000000      1.84130000
     -3.66850000      0.80440000      0.02810000      0.00780000      0.03540000      0.00000000      0.00000000      0.00000000      0.00000000      0.00000000      0.87570000
     -3.61850000      0.48140000      0.02100000      0.00590000      0.02530000      0.00000000      0.00000000      0.00000000      0.00000000      0.00000000      0.53360000
     -3.56850000      0.11820000      0.00490000      0.00140000      0.00600000      0.00000000      0.00000000      0.00000000      0.00000000      0.00000000      0.13050000
     -3.51850000      0.05700000      0.00180000      0.00130000      0.00240000      0.00000000      0.00000000      0.00000000      0.00000000      0.00000000      0.06250000
     -3.46850000      0.05950000      0.00180000      0.00130000      0.00250000      0.00000000      0.00000000      0.00000000      0.00000000      0.00000000      0.06510000
     -3.41850000      0.03110000      0.00110000      0.00050000      0.00110000      0.00000000      0.00000000      0.00000000      0.00000000      0.00000000      0.03380000
     -3.36850000      0.00670000      0.00020000      0.00000000      0.00000000      0.00000000      0.00000000      0.00000000      0.00000000      0.00000000      0.00690000
     -3.31850000      0.01000000      0.00000000      0.00000000      0.00000000      0.00000000      0.00000000      0.00000000      0.00000000      0.00000000      0.01000000
     -3.26850000      0.12680000      0.00240000      0.00270000      0.00070000      0.00000000      0.00000000      0.00000000      0.00000000      0.00000000      0.13260000
     -3.21850000      0.62230000      0.01080000      0.01330000      0.00260000      0.00000000      0.00000000      0.00000000      0.00000000      0.00000000      0.64900000
     -3.16850000      0.97210000      0.01640000      0.02200000      0.00320000      0.00000000      0.00000000      0.00000000      0.00000000      0.00000000      1.01370000
     -3.11850000      0.96440000      0.01590000      0.02240000      0.00300000      0.00000000      0.00000000      0.00000000      0.00000000      0.00000000      1.00570000
     -3.06850000      2.00000000      0.03060000      0.05050000      0.00440000      0.00000000      0.00000000      0.00000000      0.00000000      0.00000000      2.08550000
     -3.01850000      3.72360000      0.05290000      0.09910000      0.00660000      0.00000000      0.00000000      0.00000000      0.00000000      0.00000000      3.88220000
     -2.96850000      3.79110000      0.05690000      0.09420000      0.00740000      0.00000000      0.00000000      0.00000000      0.00000000      0.00000000      3.94960000
     -2.91850000      1.63250000      0.02590000      0.03850000      0.00400000      0.00000000      0.00000000      0.00000000      0.00000000      0.00000000      1.70090000
     -2.86850000      0.23940000      0.00350000      0.00600000      0.00100000      0.00000000      0.00000000      0.00000000      0.00000000      0.00000000      0.24990000
     -2.81850000      0.01190000      0.00000000      0.00020000      0.00000000      0.00000000      0.00000000      0.00000000      0.00000000      0.00000000      0.01210000
     -2.76850000      0.00010000      0.00000000      0.00000000      0.00000000      0.00000000      0.00000000      0.00000000      0.00000000      0.00000000      0.00010000
     -2.71850000      0.02310000      0.00080000      0.00000000      0.00010000      0.00000000      0.00000000      0.00000000      0.00000000      0.00000000      0.02400000
     -2.66850000      0.39310000      0.01370000      0.00230000      0.00360000      0.00000000      0.00000000      0.00000000      0.00000000      0.00000000      0.41270000
     -2.61850000      1.20900000      0.04270000      0.00700000      0.01160000      0.00000000      0.00000000      0.00000000      0.00000000      0.00000000      1.27030000
     -2.56850000      1.33210000      0.04850000      0.00540000      0.01420000      0.00000000      0.00000000      0.00000000      0.00000000      0.00000000      1.40020000
     -2.51850000      2.54560000      0.09580000      0.00670000      0.03180000      0.00000000      0.00000000      0.00000000      0.00000000      0.00000000      2.67990000
     -2.46850000      1.72350000      0.06530000      0.00430000      0.02220000      0.00000000      0.00000000      0.00000000      0.00000000      0.00000000      1.81530000
     -2.41850000      0.22070000      0.00820000      0.00050000      0.00280000      0.00000000      0.00000000      0.00000000      0.00000000      0.00000000      0.23220000
     -2.36850000      0.06900000      0.00110000      0.00070000      0.00040000      0.00000000      0.00000000      0.00000000      0.00000000      0.00000000      0.07120000
     -2.31850000      0.29310000      0.00490000      0.00350000      0.00210000      0.00000000      0.00000000      0.00000000      0.00000000      0.00000000      0.30360000
     -2.26850000      0.54870000      0.01300000      0.00560000      0.00630000      0.00000000      0.00000000      0.00000000      0.00000000      0.00000000      0.57360000
     -2.21850000      1.17110000      0.03280000      0.01100000      0.01700000      0.00000000      0.00000000      0.00000000      0.00000000      0.00000000      1.23190000
     -2.16850000      0.97910000      0.02460000      0.00990000      0.01390000      0.00000000      0.00000000      0.00000000      0.00000000      0.00000000      1.02750000
     -2.11850000      0.65250000      0.01130000      0.00780000      0.00790000      0.00000000      0.00000000      0.00000000      0.00000000      0.00000000      0.67950000
     -2.06850000      0.88660000      0.01280000      0.01120000      0.00790000      0.00000000      0.00000000      0.00000000      0.00000000      0.00000000      0.91850000
     -2.01850000      1.75340000      0.02050000      0.02920000      0.00600000      0.00000000      0.00000000      0.00000000      0.00000000      0.00000000      1.80910000
     -1.96850000      4.84460000      0.04920000      0.09630000      0.00620000      0.00000000      0.00000000      0.00000000      0.00000000      0.00000000      4.99630000
     -1.91850000      4.70320000      0.04900000      0.09670000      0.00890000      0.00000000      0.00000000      0.00000000      0.00000000      0.00000000      4.85780000
     -1.86850000      1.71460000      0.02510000      0.03590000      0.02160000      0.00000000      0.00000000      0.00000000      0.00000000      0.00000000      1.79720000
     -1.81850000      1.90700000      0.03440000      0.04020000      0.04940000      0.00000000      0.00000000      0.00000000      0.00000000      0.00000000      2.03100000
     -1.76850000      1.52880000      0.03160000      0.03090000      0.05970000      0.00000000      0.00000000      0.00000000      0.00000000      0.00000000      1.65100000
     -1.71850000      0.45020000      0.01030000      0.00870000      0.02260000      0.00000000      0.00000000      0.00000000      0.00000000      0.00000000      0.49180000
     -1.66850000      0.04240000      0.00090000      0.00050000      0.00170000      0.00000000      0.00000000      0.00000000      0.00000000      0.00000000      0.04550000
     -1.61850000      0.38440000      0.01040000      0.00120000      0.00330000      0.00000000      0.00000000      0.00000000      0.00000000      0.00000000      0.39930000
     -1.56850000      2.32320000      0.06260000      0.00740000      0.02120000      0.00000000      0.00000000      0.00000000      0.00000000      0.00000000      2.41440000
     -1.51850000      2.91200000      0.07600000      0.01130000      0.03120000      0.00000000      0.00000000      0.00000000      0.00000000      0.00000000      3.03050000
     -1.46850000      1.35920000      0.03220000      0.00720000      0.01840000      0.00000000      0.00000000      0.00000000      0.00000000      0.00000000      1.41700000
     -1.41850000      0.73150000      0.01160000      0.00770000      0.00490000      0.00000000      0.00000000      0.00000000      0.00000000      0.00000000      0.75570000
     -1.36850000      3.88970000      0.03470000      0.05930000      0.01210000      0.00000000      0.00000000      0.00000000      0.00000000      0.00000000      3.99580000
     -1.31850000      7.35550000      0.06460000      0.10980000      0.04590000      0.00000000      0.00000000      0.00000000      0.00000000      0.00000000      7.57580000
     -1.26850000      3.01330000      0.02700000      0.04370000      0.03390000      0.00000000      0.00000000      0.00000000      0.00000000      0.00000000      3.11790000
     -1.21850000      0.56830000      0.00640000      0.00880000      0.00580000      0.00000000      0.00000000      0.00000000      0.00000000      0.00000000      0.58930000
     -1.16850000      0.27380000      0.00300000      0.00410000      0.00450000      0.00000000      0.00000000      0.00000000      0.00000000      0.00000000      0.28540000
     -1.11850000      0.44190000      0.00460000      0.00630000      0.01100000      0.00000000      0.00000000      0.00000000      0.00000000      0.00000000      0.46380000
     -1.06850000      0.34060000      0.00340000      0.00520000      0.00700000      0.00000000      0.00000000      0.00000000      0.00000000      0.00000000      0.35620000
     -1.01850000      0.18000000      0.00200000      0.00260000      0.00410000      0.00000000      0.00000000      0.00000000      0.00000000      0.00000000      0.18870000
     -0.96850000      0.13520000      0.00270000      0.00210000      0.00370000      0.00000000      0.00000000      0.00000000      0.00000000      0.00000000      0.14370000
     -0.91850000      0.15370000      0.00580000      0.00410000      0.00210000      0.00000000      0.00000000      0.00000000      0.00000000      0.00000000      0.16570000
     -0.86850000      0.21880000      0.00780000      0.00590000      0.00150000      0.00000000      0.00000000      0.00000000      0.00000000      0.00000000      0.23400000
     -0.81850000      0.31870000      0.01210000      0.00790000      0.00190000      0.00000000      0.00000000      0.00000000      0.00000000      0.00000000      0.34060000
     -0.76850000      0.33470000      0.01360000      0.00890000      0.00260000      0.00000000      0.00000000      0.00000000      0.00000000      0.00000000      0.35980000
     -0.71850000      0.26640000      0.00970000      0.00760000      0.00260000      0.00000000      0.00000000      0.00000000      0.00000000      0.00000000      0.28630000
     -0.66850000      0.17810000      0.00590000      0.00520000      0.00170000      0.00000000      0.00000000      0.00000000      0.00000000      0.00000000      0.19090000
     -0.61850000      0.06950000      0.00280000      0.00260000      0.00050000      0.00000000      0.00000000      0.00000000      0.00000000      0.00000000      0.07540000
     -0.56850000      0.05670000      0.00290000      0.00210000      0.00030000      0.00000000      0.00000000      0.00000000      0.00000000      0.00000000      0.06200000
     -0.51850000      0.09390000      0.00460000      0.00430000      0.00070000      0.00000000      0.00000000      0.00000000      0.00000000      0.00000000      0.10350000
     -0.46850000      0.10260000      0.00510000      0.00470000      0.00080000      0.00000000      0.00000000      0.00000000      0.00000000      0.00000000      0.11320000
     -0.41850000      0.07090000      0.00340000      0.00330000      0.00070000      0.00000000      0.00000000      0.00000000      0.00000000      0.00000000      0.07830000
     -0.36850000      0.05960000      0.00310000      0.00300000      0.00060000      0.00000000      0.00000000      0.00000000      0.00000000      0.00000000      0.06630000
     -0.31850000      0.06020000      0.00350000      0.00290000      0.00060000      0.00000000      0.00000000      0.00000000      0.00000000      0.00000000      0.06720000
     -0.26850000      0.05350000      0.00220000      0.00270000      0.00050000      0.00000000      0.00000000      0.00000000      0.00000000      0.00000000      0.05890000
     -0.21850000      0.03680000      0.00190000      0.00190000      0.00030000      0.00000000      0.00000000      0.00000000      0.00000000      0.00000000      0.04090000
     -0.16850000      0.02750000      0.00120000      0.00140000      0.00010000      0.00000000      0.00000000      0.00000000      0.00000000      0.00000000      0.03020000
     -0.11850000      0.03470000      0.00220000      0.00140000      0.00000000      0.00000000      0.00000000      0.00000000      0.00000000      0.00000000      0.03830000
     -0.06850000      0.03360000      0.00250000      0.00140000      0.00000000      0.00000000      0.00000000      0.00000000      0.00000000      0.00000000      0.03750000
     -0.01850000      0.01180000      0.00070000      0.00060000      0.00010000      0.00000000      0.00000000      0.00000000      0.00000000      0.00000000      0.01320000
      0.03150000      0.00420000      0.00020000      0.00030000      0.00010000      0.00000000      0.00000000      0.00000000      0.00000000      0.00000000      0.00480000
      0.08150000      0.00080000      0.00010000      0.00000000      0.00000000      0.00000000      0.00000000      0.00000000      0.00000000      0.00000000      0.00090000
      0.13150000      0.00000000      0.00000000      0.00000000      0.00000000      0.00000000      0.00000000      0.00000000      0.00000000      0.00000000      0.00000000
      0.18150000      0.00000000      0.00000000      0.00000000      0.00000000      0.00000000      0.00000000      0.00000000      0.00000000      0.00000000      0.00000000
      0.23150000      0.00000000      0.00000000      0.00000000      0.00000000      0.00000000      0.00000000      0.00000000      0.00000000      0.00000000      0.00000000
      0.28150000      0.00020000      0.00000000      0.00000000      0.00000000      0.00000000      0.00000000      0.00000000      0.00000000      0.00000000      0.00020000
      0.33150000      0.00090000      0.00000000      0.00000000      0.00000000      0.00000000      0.00000000      0.00000000      0.00000000      0.00000000      0.00090000
      0.38150000      0.00060000      0.00000000      0.00000000      0.00000000      0.00000000      0.00000000      0.00000000      0.00000000      0.00000000      0.00060000
      0.43150000      0.00000000      0.00000000      0.00000000      0.00000000      0.00000000      0.00000000      0.00000000      0.00000000      0.00000000      0.00000000
      0.48150000      0.00000000      0.00000000      0.00000000      0.00000000      0.00000000      0.00000000      0.00000000      0.00000000      0.00000000      0.00000000
      0.53150000      0.00000000      0.00000000      0.00000000      0.00000000      0.00000000      0.00000000      0.00000000      0.00000000      0.00000000      0.00000000
      0.58150000      0.00000000      0.00000000      0.00000000      0.00000000      0.00000000      0.00000000      0.00000000      0.00000000      0.00000000      0.00000000
      0.63150000      0.00000000      0.00000000      0.00000000      0.00000000      0.00000000      0.00000000      0.00000000      0.00000000      0.00000000      0.00000000
      0.68150000      0.00000000      0.00000000      0.00000000      0.00000000      0.00000000      0.00000000      0.00000000      0.00000000      0.00000000      0.00000000
      0.73150000      0.00000000      0.00000000      0.00000000      0.00000000      0.00000000      0.00000000      0.00000000      0.00000000      0.00000000      0.00000000
      0.78150000      0.00000000      0.00000000      0.00000000      0.00000000      0.00000000      0.00000000      0.00000000      0.00000000      0.00000000      0.00000000
      0.83150000      0.00000000      0.00000000      0.00000000      0.00000000      0.00000000      0.00000000      0.00000000      0.00000000      0.00000000      0.00000000
      0.88150000      0.00030000      0.00000000      0.00000000      0.00000000      0.00000000      0.00000000      0.00000000      0.00000000      0.00000000      0.00030000
      0.93150000      0.00320000      0.00030000      0.00040000      0.00000000      0.00000000      0.00000000      0.00000000      0.00000000      0.00000000      0.00390000
      0.98150000      0.00710000      0.00060000      0.00060000      0.00000000      0.00000000      0.00000000      0.00000000      0.00000000      0.00000000      0.00830000
      1.03150000      0.00500000      0.00030000      0.00030000      0.00000000      0.00000000      0.00000000      0.00000000      0.00000000      0.00000000      0.00560000
      1.08150000      0.00370000      0.00020000      0.00030000      0.00000000      0.00000000      0.00000000      0.00000000      0.00000000      0.00000000      0.00420000
      1.13150000      0.00090000      0.00000000      0.00000000      0.00000000      0.00000000      0.00000000      0.00000000      0.00000000      0.00000000      0.00090000
      1.18150000      0.00000000      0.00000000      0.00000000      0.00000000      0.00000000      0.00000000      0.00000000      0.00000000      0.00000000      0.00000000
      1.23150000      0.00000000      0.00000000      0.00000000      0.00000000      0.00000000      0.00000000      0.00000000      0.00000000      0.00000000      0.00000000
      1.28150000      0.00000000      0.00000000      0.00000000      0.00000000      0.00000000      0.00000000      0.00000000      0.00000000      0.00000000      0.00000000
      1.33150000      0.00090000      0.00000000      0.00010000      0.00000000      0.00000000      0.00000000      0.00000000      0.00000000      0.00000000      0.00100000
      1.38150000      0.01390000      0.00140000      0.00190000      0.00020000      0.00000000      0.00000000      0.00000000      0.00000000      0.00000000      0.01740000
      1.43150000      0.03860000      0.00460000      0.00560000      0.00090000      0.00000000      0.00000000      0.00000000      0.00000000      0.00000000      0.04970000
      1.48150000      0.01980000      0.00230000      0.00280000      0.00060000      0.00000000      0.00000000      0.00000000      0.00000000      0.00000000      0.02550000
      1.53150000      0.00160000      0.00020000      0.00030000      0.00000000      0.00000000      0.00000000      0.00000000      0.00000000      0.00000000      0.00210000
      1.58150000      0.00010000      0.00000000      0.00000000      0.00000000      0.00000000      0.00000000      0.00000000      0.00000000      0.00000000      0.00010000
      1.63150000      0.00700000      0.00030000      0.00090000      0.00020000      0.00000000      0.00000000      0.00000000      0.00000000      0.00000000      0.00840000
      1.68150000      0.05460000      0.00330000      0.00800000      0.00140000      0.00000000      0.00000000      0.00000000      0.00000000      0.00000000      0.06730000
      1.73150000      0.07640000      0.00440000      0.01120000      0.00200000      0.00000000      0.00000000      0.00000000      0.00000000      0.00000000      0.09400000
      1.78150000      0.01970000      0.00100000      0.00270000      0.00050000      0.00000000      0.00000000      0.00000000      0.00000000      0.00000000      0.02390000
      1.83150000      0.00330000      0.00020000      0.00040000      0.00010000      0.00000000      0.00000000      0.00000000      0.00000000      0.00000000      0.00400000
      1.88150000      0.01290000      0.00080000      0.00190000      0.00090000      0.00000000      0.00000000      0.00000000      0.00000000      0.00000000      0.01650000
      1.93150000      0.01250000      0.00080000      0.00190000      0.00090000      0.00000000      0.00000000      0.00000000      0.00000000      0.00000000      0.01610000
      1.98150000      0.00220000      0.00000000      0.00030000      0.00010000      0.00000000      0.00000000      0.00000000      0.00000000      0.00000000      0.00260000
      2.03150000      0.00000000      0.00000000      0.00000000      0.00000000      0.00000000      0.00000000      0.00000000      0.00000000      0.00000000      0.00000000
      2.08150000      0.00000000      0.00000000      0.00000000      0.00000000      0.00000000      0.00000000      0.00000000      0.00000000      0.00000000      0.00000000
      2.13150000      0.00020000      0.00000000      0.00000000      0.00000000      0.00000000      0.00000000      0.00000000      0.00000000      0.00000000      0.00020000
      2.18150000      0.00900000      0.00110000      0.00210000      0.00030000      0.00000000      0.00000000      0.00000000      0.00000000      0.00000000      0.01250000
      2.23150000      0.06310000      0.00810000      0.01420000      0.00310000      0.00000000      0.00000000      0.00000000      0.00000000      0.00000000      0.08850000
      2.28150000      0.09050000      0.01130000      0.02000000      0.00460000      0.00000000      0.00000000      0.00000000      0.00000000      0.00000000      0.12640000
      2.33150000      0.04220000      0.00440000      0.00920000      0.00210000      0.00000000      0.00000000      0.00000000      0.00000000      0.00000000      0.05790000
      2.38150000      0.01890000      0.00190000      0.00450000      0.00070000      0.00000000      0.00000000      0.00000000      0.00000000      0.00000000      0.02600000
      2.43150000      0.01350000      0.00130000      0.00320000      0.00090000      0.00000000      0.00000000      0.00000000      0.00000000      0.00000000      0.01890000
      2.48150000      0.02110000      0.00240000      0.00460000      0.00240000      0.00000000      0.00000000      0.00000000      0.00000000      0.00000000      0.03050000
      2.53150000      0.01370000      0.00160000      0.00300000      0.00150000      0.00000000      0.00000000      0.00000000      0.00000000      0.00000000      0.01980000
      2.58150000      0.00160000      0.00020000      0.00030000      0.00010000      0.00000000      0.00000000      0.00000000      0.00000000      0.00000000      0.00220000
      2.63150000      0.00000000      0.00000000      0.00000000      0.00000000      0.00000000      0.00000000      0.00000000      0.00000000      0.00000000      0.00000000
      2.68150000      0.00000000      0.00000000      0.00000000      0.00000000      0.00000000      0.00000000      0.00000000      0.00000000      0.00000000      0.00000000
      2.73150000      0.00020000      0.00000000      0.00000000      0.00010000      0.00000000      0.00000000      0.00000000      0.00000000      0.00000000      0.00030000
      2.78150000      0.01380000      0.00110000      0.00150000      0.00490000      0.00000000      0.00000000      0.00000000      0.00000000      0.00000000      0.02130000
      2.83150000      0.12160000      0.01000000      0.01440000      0.04360000      0.00000000      0.00000000      0.00000000      0.00000000      0.00000000      0.18960000
      2.88150000      0.19000000      0.01560000      0.02230000      0.06850000      0.00000000      0.00000000      0.00000000      0.00000000      0.00000000      0.29640000
      2.93150000      0.05430000      0.00450000      0.00640000      0.01940000      0.00000000      0.00000000      0.00000000      0.00000000      0.00000000      0.08460000
      2.98150000      0.00250000      0.00020000      0.00030000      0.00090000      0.00000000      0.00000000      0.00000000      0.00000000      0.00000000      0.00390000
      3.03150000      0.00000000      0.00000000      0.00000000      0.00000000      0.00000000      0.00000000      0.00000000      0.00000000      0.00000000      0.00000000
      3.08150000      0.00190000      0.00010000      0.00020000      0.00020000      0.00000000      0.00000000      0.00000000      0.00000000      0.00000000      0.00240000
      3.13150000      0.03790000      0.00140000      0.00480000      0.00490000      0.00000000      0.00000000      0.00000000      0.00000000      0.00000000      0.04900000
      3.18150000      0.13190000      0.00520000      0.01690000      0.01740000      0.00000000      0.00000000      0.00000000      0.00000000      0.00000000      0.17140000
      3.23150000      0.08380000      0.00330000      0.01070000      0.01100000      0.00000000      0.00000000      0.00000000      0.00000000      0.00000000      0.10880000
      3.28150000      0.00950000      0.00030000      0.00110000      0.00120000      0.00000000      0.00000000      0.00000000      0.00000000      0.00000000      0.01210000
      3.33150000      0.00020000      0.00000000      0.00000000      0.00000000      0.00000000      0.00000000      0.00000000      0.00000000      0.00000000      0.00020000
      3.38150000      0.00000000      0.00000000      0.00000000      0.00000000      0.00000000      0.00000000      0.00000000      0.00000000      0.00000000      0.00000000
      3.43150000      0.00000000      0.00000000      0.00000000      0.00000000      0.00000000      0.00000000      0.00000000      0.00000000      0.00000000      0.00000000
      3.48150000      0.00000000      0.00000000      0.00000000      0.00000000      0.00000000      0.00000000      0.00000000      0.00000000      0.00000000      0.00000000
      3.53150000      0.00000000      0.00000000      0.00000000      0.00000000      0.00000000      0.00000000      0.00000000      0.00000000      0.00000000      0.00000000
      3.58150000      0.00010000      0.00000000      0.00000000      0.00000000      0.00000000      0.00000000      0.00000000      0.00000000      0.00000000      0.00010000
      3.63150000      0.00040000      0.00010000      0.00010000      0.00000000      0.00000000      0.00000000      0.00000000      0.00000000      0.00000000      0.00060000
      3.68150000      0.00210000      0.00110000      0.00120000      0.00010000      0.00000000      0.00000000      0.00000000      0.00000000      0.00000000      0.00450000
      3.73150000      0.00310000      0.00180000      0.00160000      0.00030000      0.00000000      0.00000000      0.00000000      0.00000000      0.00000000      0.00680000
      3.78150000      0.00110000      0.00070000      0.00050000      0.00010000      0.00000000      0.00000000      0.00000000      0.00000000      0.00000000      0.00240000
      3.83150000      0.00000000      0.00000000      0.00000000      0.00000000      0.00000000      0.00000000      0.00000000      0.00000000      0.00000000      0.00000000
      3.88150000      0.00000000      0.00000000      0.00000000      0.00000000      0.00000000      0.00000000      0.00000000      0.00000000      0.00000000      0.00000000
      3.93150000      0.00000000      0.00000000      0.00000000      0.00000000      0.00000000      0.00000000      0.00000000      0.00000000      0.00000000      0.00000000
      3.98150000      0.00070000      0.00030000      0.00050000      0.00000000      0.00000000      0.00000000      0.00000000      0.00000000      0.00000000      0.00150000
      4.03150000      0.00440000      0.00180000      0.00280000      0.00040000      0.00000000      0.00000000      0.00000000      0.00000000      0.00000000      0.00940000
      4.08150000      0.00530000      0.00210000      0.00340000      0.00060000      0.00000000      0.00000000      0.00000000      0.00000000      0.00000000      0.01140000
      4.13150000      0.00590000      0.00100000      0.00200000      0.00060000      0.00000000      0.00000000      0.00000000      0.00000000      0.00000000      0.00950000
      4.18150000      0.00480000      0.00060000      0.00120000      0.00050000      0.00000000      0.00000000      0.00000000      0.00000000      0.00000000      0.00710000
      4.23150000      0.00130000      0.00010000      0.00040000      0.00010000      0.00000000      0.00000000      0.00000000      0.00000000      0.00000000      0.00190000
      4.28150000      0.00260000      0.00050000      0.00070000      0.00040000      0.00000000      0.00000000      0.00000000      0.00000000      0.00000000      0.00420000
      4.33150000      0.00370000      0.00090000      0.00140000      0.00040000      0.00000000      0.00000000      0.00000000      0.00000000      0.00000000      0.00640000
      4.38150000      0.00370000      0.00110000      0.00160000      0.00020000      0.00000000      0.00000000      0.00000000      0.00000000      0.00000000      0.00660000
      4.43150000      0.00180000      0.00080000      0.00100000      0.00020000      0.00000000      0.00000000      0.00000000      0.00000000      0.00000000      0.00380000
      4.48150000      0.00030000      0.00030000      0.00040000      0.00000000      0.00000000      0.00000000      0.00000000      0.00000000      0.00000000      0.00100000
      4.53150000      0.00000000      0.00000000      0.00000000      0.00000000      0.00000000      0.00000000      0.00000000      0.00000000      0.00000000      0.00000000
      4.58150000      0.00000000      0.00000000      0.00000000      0.00000000      0.00000000      0.00000000      0.00000000      0.00000000      0.00000000      0.00000000
      4.63150000      0.00090000      0.00010000      0.00030000      0.00010000      0.00000000      0.00000000      0.00000000      0.00000000      0.00000000      0.00140000
      4.68150000      0.00220000      0.00040000      0.00110000      0.00050000      0.00000000      0.00000000      0.00000000      0.00000000      0.00000000      0.00420000
      4.73150000      0.00100000      0.00030000      0.00060000      0.00010000      0.00000000      0.00000000      0.00000000      0.00000000      0.00000000      0.00200000
      4.78150000      0.00000000      0.00000000      0.00010000      0.00000000      0.00000000      0.00000000      0.00000000      0.00000000      0.00000000      0.00010000
      4.83150000      0.00120000      0.00050000      0.00090000      0.00010000      0.00000000      0.00000000      0.00000000      0.00000000      0.00000000      0.00270000
      4.88150000      0.00340000      0.00130000      0.00240000      0.00040000      0.00000000      0.00000000      0.00000000      0.00000000      0.00000000      0.00750000
      4.93150000      0.00400000      0.00190000      0.00270000      0.00060000      0.00000000      0.00000000      0.00000000      0.00000000      0.00000000      0.00920000
      4.98150000      0.00300000      0.00140000      0.00190000      0.00020000      0.00000000      0.00000000      0.00000000      0.00000000      0.00000000      0.00650000
      5.03150000      0.00240000      0.00100000      0.00160000      0.00010000      0.00000000      0.00000000      0.00000000      0.00000000      0.00000000      0.00510000
      5.08150000      0.00070000      0.00030000      0.00070000      0.00000000      0.00000000      0.00000000      0.00000000      0.00000000      0.00000000      0.00170000
      5.13150000      0.00070000      0.00040000      0.00090000      0.00000000      0.00000000      0.00000000      0.00000000      0.00000000      0.00000000      0.00200000
      5.18150000      0.00040000      0.00030000      0.00060000      0.00000000      0.00000000      0.00000000      0.00000000      0.00000000      0.00000000      0.00130000
      5.23150000      0.00000000      0.00000000      0.00010000      0.00000000      0.00000000      0.00000000      0.00000000      0.00000000      0.00000000      0.00010000
      5.28150000      0.00000000      0.00000000      0.00000000      0.00000000      0.00000000      0.00000000      0.00000000      0.00000000      0.00000000      0.00000000
      5.33150000      0.00000000      0.00000000      0.00000000      0.00000000      0.00000000      0.00000000      0.00000000      0.00000000      0.00000000      0.00000000
      5.38150000      0.00000000      0.00000000      0.00000000      0.00000000      0.00000000      0.00000000      0.00000000      0.00000000      0.00000000      0.00000000
      5.43150000      0.00000000      0.00000000      0.00000000      0.00000000      0.00000000      0.00000000      0.00000000      0.00000000      0.00000000      0.00000000
      5.48150000      0.00000000      0.00000000      0.00000000      0.00000000      0.00000000      0.00000000      0.00000000      0.00000000      0.00000000      0.00000000
      5.53150000      0.00060000      0.00080000      0.00050000      0.00000000      0.00000000      0.00000000      0.00000000      0.00000000      0.00000000      0.00190000
      5.58150000      0.00340000      0.00420000      0.00280000      0.00030000      0.00000000      0.00000000      0.00000000      0.00000000      0.00000000      0.01070000
      5.63150000      0.00300000      0.00350000      0.00230000      0.00010000      0.00000000      0.00000000      0.00000000      0.00000000      0.00000000      0.00890000
      5.68150000      0.00050000      0.00040000      0.00020000      0.00000000      0.00000000      0.00000000      0.00000000      0.00000000      0.00000000      0.00110000
      5.73150000      0.00000000      0.00000000      0.00000000      0.00000000      0.00000000      0.00000000      0.00000000      0.00000000      0.00000000      0.00000000
      5.78150000      0.00000000      0.00000000      0.00000000      0.00000000      0.00000000      0.00000000      0.00000000      0.00000000      0.00000000      0.00000000
      5.83150000      0.00000000      0.00000000      0.00000000      0.00000000      0.00000000      0.00000000      0.00000000      0.00000000      0.00000000      0.00000000
      5.88150000      0.00200000      0.00480000      0.00180000      0.00020000      0.00000000      0.00000000      0.00000000      0.00000000      0.00000000      0.00880000
      5.93150000      0.01710000      0.04100000      0.01520000      0.00200000      0.00000000      0.00000000      0.00000000      0.00000000      0.00000000      0.07530000
      5.98150000      0.02950000      0.07140000      0.02620000      0.00320000      0.00000000      0.00000000      0.00000000      0.00000000      0.00000000      0.13030000
      6.03150000      0.01600000      0.03910000      0.01410000      0.00200000      0.00000000      0.00000000      0.00000000      0.00000000      0.00000000      0.07120000
      6.08150000      0.01600000      0.04080000      0.01570000      0.00320000      0.00000000      0.00000000      0.00000000      0.00000000      0.00000000      0.07570000
      6.13150000      0.00850000      0.02380000      0.01040000      0.00290000      0.00000000      0.00000000      0.00000000      0.00000000      0.00000000      0.04560000
      6.18150000      0.00200000      0.00980000      0.00260000      0.00080000      0.00000000      0.00000000      0.00000000      0.00000000      0.00000000      0.01520000
      6.23150000      0.00460000      0.03790000      0.00390000      0.00130000      0.00000000      0.00000000      0.00000000      0.00000000      0.00000000      0.04770000
      6.28150000      0.00890000      0.05410000      0.01000000      0.00270000      0.00000000      0.00000000      0.00000000      0.00000000      0.00000000      0.07570000
      6.33150000      0.01310000      0.05970000      0.02080000      0.00410000      0.00000000      0.00000000      0.00000000      0.00000000      0.00000000      0.09770000
      6.38150000      0.01430000      0.08920000      0.02020000      0.00500000      0.00000000      0.00000000      0.00000000      0.00000000      0.00000000      0.12870000
      6.43150000      0.01350000      0.05370000      0.01570000      0.00450000      0.00000000      0.00000000      0.00000000      0.00000000      0.00000000      0.08740000
      6.48150000      0.01720000      0.04200000      0.02090000      0.00660000      0.00000000      0.00000000      0.00000000      0.00000000      0.00000000      0.08670000
      6.53150000      0.00970000      0.02690000      0.01370000      0.00400000      0.00000000      0.00000000      0.00000000      0.00000000      0.00000000      0.05430000
      6.58150000      0.00130000      0.00410000      0.00190000      0.00050000      0.00000000      0.00000000      0.00000000      0.00000000      0.00000000      0.00780000
      6.63150000      0.00000000      0.00000000      0.00000000      0.00000000      0.00000000      0.00000000      0.00000000      0.00000000      0.00000000      0.00000000
      6.68150000      0.00000000      0.00040000      0.00010000      0.00020000      0.00000000      0.00000000      0.00000000      0.00000000      0.00000000      0.00070000
      6.73150000      0.00280000      0.01300000      0.00730000      0.00590000      0.00000000      0.00000000      0.00000000      0.00000000      0.00000000      0.02900000
      6.78150000      0.01340000      0.05690000      0.03000000      0.02560000      0.00000000      0.00000000      0.00000000      0.00000000      0.00000000      0.12590000
      6.83150000      0.02840000      0.07730000      0.03140000      0.03080000      0.00000000      0.00000000      0.00000000      0.00000000      0.00000000      0.16790000
      6.88150000      0.04080000      0.06950000      0.02860000      0.02640000      0.00000000      0.00000000      0.00000000      0.00000000      0.00000000      0.16530000
      6.93150000      0.03080000      0.04630000      0.02500000      0.01460000      0.00000000      0.00000000      0.00000000      0.00000000      0.00000000      0.11670000
      6.98150000      0.01730000      0.04380000      0.01260000      0.00550000      0.00000000      0.00000000      0.00000000      0.00000000      0.00000000      0.07920000
      7.03150000      0.00610000      0.02110000      0.00330000      0.00170000      0.00000000      0.00000000      0.00000000      0.00000000      0.00000000      0.03220000
      7.08150000      0.00040000      0.00240000      0.00020000      0.00000000      0.00000000      0.00000000      0.00000000      0.00000000      0.00000000      0.00300000
      7.13150000      0.00000000      0.00000000      0.00000000      0.00000000      0.00000000      0.00000000      0.00000000      0.00000000      0.00000000      0.00000000
      7.18150000      0.00000000      0.00000000      0.00000000      0.00000000      0.00000000      0.00000000      0.00000000      0.00000000      0.00000000      0.00000000
      7.23150000      0.00000000      0.00000000      0.00000000      0.00000000      0.00000000      0.00000000      0.00000000      0.00000000      0.00000000      0.00000000
      7.28150000      0.00000000      0.00000000      0.00000000      0.00000000      0.00000000      0.00000000      0.00000000      0.00000000      0.00000000      0.00000000
      7.33150000      0.00000000      0.00000000      0.00000000      0.00000000      0.00000000      0.00000000      0.00000000      0.00000000      0.00000000      0.00000000
      7.38150000      0.00000000      0.00000000      0.00000000      0.00000000      0.00000000      0.00000000      0.00000000      0.00000000      0.00000000      0.00000000
      7.43150000      0.00000000      0.00000000      0.00000000      0.00000000      0.00000000      0.00000000      0.00000000      0.00000000      0.00000000      0.00000000
      7.48150000      0.00000000      0.00000000      0.00000000      0.00000000      0.00000000      0.00000000      0.00000000      0.00000000      0.00000000      0.00000000
      7.53150000      0.00000000      0.00000000      0.00000000      0.00000000      0.00000000      0.00000000      0.00000000      0.00000000      0.00000000      0.00000000
      7.58150000      0.00000000      0.00000000      0.00000000      0.00000000      0.00000000      0.00000000      0.00000000      0.00000000      0.00000000      0.00000000
      7.63150000      0.00000000      0.00000000      0.00000000      0.00000000      0.00000000      0.00000000      0.00000000      0.00000000      0.00000000      0.00000000
      7.68150000      0.00000000      0.00000000      0.00000000      0.00000000      0.00000000      0.00000000      0.00000000      0.00000000      0.00000000      0.00000000
      7.73150000      0.00000000      0.00000000      0.00000000      0.00000000      0.00000000      0.00000000      0.00000000      0.00000000      0.00000000      0.00000000
      7.78150000      0.00000000      0.00000000      0.00000000      0.00000000      0.00000000      0.00000000      0.00000000      0.00000000      0.00000000      0.00000000
      7.83150000      0.00000000      0.00000000      0.00000000      0.00000000      0.00000000      0.00000000      0.00000000      0.00000000      0.00000000      0.00000000
      7.88150000      0.00000000      0.00000000      0.00000000      0.00000000      0.00000000      0.00000000      0.00000000      0.00000000      0.00000000      0.00000000
      7.93150000      0.00000000      0.00000000      0.00000000      0.00000000      0.00000000      0.00000000      0.00000000      0.00000000      0.00000000      0.00000000
      7.98150000      0.00000000      0.00000000      0.00000000      0.00000000      0.00000000      0.00000000      0.00000000      0.00000000      0.00000000      0.00000000
      8.03150000      0.00000000      0.00000000      0.00000000      0.00000000      0.00000000      0.00000000      0.00000000      0.00000000      0.00000000      0.00000000
      8.08150000      0.00000000      0.00000000      0.00000000      0.00000000      0.00000000      0.00000000      0.00000000      0.00000000      0.00000000      0.00000000
      8.13150000      0.00000000      0.00000000      0.00000000      0.00000000      0.00000000      0.00000000      0.00000000      0.00000000      0.00000000      0.00000000
      8.18150000      0.00000000      0.00000000      0.00000000      0.00000000      0.00000000      0.00000000      0.00000000      0.00000000      0.00000000      0.00000000
      8.23150000      0.00000000      0.00000000      0.00000000      0.00000000      0.00000000      0.00000000      0.00000000      0.00000000      0.00000000      0.00000000
      8.28150000      0.00000000      0.00000000      0.00000000      0.00000000      0.00000000      0.00000000      0.00000000      0.00000000      0.00000000      0.00000000
      8.33150000      0.00000000      0.00000000      0.00000000      0.00000000      0.00000000      0.00000000      0.00000000      0.00000000      0.00000000      0.00000000
      8.38150000      0.00000000      0.00000000      0.00000000      0.00000000      0.00000000      0.00000000      0.00000000      0.00000000      0.00000000      0.00000000
      8.43150000      0.00000000      0.00000000      0.00000000      0.00000000      0.00000000      0.00000000      0.00000000      0.00000000      0.00000000      0.00000000
      8.48150000      0.00000000      0.00000000      0.00000000      0.00000000      0.00000000      0.00000000      0.00000000      0.00000000      0.00000000      0.00000000
      8.53150000      0.00000000      0.00000000      0.00000000      0.00000000      0.00000000      0.00000000      0.00000000      0.00000000      0.00000000      0.00000000
      8.58150000      0.00000000      0.00000000      0.00000000      0.00000000      0.00000000      0.00000000      0.00000000      0.00000000      0.00000000      0.00000000
      8.63150000      0.00000000      0.00000000      0.00000000      0.00000000      0.00000000      0.00000000      0.00000000      0.00000000      0.00000000      0.00000000
      8.68150000      0.00000000      0.00000000      0.00000000      0.00000000      0.00000000      0.00000000      0.00000000      0.00000000      0.00000000      0.00000000
      8.73150000      0.00000000      0.00000000      0.00000000      0.00000000      0.00000000      0.00000000      0.00000000      0.00000000      0.00000000      0.00000000
      8.78150000      0.00000000      0.00000000      0.00000000      0.00000000      0.00000000      0.00000000      0.00000000      0.00000000      0.00000000      0.00000000
      8.83150000      0.00000000      0.00000000      0.00000000      0.00000000      0.00000000      0.00000000      0.00000000      0.00000000      0.00000000      0.00000000
      8.88150000      0.00000000      0.00000000      0.00000000      0.00000000      0.00000000      0.00000000      0.00000000      0.00000000      0.00000000      0.00000000
      8.93150000      0.00000000      0.00000000      0.00000000      0.00000000      0.00000000      0.00000000      0.00000000      0.00000000      0.00000000      0.00000000
      8.98150000      0.00000000      0.00000000      0.00000000      0.00000000      0.00000000      0.00000000      0.00000000      0.00000000      0.00000000      0.00000000
      9.03150000      0.00000000      0.00000000      0.00000000      0.00000000      0.00000000      0.00000000      0.00000000      0.00000000      0.00000000      0.00000000
      9.08150000      0.00000000      0.00000000      0.00000000      0.00000000      0.00000000      0.00000000      0.00000000      0.00000000      0.00000000      0.00000000
      9.13150000      0.00000000      0.00000000      0.00000000      0.00000000      0.00000000      0.00000000      0.00000000      0.00000000      0.00000000      0.00000000
      9.18150000      0.00000000      0.00000000      0.00000000      0.00000000      0.00000000      0.00000000      0.00000000      0.00000000      0.00000000      0.00000000
      9.23150000      0.00000000      0.00000000      0.00000000      0.00000000      0.00000000      0.00000000      0.00000000      0.00000000      0.00000000      0.00000000
      9.28150000      0.00000000      0.00000000      0.00000000      0.00000000      0.00000000      0.00000000      0.00000000      0.00000000      0.00000000      0.00000000
      9.33150000      0.00000000      0.00000000      0.00000000      0.00000000      0.00000000      0.00000000      0.00000000      0.00000000      0.00000000      0.00000000
      9.38150000      0.00000000      0.00000000      0.00000000      0.00000000      0.00000000      0.00000000      0.00000000      0.00000000      0.00000000      0.00000000
      9.43150000      0.00000000      0.00000000      0.00000000      0.00000000      0.00000000      0.00000000      0.00000000      0.00000000      0.00000000      0.00000000
      9.48150000      0.00000000      0.00000000      0.00000000      0.00000000      0.00000000      0.00000000      0.00000000      0.00000000      0.00000000      0.00000000
      9.53150000      0.00000000      0.00000000      0.00000000      0.00000000      0.00000000      0.00000000      0.00000000      0.00000000      0.00000000      0.00000000
      9.58150000      0.00000000      0.00000000      0.00000000      0.00000000      0.00000000      0.00000000      0.00000000      0.00000000      0.00000000      0.00000000
      9.63150000      0.00000000      0.00000000      0.00000000      0.00000000      0.00000000      0.00000000      0.00000000      0.00000000      0.00000000      0.00000000
      9.68150000      0.00000000      0.00000000      0.00000000      0.00000000      0.00000000      0.00000000      0.00000000      0.00000000      0.00000000      0.00000000
      9.73150000      0.00000000      0.00000000      0.00000000      0.00000000      0.00000000      0.00000000      0.00000000      0.00000000      0.00000000      0.00000000
      9.78150000      0.00000000      0.00000000      0.00000000      0.00000000      0.00000000      0.00000000      0.00000000      0.00000000      0.00000000      0.00000000
      9.83150000      0.00000000      0.00000000      0.00000000      0.00000000      0.00000000      0.00000000      0.00000000      0.00000000      0.00000000      0.00000000
      9.88150000      0.00000000      0.00000000      0.00000000      0.00000000      0.00000000      0.00000000      0.00000000      0.00000000      0.00000000      0.00000000
      9.93150000      0.00000000      0.00000000      0.00000000      0.00000000      0.00000000      0.00000000      0.00000000      0.00000000      0.00000000      0.00000000
      9.98150000      0.00000000      0.00000000      0.00000000      0.00000000      0.00000000      0.00000000      0.00000000      0.00000000      0.00000000      0.00000000
     10.03150000      0.00000000      0.00000000      0.00000000      0.00000000      0.00000000      0.00000000      0.00000000      0.00000000      0.00000000      0.00000000
     10.08150000      0.00000000      0.00000000      0.00000000      0.00000000      0.00000000      0.00000000      0.00000000      0.00000000      0.00000000      0.00000000
     10.13150000      0.00000000      0.00000000      0.00000000      0.00000000      0.00000000      0.00000000      0.00000000      0.00000000      0.00000000      0.00000000
     10.18150000      0.00000000      0.00000000      0.00000000      0.00000000      0.00000000      0.00000000      0.00000000      0.00000000      0.00000000      0.00000000
     10.23150000      0.00000000      0.00000000      0.00000000      0.00000000      0.00000000      0.00000000      0.00000000      0.00000000      0.00000000      0.00000000
     10.28150000      0.00000000      0.00000000      0.00000000      0.00000000      0.00000000      0.00000000      0.00000000      0.00000000      0.00000000      0.00000000
     10.33150000      0.00000000      0.00000000      0.00000000      0.00000000      0.00000000      0.00000000      0.00000000      0.00000000      0.00000000      0.00000000
     10.38150000      0.00000000      0.00000000      0.00000000      0.00000000      0.00000000      0.00000000      0.00000000      0.00000000      0.00000000      0.00000000
     10.43150000      0.00000000      0.00000000      0.00000000      0.00000000      0.00000000      0.00000000      0.00000000      0.00000000      0.00000000      0.00000000
     10.48150000      0.00000000      0.00000000      0.00000000      0.00000000      0.00000000      0.00000000      0.00000000      0.00000000      0.00000000      0.00000000
     10.53150000      0.00000000      0.00000000      0.00000000      0.00000000      0.00000000      0.00000000      0.00000000      0.00000000      0.00000000      0.00000000
     10.58150000      0.00000000      0.00000000      0.00000000      0.00000000      0.00000000      0.00000000      0.00000000      0.00000000      0.00000000      0.00000000
     10.63150000      0.00000000      0.00000000      0.00000000      0.00000000      0.00000000      0.00000000      0.00000000      0.00000000      0.00000000      0.00000000
     10.68150000      0.00000000      0.00000000      0.00000000      0.00000000      0.00000000      0.00000000      0.00000000      0.00000000      0.00000000      0.00000000
     10.73150000      0.00000000      0.00000000      0.00000000      0.00000000      0.00000000      0.00000000      0.00000000      0.00000000      0.00000000      0.00000000
     10.78150000      0.00000000      0.00000000      0.00000000      0.00000000      0.00000000      0.00000000      0.00000000      0.00000000      0.00000000      0.00000000
     10.83150000      0.00000000      0.00000000      0.00000000      0.00000000      0.00000000      0.00000000      0.00000000      0.00000000      0.00000000      0.00000000
     10.88150000      0.00000000      0.00000000      0.00000000      0.00000000      0.00000000      0.00000000      0.00000000      0.00000000      0.00000000      0.00000000
     10.93150000      0.00000000      0.00000000      0.00000000      0.00000000      0.00000000      0.00000000      0.00000000      0.00000000      0.00000000      0.00000000
     10.98150000      0.00000000      0.00000000      0.00000000      0.00000000      0.00000000      0.00000000      0.00000000      0.00000000      0.00000000      0.00000000
     11.03150000      0.00000000      0.00000000      0.00000000      0.00000000      0.00000000      0.00000000      0.00000000      0.00000000      0.00000000      0.00000000
     11.08150000      0.00000000      0.00000000      0.00000000      0.00000000      0.00000000      0.00000000      0.00000000      0.00000000      0.00000000      0.00000000
     11.13150000      0.00000000      0.00000000      0.00000000      0.00000000      0.00000000      0.00000000      0.00000000      0.00000000      0.00000000      0.00000000
     11.18150000      0.00000000      0.00000000      0.00000000      0.00000000      0.00000000      0.00000000      0.00000000      0.00000000      0.00000000      0.00000000
     11.23150000      0.00000000      0.00000000      0.00000000      0.00000000      0.00000000      0.00000000      0.00000000      0.00000000      0.00000000      0.00000000
     11.28150000      0.00000000      0.00000000      0.00000000      0.00000000      0.00000000      0.00000000      0.00000000      0.00000000      0.00000000      0.00000000
     11.33150000      0.00000000      0.00000000      0.00000000      0.00000000      0.00000000      0.00000000      0.00000000      0.00000000      0.00000000      0.00000000
     11.38150000      0.00000000      0.00000000      0.00000000      0.00000000      0.00000000      0.00000000      0.00000000      0.00000000      0.00000000      0.00000000
     11.43150000      0.00000000      0.00000000      0.00000000      0.00000000      0.00000000      0.00000000      0.00000000      0.00000000      0.00000000      0.00000000
     11.48150000      0.00000000      0.00000000      0.00000000      0.00000000      0.00000000      0.00000000      0.00000000      0.00000000      0.00000000      0.00000000
     11.53150000      0.00000000      0.00000000      0.00000000      0.00000000      0.00000000      0.00000000      0.00000000      0.00000000      0.00000000      0.00000000
     11.58150000      0.00000000      0.00000000      0.00000000      0.00000000      0.00000000      0.00000000      0.00000000      0.00000000      0.00000000      0.00000000
     11.63150000      0.00000000      0.00000000      0.00000000      0.00000000      0.00000000      0.00000000      0.00000000      0.00000000      0.00000000      0.00000000
     11.68150000      0.00000000      0.00000000      0.00000000      0.00000000      0.00000000      0.00000000      0.00000000      0.00000000      0.00000000      0.00000000
     11.73150000      0.00000000      0.00000000      0.00000000      0.00000000      0.00000000      0.00000000      0.00000000      0.00000000      0.00000000      0.00000000
     11.78150000      0.00000000      0.00000000      0.00000000      0.00000000      0.00000000      0.00000000      0.00000000      0.00000000      0.00000000      0.00000000
     11.83150000      0.00000000      0.00000000      0.00000000      0.00000000      0.00000000      0.00000000      0.00000000      0.00000000      0.00000000      0.00000000
     11.88150000      0.00000000      0.00000000      0.00000000      0.00000000      0.00000000      0.00000000      0.00000000      0.00000000      0.00000000      0.00000000
     11.93150000      0.00000000      0.00000000      0.00000000      0.00000000      0.00000000      0.00000000      0.00000000      0.00000000      0.00000000      0.00000000
     11.98150000      0.00000000      0.00000000      0.00000000      0.00000000      0.00000000      0.00000000      0.00000000      0.00000000      0.00000000      0.00000000
     12.03150000      0.00000000      0.00000000      0.00000000      0.00000000      0.00000000      0.00000000      0.00000000      0.00000000      0.00000000      0.00000000
     12.08150000      0.00000000      0.00000000      0.00000000      0.00000000      0.00000000      0.00000000      0.00000000      0.00000000      0.00000000      0.00000000
     12.13150000      0.00000000      0.00000000      0.00000000      0.00000000      0.00000000      0.00000000      0.00000000      0.00000000      0.00000000      0.00000000
     12.18150000      0.00000000      0.00000000      0.00000000      0.00000000      0.00000000      0.00000000      0.00000000      0.00000000      0.00000000      0.00000000
     12.23150000      0.00000000      0.00000000      0.00000000      0.00000000      0.00000000      0.00000000      0.00000000      0.00000000      0.00000000      0.00000000
     12.28150000      0.00000000      0.00000000      0.00000000      0.00000000      0.00000000      0.00000000      0.00000000      0.00000000      0.00000000      0.00000000
     12.33150000      0.00000000      0.00000000      0.00000000      0.00000000      0.00000000      0.00000000      0.00000000      0.00000000      0.00000000      0.00000000
     12.38150000      0.00000000      0.00000000      0.00000000      0.00000000      0.00000000      0.00000000      0.00000000      0.00000000      0.00000000      0.00000000
     12.43150000      0.00000000      0.00000000      0.00000000      0.00000000      0.00000000      0.00000000      0.00000000      0.00000000      0.00000000      0.00000000
     12.48150000      0.00000000      0.00000000      0.00000000      0.00000000      0.00000000      0.00000000      0.00000000      0.00000000      0.00000000      0.00000000
     12.53150000      0.00000000      0.00000000      0.00000000      0.00000000      0.00000000      0.00000000      0.00000000      0.00000000      0.00000000      0.00000000
     12.58150000      0.00000000      0.00000000      0.00000000      0.00000000      0.00000000      0.00000000      0.00000000      0.00000000      0.00000000      0.00000000
     12.63150000      0.00000000      0.00000000      0.00000000      0.00000000      0.00000000      0.00000000      0.00000000      0.00000000      0.00000000      0.00000000
     12.68150000      0.00000000      0.00000000      0.00000000      0.00000000      0.00000000      0.00000000      0.00000000      0.00000000      0.00000000      0.00000000
     12.73150000      0.00000000      0.00000000      0.00000000      0.00000000      0.00000000      0.00000000      0.00000000      0.00000000      0.00000000      0.00000000
     12.78150000      0.00000000      0.00000000      0.00000000      0.00000000      0.00000000      0.00000000      0.00000000      0.00000000      0.00000000      0.00000000
     12.83150000      0.00000000      0.00000000      0.00000000      0.00000000      0.00000000      0.00000000      0.00000000      0.00000000      0.00000000      0.00000000
     12.88150000      0.00000000      0.00000000      0.00000000      0.00000000      0.00000000      0.00000000      0.00000000      0.00000000      0.00000000      0.00000000
     12.93150000      0.00000000      0.00000000      0.00000000      0.00000000      0.00000000      0.00000000      0.00000000      0.00000000      0.00000000      0.00000000
