      Energy(eV)          s               py              pz              px              dxy             dyz             dz2             dxz            dx2-y2            tot 
     -7.20780000      0.00000000      0.00000000      0.00000000      0.00010000      0.00000000      0.00000000      0.00000000      0.00000000      0.00000000      0.00010000
     -7.15780000      0.01430000      0.00890000      0.00220000      0.02000000      0.00000000      0.00000000      0.00000000      0.00000000      0.00000000      0.04540000
     -7.10780000      0.38910000      0.24700000      0.06310000      0.54950000      0.00000000      0.00000000      0.00000000      0.00000000      0.00000000      1.24870000
     -7.05780000      1.83850000      1.16490000      0.29850000      2.58840000      0.00000000      0.00000000      0.00000000      0.00000000      0.00000000      5.89030000
     -7.00780000      1.77390000      1.14440000      0.30860000      2.49480000      0.00000000      0.00000000      0.00000000      0.00000000      0.00000000      5.72170000
     -6.95780000      0.62700000      0.50080000      0.17660000      0.97100000      0.00000000      0.00000000      0.00000000      0.00000000      0.00000000      2.27540000
     -6.90780000      0.17640000      0.17640000      0.08350000      0.30880000      0.00000000      0.00000000      0.00000000      0.00000000      0.00000000      0.74510000
     -6.85780000      0.07160000      0.06530000      0.08280000      0.08820000      0.00000000      0.00000000      0.00000000      0.00000000      0.00000000      0.30790000
     -6.80780000      0.06300000      0.07610000      0.11870000      0.08670000      0.00000000      0.00000000      0.00000000      0.00000000      0.00000000      0.34450000
     -6.75780000      0.02270000      0.04220000      0.05610000      0.04110000      0.00000000      0.00000000      0.00000000      0.00000000      0.00000000      0.16210000
     -6.70780000      0.00340000      0.00880000      0.00910000      0.00750000      0.00000000      0.00000000      0.00000000      0.00000000      0.00000000      0.02880000
     -6.65780000      0.00510000      0.02750000      0.04810000      0.02260000      0.00000000      0.00000000      0.00000000      0.00000000      0.00000000      0.10330000
     -6.60780000      0.05330000      0.29550000      0.51780000      0.23980000      0.00000000      0.00000000      0.00000000      0.00000000      0.00000000      1.10640000
     -6.55780000      0.10980000      0.69260000      1.11580000      0.50990000      0.00000000      0.00000000      0.00000000      0.00000000      0.00000000      2.42810000
     -6.50780000      0.10400000      1.33000000      1.47190000      0.61520000      0.00000000      0.00000000      0.00000000      0.00000000      0.00000000      3.52110000
     -6.45780000      0.10700000      1.75850000      1.75790000      0.71130000      0.00000000      0.00000000      0.00000000      0.00000000      0.00000000      4.33470000
     -6.40780000      0.03350000      0.49900000      0.49400000      0.20450000      0.00000000      0.00000000      0.00000000      0.00000000      0.00000000      1.23100000
     -6.35780000      0.05050000      0.10000000      0.07340000      0.08860000      0.00000000      0.00000000      0.00000000      0.00000000      0.00000000      0.31250000
     -6.30780000      0.14790000      0.18260000      0.12670000      0.19670000      0.00000000      0.00000000      0.00000000      0.00000000      0.00000000      0.65390000
     -6.25780000      0.13230000      0.12680000      0.10280000      0.14020000      0.00000000      0.00000000      0.00000000      0.00000000      0.00000000      0.50210000
     -6.20780000      0.03420000      0.04000000      0.04090000      0.03700000      0.00000000      0.00000000      0.00000000      0.00000000      0.00000000      0.15210000
     -6.15780000      0.00400000      0.00980000      0.01410000      0.00680000      0.00000000      0.00000000      0.00000000      0.00000000      0.00000000      0.03470000
     -6.10780000      0.00950000      0.04590000      0.08660000      0.02750000      0.00000000      0.00000000      0.00000000      0.00000000      0.00000000      0.16950000
     -6.05780000      0.03350000      0.16730000      0.25290000      0.08230000      0.00000000      0.00000000      0.00000000      0.00000000      0.00000000      0.53600000
     -6.00780000      0.05750000      0.26610000      0.40420000      0.13510000      0.00000000      0.00000000      0.00000000      0.00000000      0.00000000      0.86290000
     -5.95780000      0.04520000      0.19760000      0.33120000      0.11060000      0.00000000      0.00000000      0.00000000      0.00000000      0.00000000      0.68460000
     -5.90780000      0.00860000      0.06670000      0.09360000      0.04430000      0.00000000      0.00000000      0.00000000      0.00000000      0.00000000      0.21320000
     -5.85780000      0.00940000      0.62260000      0.65490000      0.47260000      0.00000000      0.00000000      0.00000000      0.00000000      0.00000000      1.75950000
     -5.80780000      0.03100000      2.08720000      2.19300000      1.58490000      0.00000000      0.00000000      0.00000000      0.00000000      0.00000000      5.89610000
     -5.75780000      0.01900000      1.28140000      1.34640000      0.97300000      0.00000000      0.00000000      0.00000000      0.00000000      0.00000000      3.61980000
     -5.70780000      0.00220000      0.14020000      0.14740000      0.10650000      0.00000000      0.00000000      0.00000000      0.00000000      0.00000000      0.39630000
     -5.65780000      0.00000000      0.00260000      0.00260000      0.00190000      0.00000000      0.00000000      0.00000000      0.00000000      0.00000000      0.00710000
     -5.60780000      0.00000000      0.00000000      0.00000000      0.00000000      0.00000000      0.00000000      0.00000000      0.00000000      0.00000000      0.00000000
     -5.55780000      0.00000000      0.00000000      0.00000000      0.00000000      0.00000000      0.00000000      0.00000000      0.00000000      0.00000000      0.00000000
     -5.50780000      0.00000000      0.00000000      0.00000000      0.00000000      0.00000000      0.00000000      0.00000000      0.00000000      0.00000000      0.00000000
     -5.45780000      0.00000000      0.00000000      0.00000000      0.00000000      0.00000000      0.00000000      0.00000000      0.00000000      0.00000000      0.00000000
     -5.40780000      0.00050000      0.01930000      0.03620000      0.02270000      0.00000000      0.00000000      0.00000000      0.00000000      0.00000000      0.07870000
     -5.35780000      0.01020000      0.41280000      0.77380000      0.48230000      0.00000000      0.00000000      0.00000000      0.00000000      0.00000000      1.67910000
     -5.30780000      0.03790000      1.51790000      2.84530000      1.77360000      0.00000000      0.00000000      0.00000000      0.00000000      0.00000000      6.17470000
     -5.25780000      0.02640000      1.02520000      1.92360000      1.19620000      0.00000000      0.00000000      0.00000000      0.00000000      0.00000000      4.17140000
     -5.20780000      0.01590000      0.21770000      0.41110000      0.21640000      0.00000000      0.00000000      0.00000000      0.00000000      0.00000000      0.86110000
     -5.15780000      0.04730000      0.39190000      0.67050000      0.26370000      0.00000000      0.00000000      0.00000000      0.00000000      0.00000000      1.37340000
     -5.10780000      0.04830000      0.43210000      0.68250000      0.26640000      0.00000000      0.00000000      0.00000000      0.00000000      0.00000000      1.42930000
     -5.05780000      0.01180000      0.10790000      0.16250000      0.06410000      0.00000000      0.00000000      0.00000000      0.00000000      0.00000000      0.34630000
     -5.00780000      0.00060000      0.00510000      0.00750000      0.00280000      0.00000000      0.00000000      0.00000000      0.00000000      0.00000000      0.01600000
     -4.95780000      0.00000000      0.00010000      0.00050000      0.00030000      0.00000000      0.00000000      0.00000000      0.00000000      0.00000000      0.00090000
     -4.90780000      0.00070000      0.02260000      0.04970000      0.03150000      0.00000000      0.00000000      0.00000000      0.00000000      0.00000000      0.10450000
     -4.85780000      0.01320000      0.41840000      0.91600000      0.58270000      0.00000000      0.00000000      0.00000000      0.00000000      0.00000000      1.93030000
     -4.80780000      0.04230000      1.34580000      2.93890000      1.86820000      0.00000000      0.00000000      0.00000000      0.00000000      0.00000000      6.19520000
     -4.75780000      0.03310000      1.12720000      2.23870000      1.35030000      0.00000000      0.00000000      0.00000000      0.00000000      0.00000000      4.74930000
     -4.70780000      0.04990000      1.99220000      3.10370000      1.56660000      0.00000000      0.00000000      0.00000000      0.00000000      0.00000000      6.71240000
     -4.65780000      0.04710000      1.90300000      2.91510000      1.44840000      0.00000000      0.00000000      0.00000000      0.00000000      0.00000000      6.31360000
     -4.60780000      0.00850000      0.34260000      0.52460000      0.26070000      0.00000000      0.00000000      0.00000000      0.00000000      0.00000000      1.13640000
     -4.55780000      0.00020000      0.01040000      0.01590000      0.00780000      0.00000000      0.00000000      0.00000000      0.00000000      0.00000000      0.03430000
     -4.50780000      0.00000000      0.00000000      0.00000000      0.00000000      0.00000000      0.00000000      0.00000000      0.00000000      0.00000000      0.00000000
     -4.45780000      0.00000000      0.00000000      0.00000000      0.00000000      0.00000000      0.00000000      0.00000000      0.00000000      0.00000000      0.00000000
     -4.40780000      0.00070000      0.00900000      0.00400000      0.00740000      0.00000000      0.00000000      0.00000000      0.00000000      0.00000000      0.02110000
     -4.35780000      0.03300000      0.43100000      0.18970000      0.35480000      0.00000000      0.00000000      0.00000000      0.00000000      0.00000000      1.00850000
     -4.30780000      0.26890000      3.78860000      1.52080000      3.05780000      0.00000000      0.00000000      0.00000000      0.00000000      0.00000000      8.63610000
     -4.25780000      0.45150000      7.48850000      2.47110000      5.81950000      0.00000000      0.00000000      0.00000000      0.00000000      0.00000000     16.23060000
     -4.20780000      0.18280000      3.74740000      0.94640000      2.79040000      0.00000000      0.00000000      0.00000000      0.00000000      0.00000000      7.66700000
     -4.15780000      0.02170000      0.47480000      0.13330000      0.35160000      0.00000000      0.00000000      0.00000000      0.00000000      0.00000000      0.98140000
     -4.10780000      0.01940000      0.24030000      0.26770000      0.22860000      0.00000000      0.00000000      0.00000000      0.00000000      0.00000000      0.75600000
     -4.05780000      0.03360000      0.43090000      0.41900000      0.40310000      0.00000000      0.00000000      0.00000000      0.00000000      0.00000000      1.28660000
     -4.00780000      0.11750000      1.42730000      1.00990000      1.20050000      0.00000000      0.00000000      0.00000000      0.00000000      0.00000000      3.75520000
     -3.95780000      0.16480000      1.98640000      1.37130000      1.65360000      0.00000000      0.00000000      0.00000000      0.00000000      0.00000000      5.17610000
     -3.90780000      0.04900000      0.59920000      0.48310000      0.48210000      0.00000000      0.00000000      0.00000000      0.00000000      0.00000000      1.61340000
     -3.85780000      0.04330000      0.46280000      0.64240000      0.34050000      0.00000000      0.00000000      0.00000000      0.00000000      0.00000000      1.48900000
     -3.80780000      0.07390000      0.79720000      0.92780000      0.55560000      0.00000000      0.00000000      0.00000000      0.00000000      0.00000000      2.35450000
     -3.75780000      0.06570000      1.21040000      1.44000000      0.55510000      0.00000000      0.00000000      0.00000000      0.00000000      0.00000000      3.27120000
     -3.70780000      0.04150000      1.11210000      1.78550000      0.54100000      0.00000000      0.00000000      0.00000000      0.00000000      0.00000000      3.48010000
     -3.65780000      0.01510000      0.77840000      0.79640000      0.51420000      0.00000000      0.00000000      0.00000000      0.00000000      0.00000000      2.10410000
     -3.60780000      0.02830000      1.95520000      0.96610000      1.38050000      0.00000000      0.00000000      0.00000000      0.00000000      0.00000000      4.33010000
     -3.55780000      0.02260000      1.37900000      0.66850000      0.97570000      0.00000000      0.00000000      0.00000000      0.00000000      0.00000000      3.04580000
     -3.50780000      0.02510000      0.39410000      0.25880000      0.27370000      0.00000000      0.00000000      0.00000000      0.00000000      0.00000000      0.95170000
     -3.45780000      0.04190000      0.39320000      0.35580000      0.26060000      0.00000000      0.00000000      0.00000000      0.00000000      0.00000000      1.05150000
     -3.40780000      0.04660000      0.53330000      0.65780000      0.46080000      0.00000000      0.00000000      0.00000000      0.00000000      0.00000000      1.69850000
     -3.35780000      0.10980000      1.33980000      1.85880000      1.28310000      0.00000000      0.00000000      0.00000000      0.00000000      0.00000000      4.59150000
     -3.30780000      0.10820000      1.15430000      2.02460000      1.31750000      0.00000000      0.00000000      0.00000000      0.00000000      0.00000000      4.60460000
     -3.25780000      0.09250000      0.76290000      1.89600000      1.16870000      0.00000000      0.00000000      0.00000000      0.00000000      0.00000000      3.92010000
     -3.20780000      0.06050000      0.51550000      1.17790000      0.90520000      0.00000000      0.00000000      0.00000000      0.00000000      0.00000000      2.65910000
     -3.15780000      0.05760000      0.46770000      0.84630000      0.78500000      0.00000000      0.00000000      0.00000000      0.00000000      0.00000000      2.15660000
     -3.10780000      0.06350000      0.51240000      0.61860000      0.88210000      0.00000000      0.00000000      0.00000000      0.00000000      0.00000000      2.07660000
     -3.05780000      0.11790000      0.89630000      0.83550000      1.72130000      0.00000000      0.00000000      0.00000000      0.00000000      0.00000000      3.57100000
     -3.00780000      0.11460000      1.23240000      1.73490000      2.36760000      0.00000000      0.00000000      0.00000000      0.00000000      0.00000000      5.44950000
     -2.95780000      0.09400000      1.17460000      2.16040000      1.90320000      0.00000000      0.00000000      0.00000000      0.00000000      0.00000000      5.33220000
     -2.90780000      0.21280000      1.46360000      1.18370000      1.86740000      0.00000000      0.00000000      0.00000000      0.00000000      0.00000000      4.72750000
     -2.85780000      0.46390000      2.68730000      0.65520000      3.29000000      0.00000000      0.00000000      0.00000000      0.00000000      0.00000000      7.09640000
     -2.80780000      0.22320000      1.35940000      0.40440000      1.58490000      0.00000000      0.00000000      0.00000000      0.00000000      0.00000000      3.57190000
     -2.75780000      0.02470000      0.37230000      0.42950000      0.22890000      0.00000000      0.00000000      0.00000000      0.00000000      0.00000000      1.05540000
     -2.70780000      0.00500000      0.17430000      0.25080000      0.09130000      0.00000000      0.00000000      0.00000000      0.00000000      0.00000000      0.52140000
     -2.65780000      0.02290000      0.48180000      0.52860000      0.53600000      0.00000000      0.00000000      0.00000000      0.00000000      0.00000000      1.56930000
     -2.60780000      0.05710000      1.16710000      1.27450000      1.30100000      0.00000000      0.00000000      0.00000000      0.00000000      0.00000000      3.79970000
     -2.55780000      0.04510000      0.83700000      0.99220000      0.86620000      0.00000000      0.00000000      0.00000000      0.00000000      0.00000000      2.74050000
     -2.50780000      0.08580000      1.55880000      2.29310000      1.75150000      0.00000000      0.00000000      0.00000000      0.00000000      0.00000000      5.68920000
     -2.45780000      0.14870000      3.02870000      4.24460000      3.08940000      0.00000000      0.00000000      0.00000000      0.00000000      0.00000000     10.51140000
     -2.40780000      0.07040000      1.43750000      1.90550000      1.20270000      0.00000000      0.00000000      0.00000000      0.00000000      0.00000000      4.61610000
     -2.35780000      0.06470000      0.39680000      1.00320000      0.20790000      0.00000000      0.00000000      0.00000000      0.00000000      0.00000000      1.67260000
     -2.30780000      0.09920000      0.44760000      1.31680000      0.41410000      0.00000000      0.00000000      0.00000000      0.00000000      0.00000000      2.27770000
     -2.25780000      0.08610000      0.36000000      0.97860000      0.64620000      0.00000000      0.00000000      0.00000000      0.00000000      0.00000000      2.07090000
     -2.20780000      0.06330000      0.27890000      0.54310000      0.79360000      0.00000000      0.00000000      0.00000000      0.00000000      0.00000000      1.67890000
     -2.15780000      0.12880000      0.66690000      0.72880000      2.26660000      0.00000000      0.00000000      0.00000000      0.00000000      0.00000000      3.79110000
     -2.10780000      0.12230000      1.06030000      1.00650000      2.07510000      0.00000000      0.00000000      0.00000000      0.00000000      0.00000000      4.26420000
     -2.05780000      0.07020000      1.12400000      0.86700000      0.96490000      0.00000000      0.00000000      0.00000000      0.00000000      0.00000000      3.02610000
     -2.00780000      0.03920000      0.58500000      0.31170000      0.49270000      0.00000000      0.00000000      0.00000000      0.00000000      0.00000000      1.42860000
     -1.95780000      0.02470000      0.63850000      0.56430000      0.59640000      0.00000000      0.00000000      0.00000000      0.00000000      0.00000000      1.82390000
     -1.90780000      0.08620000      2.46370000      1.91600000      1.97100000      0.00000000      0.00000000      0.00000000      0.00000000      0.00000000      6.43690000
     -1.85780000      0.12030000      3.22230000      2.03570000      2.26280000      0.00000000      0.00000000      0.00000000      0.00000000      0.00000000      7.64110000
     -1.80780000      0.06480000      1.87590000      1.66030000      1.44520000      0.00000000      0.00000000      0.00000000      0.00000000      0.00000000      5.04620000
     -1.75780000      0.02860000      1.07890000      1.76830000      1.00600000      0.00000000      0.00000000      0.00000000      0.00000000      0.00000000      3.88180000
     -1.70780000      0.02280000      0.33050000      0.56150000      0.32010000      0.00000000      0.00000000      0.00000000      0.00000000      0.00000000      1.23490000
     -1.65780000      0.07450000      0.39920000      0.17150000      0.32650000      0.00000000      0.00000000      0.00000000      0.00000000      0.00000000      0.97170000
     -1.60780000      0.07610000      0.48020000      0.54420000      0.53220000      0.00000000      0.00000000      0.00000000      0.00000000      0.00000000      1.63270000
     -1.55780000      0.15640000      1.25320000      3.06450000      1.83000000      0.00000000      0.00000000      0.00000000      0.00000000      0.00000000      6.30410000
     -1.50780000      0.27410000      1.83250000      4.97440000      2.64500000      0.00000000      0.00000000      0.00000000      0.00000000      0.00000000      9.72600000
     -1.45780000      0.16620000      0.88270000      2.39830000      1.68070000      0.00000000      0.00000000      0.00000000      0.00000000      0.00000000      5.12790000
     -1.40780000      0.03910000      0.17180000      0.42340000      0.48510000      0.00000000      0.00000000      0.00000000      0.00000000      0.00000000      1.11940000
     -1.35780000      0.00280000      0.03730000      0.04030000      0.05550000      0.00000000      0.00000000      0.00000000      0.00000000      0.00000000      0.13590000
     -1.30780000      0.01020000      0.62830000      0.33750000      0.47410000      0.00000000      0.00000000      0.00000000      0.00000000      0.00000000      1.45010000
     -1.25780000      0.08420000      3.71460000      1.25010000      2.83720000      0.00000000      0.00000000      0.00000000      0.00000000      0.00000000      7.88610000
     -1.20780000      0.21320000      7.31350000      1.25060000      6.26880000      0.00000000      0.00000000      0.00000000      0.00000000      0.00000000     15.04610000
     -1.15780000      0.16240000      5.10270000      0.45840000      4.55590000      0.00000000      0.00000000      0.00000000      0.00000000      0.00000000     10.27940000
     -1.10780000      0.04300000      1.37340000      0.07390000      1.09870000      0.00000000      0.00000000      0.00000000      0.00000000      0.00000000      2.58900000
     -1.05780000      0.00580000      0.14750000      0.04740000      0.09960000      0.00000000      0.00000000      0.00000000      0.00000000      0.00000000      0.30030000
     -1.00780000      0.00370000      0.03620000      0.07420000      0.03040000      0.00000000      0.00000000      0.00000000      0.00000000      0.00000000      0.14450000
     -0.95780000      0.00290000      0.01430000      0.06060000      0.01710000      0.00000000      0.00000000      0.00000000      0.00000000      0.00000000      0.09490000
     -0.90780000      0.00820000      0.02260000      0.17260000      0.02560000      0.00000000      0.00000000      0.00000000      0.00000000      0.00000000      0.22900000
     -0.85780000      0.01920000      0.05180000      0.41970000      0.04640000      0.00000000      0.00000000      0.00000000      0.00000000      0.00000000      0.53710000
     -0.80780000      0.02340000      0.04920000      0.54560000      0.06380000      0.00000000      0.00000000      0.00000000      0.00000000      0.00000000      0.68200000
     -0.75780000      0.01840000      0.03610000      0.46420000      0.05530000      0.00000000      0.00000000      0.00000000      0.00000000      0.00000000      0.57400000
     -0.70780000      0.01530000      0.03700000      0.60150000      0.04620000      0.00000000      0.00000000      0.00000000      0.00000000      0.00000000      0.70000000
     -0.65780000      0.02230000      0.05350000      1.46770000      0.05630000      0.00000000      0.00000000      0.00000000      0.00000000      0.00000000      1.59980000
     -0.60780000      0.01770000      0.03750000      1.07220000      0.04340000      0.00000000      0.00000000      0.00000000      0.00000000      0.00000000      1.17080000
     -0.55780000      0.01020000      0.02070000      0.33410000      0.02380000      0.00000000      0.00000000      0.00000000      0.00000000      0.00000000      0.38880000
     -0.50780000      0.01550000      0.02740000      0.43810000      0.03090000      0.00000000      0.00000000      0.00000000      0.00000000      0.00000000      0.51190000
     -0.45780000      0.01570000      0.03260000      0.39740000      0.03170000      0.00000000      0.00000000      0.00000000      0.00000000      0.00000000      0.47740000
     -0.40780000      0.00960000      0.02720000      0.15620000      0.01890000      0.00000000      0.00000000      0.00000000      0.00000000      0.00000000      0.21190000
     -0.35780000      0.00890000      0.01870000      0.10140000      0.01500000      0.00000000      0.00000000      0.00000000      0.00000000      0.00000000      0.14400000
     -0.30780000      0.00740000      0.01580000      0.08020000      0.01360000      0.00000000      0.00000000      0.00000000      0.00000000      0.00000000      0.11700000
     -0.25780000      0.00430000      0.01550000      0.04070000      0.01360000      0.00000000      0.00000000      0.00000000      0.00000000      0.00000000      0.07410000
     -0.20780000      0.00300000      0.01230000      0.02950000      0.01070000      0.00000000      0.00000000      0.00000000      0.00000000      0.00000000      0.05550000
     -0.15780000      0.00240000      0.00860000      0.04220000      0.00790000      0.00000000      0.00000000      0.00000000      0.00000000      0.00000000      0.06110000
     -0.10780000      0.00590000      0.00630000      0.16080000      0.01170000      0.00000000      0.00000000      0.00000000      0.00000000      0.00000000      0.18470000
     -0.05780000      0.00890000      0.00740000      0.24090000      0.01600000      0.00000000      0.00000000      0.00000000      0.00000000      0.00000000      0.27320000
     -0.00780000      0.00310000      0.00390000      0.07340000      0.00550000      0.00000000      0.00000000      0.00000000      0.00000000      0.00000000      0.08590000
      0.04220000      0.00020000      0.00170000      0.00540000      0.00110000      0.00000000      0.00000000      0.00000000      0.00000000      0.00000000      0.00840000
      0.09220000      0.00000000      0.00010000      0.00010000      0.00000000      0.00000000      0.00000000      0.00000000      0.00000000      0.00000000      0.00020000
      0.14220000      0.00000000      0.00000000      0.00000000      0.00000000      0.00000000      0.00000000      0.00000000      0.00000000      0.00000000      0.00000000
      0.19220000      0.00000000      0.00000000      0.00000000      0.00000000      0.00000000      0.00000000      0.00000000      0.00000000      0.00000000      0.00000000
      0.24220000      0.00000000      0.00000000      0.00000000      0.00000000      0.00000000      0.00000000      0.00000000      0.00000000      0.00000000      0.00000000
      0.29220000      0.00000000      0.00000000      0.00130000      0.00000000      0.00000000      0.00000000      0.00000000      0.00000000      0.00000000      0.00130000
      0.34220000      0.00030000      0.00040000      0.00320000      0.00030000      0.00000000      0.00000000      0.00000000      0.00000000      0.00000000      0.00420000
      0.39220000      0.00000000      0.00000000      0.00150000      0.00000000      0.00000000      0.00000000      0.00000000      0.00000000      0.00000000      0.00150000
      0.44220000      0.00000000      0.00000000      0.00000000      0.00000000      0.00000000      0.00000000      0.00000000      0.00000000      0.00000000      0.00000000
      0.49220000      0.00000000      0.00000000      0.00000000      0.00000000      0.00000000      0.00000000      0.00000000      0.00000000      0.00000000      0.00000000
      0.54220000      0.00000000      0.00000000      0.00000000      0.00000000      0.00000000      0.00000000      0.00000000      0.00000000      0.00000000      0.00000000
      0.59220000      0.00000000      0.00000000      0.00000000      0.00000000      0.00000000      0.00000000      0.00000000      0.00000000      0.00000000      0.00000000
      0.64220000      0.00000000      0.00000000      0.00000000      0.00000000      0.00000000      0.00000000      0.00000000      0.00000000      0.00000000      0.00000000
      0.69220000      0.00000000      0.00000000      0.00000000      0.00000000      0.00000000      0.00000000      0.00000000      0.00000000      0.00000000      0.00000000
      0.74220000      0.00000000      0.00000000      0.00000000      0.00000000      0.00000000      0.00000000      0.00000000      0.00000000      0.00000000      0.00000000
      0.79220000      0.00000000      0.00000000      0.00000000      0.00000000      0.00000000      0.00000000      0.00000000      0.00000000      0.00000000      0.00000000
      0.84220000      0.00000000      0.00000000      0.00000000      0.00000000      0.00000000      0.00000000      0.00000000      0.00000000      0.00000000      0.00000000
      0.89220000      0.00000000      0.00000000      0.00080000      0.00000000      0.00000000      0.00000000      0.00000000      0.00000000      0.00000000      0.00080000
      0.94220000      0.00110000      0.00080000      0.01120000      0.00150000      0.00000000      0.00000000      0.00000000      0.00000000      0.00000000      0.01460000
      0.99220000      0.00240000      0.00190000      0.02590000      0.00290000      0.00000000      0.00000000      0.00000000      0.00000000      0.00000000      0.03310000
      1.04220000      0.00170000      0.00140000      0.01460000      0.00140000      0.00000000      0.00000000      0.00000000      0.00000000      0.00000000      0.01910000
      1.09220000      0.00120000      0.00120000      0.00720000      0.00040000      0.00000000      0.00000000      0.00000000      0.00000000      0.00000000      0.01000000
      1.14220000      0.00020000      0.00040000      0.00210000      0.00000000      0.00000000      0.00000000      0.00000000      0.00000000      0.00000000      0.00270000
      1.19220000      0.00000000      0.00000000      0.00010000      0.00000000      0.00000000      0.00000000      0.00000000      0.00000000      0.00000000      0.00010000
      1.24220000      0.00000000      0.00000000      0.00000000      0.00000000      0.00000000      0.00000000      0.00000000      0.00000000      0.00000000      0.00000000
      1.29220000      0.00000000      0.00000000      0.00000000      0.00000000      0.00000000      0.00000000      0.00000000      0.00000000      0.00000000      0.00000000
      1.34220000      0.00010000      0.00000000      0.00120000      0.00010000      0.00000000      0.00000000      0.00000000      0.00000000      0.00000000      0.00140000
      1.39220000      0.00430000      0.00110000      0.03830000      0.00430000      0.00000000      0.00000000      0.00000000      0.00000000      0.00000000      0.04800000
      1.44220000      0.02330000      0.00650000      0.20770000      0.02320000      0.00000000      0.00000000      0.00000000      0.00000000      0.00000000      0.26070000
      1.49220000      0.02270000      0.00650000      0.20260000      0.02270000      0.00000000      0.00000000      0.00000000      0.00000000      0.00000000      0.25450000
      1.54220000      0.00390000      0.00110000      0.03570000      0.00400000      0.00000000      0.00000000      0.00000000      0.00000000      0.00000000      0.04470000
      1.59220000      0.00010000      0.00000000      0.00130000      0.00010000      0.00000000      0.00000000      0.00000000      0.00000000      0.00000000      0.00150000
      1.64220000      0.00180000      0.00110000      0.01580000      0.00080000      0.00000000      0.00000000      0.00000000      0.00000000      0.00000000      0.01950000
      1.69220000      0.01750000      0.01080000      0.15500000      0.00890000      0.00000000      0.00000000      0.00000000      0.00000000      0.00000000      0.19220000
      1.74220000      0.03030000      0.01900000      0.26830000      0.01540000      0.00000000      0.00000000      0.00000000      0.00000000      0.00000000      0.33300000
      1.79220000      0.01100000      0.00970000      0.09040000      0.00600000      0.00000000      0.00000000      0.00000000      0.00000000      0.00000000      0.11710000
      1.84220000      0.01020000      0.02360000      0.04010000      0.00750000      0.00000000      0.00000000      0.00000000      0.00000000      0.00000000      0.08140000
      1.89220000      0.01150000      0.02690000      0.04110000      0.00850000      0.00000000      0.00000000      0.00000000      0.00000000      0.00000000      0.08800000
      1.94220000      0.00230000      0.00570000      0.00850000      0.00170000      0.00000000      0.00000000      0.00000000      0.00000000      0.00000000      0.01820000
      1.99220000      0.00000000      0.00020000      0.00040000      0.00000000      0.00000000      0.00000000      0.00000000      0.00000000      0.00000000      0.00060000
      2.04220000      0.00000000      0.00000000      0.00000000      0.00000000      0.00000000      0.00000000      0.00000000      0.00000000      0.00000000      0.00000000
      2.09220000      0.00000000      0.00000000      0.00000000      0.00000000      0.00000000      0.00000000      0.00000000      0.00000000      0.00000000      0.00000000
      2.14220000      0.00020000      0.00020000      0.00000000      0.00030000      0.00000000      0.00000000      0.00000000      0.00000000      0.00000000      0.00070000
      2.19220000      0.00240000      0.00360000      0.00210000      0.00370000      0.00000000      0.00000000      0.00000000      0.00000000      0.00000000      0.01180000
      2.24220000      0.00930000      0.01190000      0.03820000      0.01020000      0.00000000      0.00000000      0.00000000      0.00000000      0.00000000      0.06960000
      2.29220000      0.04360000      0.02530000      0.35050000      0.02670000      0.00000000      0.00000000      0.00000000      0.00000000      0.00000000      0.44610000
      2.34220000      0.07830000      0.03020000      0.65520000      0.04040000      0.00000000      0.00000000      0.00000000      0.00000000      0.00000000      0.80410000
      2.39220000      0.07390000      0.02080000      0.46900000      0.02980000      0.00000000      0.00000000      0.00000000      0.00000000      0.00000000      0.59350000
      2.44220000      0.10910000      0.02820000      0.56150000      0.03920000      0.00000000      0.00000000      0.00000000      0.00000000      0.00000000      0.73800000
      2.49220000      0.04590000      0.01320000      0.22140000      0.01700000      0.00000000      0.00000000      0.00000000      0.00000000      0.00000000      0.29750000
      2.54220000      0.00390000      0.00140000      0.01680000      0.00140000      0.00000000      0.00000000      0.00000000      0.00000000      0.00000000      0.02350000
      2.59220000      0.00000000      0.00000000      0.00020000      0.00000000      0.00000000      0.00000000      0.00000000      0.00000000      0.00000000      0.00020000
      2.64220000      0.00000000      0.00000000      0.00000000      0.00000000      0.00000000      0.00000000      0.00000000      0.00000000      0.00000000      0.00000000
      2.69220000      0.00000000      0.00000000      0.00000000      0.00000000      0.00000000      0.00000000      0.00000000      0.00000000      0.00000000      0.00000000
      2.74220000      0.00000000      0.00000000      0.00000000      0.00000000      0.00000000      0.00000000      0.00000000      0.00000000      0.00000000      0.00000000
      2.79220000      0.00000000      0.00000000      0.00000000      0.00000000      0.00000000      0.00000000      0.00000000      0.00000000      0.00000000      0.00000000
      2.84220000      0.00000000      0.00000000      0.00000000      0.00000000      0.00000000      0.00000000      0.00000000      0.00000000      0.00000000      0.00000000
      2.89220000      0.00000000      0.00000000      0.00000000      0.00000000      0.00000000      0.00000000      0.00000000      0.00000000      0.00000000      0.00000000
      2.94220000      0.00000000      0.00000000      0.00000000      0.00000000      0.00000000      0.00000000      0.00000000      0.00000000      0.00000000      0.00000000
      2.99220000      0.00000000      0.00010000      0.00000000      0.00000000      0.00000000      0.00000000      0.00000000      0.00000000      0.00000000      0.00010000
      3.04220000      0.00110000      0.01170000      0.00080000      0.00030000      0.00000000      0.00000000      0.00000000      0.00000000      0.00000000      0.01390000
      3.09220000      0.02070000      0.20440000      0.01270000      0.00530000      0.00000000      0.00000000      0.00000000      0.00000000      0.00000000      0.24310000
      3.14220000      0.06180000      0.61310000      0.03790000      0.01600000      0.00000000      0.00000000      0.00000000      0.00000000      0.00000000      0.72880000
      3.19220000      0.03390000      0.33680000      0.02060000      0.00870000      0.00000000      0.00000000      0.00000000      0.00000000      0.00000000      0.40000000
      3.24220000      0.00320000      0.03280000      0.00190000      0.00080000      0.00000000      0.00000000      0.00000000      0.00000000      0.00000000      0.03870000
      3.29220000      0.00000000      0.00050000      0.00000000      0.00000000      0.00000000      0.00000000      0.00000000      0.00000000      0.00000000      0.00050000
      3.34220000      0.00000000      0.00000000      0.00000000      0.00000000      0.00000000      0.00000000      0.00000000      0.00000000      0.00000000      0.00000000
      3.39220000      0.00000000      0.00000000      0.00000000      0.00000000      0.00000000      0.00000000      0.00000000      0.00000000      0.00000000      0.00000000
      3.44220000      0.00000000      0.00000000      0.00000000      0.00000000      0.00000000      0.00000000      0.00000000      0.00000000      0.00000000      0.00000000
      3.49220000      0.00010000      0.00060000      0.00060000      0.00010000      0.00000000      0.00000000      0.00000000      0.00000000      0.00000000      0.00140000
      3.54220000      0.00120000      0.03840000      0.00670000      0.01430000      0.00000000      0.00000000      0.00000000      0.00000000      0.00000000      0.06060000
      3.59220000      0.01800000      0.86250000      0.10930000      0.33050000      0.00000000      0.00000000      0.00000000      0.00000000      0.00000000      1.32030000
      3.64220000      0.07140000      3.43440000      0.43060000      1.31660000      0.00000000      0.00000000      0.00000000      0.00000000      0.00000000      5.25300000
      3.69220000      0.05350000      2.51210000      0.32050000      0.96330000      0.00000000      0.00000000      0.00000000      0.00000000      0.00000000      3.84940000
      3.74220000      0.01640000      0.52720000      0.07910000      0.20400000      0.00000000      0.00000000      0.00000000      0.00000000      0.00000000      0.82670000
      3.79220000      0.02210000      0.61370000      0.08600000      0.23990000      0.00000000      0.00000000      0.00000000      0.00000000      0.00000000      0.96170000
      3.84220000      0.01190000      0.34720000      0.04670000      0.13560000      0.00000000      0.00000000      0.00000000      0.00000000      0.00000000      0.54140000
      3.89220000      0.00110000      0.03550000      0.00470000      0.01380000      0.00000000      0.00000000      0.00000000      0.00000000      0.00000000      0.05510000
      3.94220000      0.00000000      0.00060000      0.00030000      0.00020000      0.00000000      0.00000000      0.00000000      0.00000000      0.00000000      0.00110000
      3.99220000      0.00200000      0.00160000      0.00760000      0.00050000      0.00000000      0.00000000      0.00000000      0.00000000      0.00000000      0.01170000
      4.04220000      0.01210000      0.01170000      0.04990000      0.00480000      0.00000000      0.00000000      0.00000000      0.00000000      0.00000000      0.07850000
      4.09220000      0.01910000      0.02870000      0.07140000      0.01940000      0.00000000      0.00000000      0.00000000      0.00000000      0.00000000      0.13860000
      4.14220000      0.02120000      0.08050000      0.06470000      0.06170000      0.00000000      0.00000000      0.00000000      0.00000000      0.00000000      0.22810000
      4.19220000      0.01360000      0.07850000      0.04110000      0.05440000      0.00000000      0.00000000      0.00000000      0.00000000      0.00000000      0.18760000
      4.24220000      0.00670000      0.02910000      0.01800000      0.01950000      0.00000000      0.00000000      0.00000000      0.00000000      0.00000000      0.07330000
      4.29220000      0.01230000      0.02860000      0.03280000      0.02200000      0.00000000      0.00000000      0.00000000      0.00000000      0.00000000      0.09570000
      4.34220000      0.01460000      0.02670000      0.04730000      0.01690000      0.00000000      0.00000000      0.00000000      0.00000000      0.00000000      0.10550000
      4.39220000      0.01080000      0.01830000      0.04090000      0.00980000      0.00000000      0.00000000      0.00000000      0.00000000      0.00000000      0.07980000
      4.44220000      0.00600000      0.00470000      0.02640000      0.00520000      0.00000000      0.00000000      0.00000000      0.00000000      0.00000000      0.04230000
      4.49220000      0.00270000      0.00100000      0.01270000      0.00230000      0.00000000      0.00000000      0.00000000      0.00000000      0.00000000      0.01870000
      4.54220000      0.00030000      0.00000000      0.00140000      0.00020000      0.00000000      0.00000000      0.00000000      0.00000000      0.00000000      0.00190000
      4.59220000      0.00000000      0.00000000      0.00020000      0.00000000      0.00000000      0.00000000      0.00000000      0.00000000      0.00000000      0.00020000
      4.64220000      0.00250000      0.00050000      0.00680000      0.00220000      0.00000000      0.00000000      0.00000000      0.00000000      0.00000000      0.01200000
      4.69220000      0.01230000      0.00350000      0.03080000      0.01030000      0.00000000      0.00000000      0.00000000      0.00000000      0.00000000      0.05690000
      4.74220000      0.01050000      0.00280000      0.02630000      0.00870000      0.00000000      0.00000000      0.00000000      0.00000000      0.00000000      0.04830000
      4.79220000      0.00280000      0.00100000      0.00720000      0.00210000      0.00000000      0.00000000      0.00000000      0.00000000      0.00000000      0.01310000
      4.84220000      0.00870000      0.00430000      0.02220000      0.00530000      0.00000000      0.00000000      0.00000000      0.00000000      0.00000000      0.04050000
      4.89220000      0.01750000      0.01030000      0.04810000      0.01070000      0.00000000      0.00000000      0.00000000      0.00000000      0.00000000      0.08660000
      4.94220000      0.01920000      0.01340000      0.05090000      0.01230000      0.00000000      0.00000000      0.00000000      0.00000000      0.00000000      0.09580000
      4.99220000      0.02720000      0.01150000      0.05950000      0.01430000      0.00000000      0.00000000      0.00000000      0.00000000      0.00000000      0.11250000
      5.04220000      0.01830000      0.00620000      0.03750000      0.00890000      0.00000000      0.00000000      0.00000000      0.00000000      0.00000000      0.07090000
      5.09220000      0.00530000      0.00240000      0.01220000      0.00190000      0.00000000      0.00000000      0.00000000      0.00000000      0.00000000      0.02180000
      5.14220000      0.00660000      0.00350000      0.01550000      0.00190000      0.00000000      0.00000000      0.00000000      0.00000000      0.00000000      0.02750000
      5.19220000      0.00320000      0.00160000      0.00710000      0.00090000      0.00000000      0.00000000      0.00000000      0.00000000      0.00000000      0.01280000
      5.24220000      0.00010000      0.00010000      0.00060000      0.00000000      0.00000000      0.00000000      0.00000000      0.00000000      0.00000000      0.00080000
      5.29220000      0.00000000      0.00000000      0.00000000      0.00000000      0.00000000      0.00000000      0.00000000      0.00000000      0.00000000      0.00000000
      5.34220000      0.00000000      0.00000000      0.00000000      0.00000000      0.00000000      0.00000000      0.00000000      0.00000000      0.00000000      0.00000000
      5.39220000      0.00000000      0.00000000      0.00000000      0.00000000      0.00000000      0.00000000      0.00000000      0.00000000      0.00000000      0.00000000
      5.44220000      0.00240000      0.00080000      0.00380000      0.00100000      0.00000000      0.00000000      0.00000000      0.00000000      0.00000000      0.00800000
      5.49220000      0.04880000      0.01550000      0.07720000      0.02050000      0.00000000      0.00000000      0.00000000      0.00000000      0.00000000      0.16200000
      5.54220000      0.16900000      0.05450000      0.26940000      0.07070000      0.00000000      0.00000000      0.00000000      0.00000000      0.00000000      0.56360000
      5.59220000      0.15590000      0.05160000      0.23850000      0.06130000      0.00000000      0.00000000      0.00000000      0.00000000      0.00000000      0.50730000
      5.64220000      0.24790000      0.08390000      0.28680000      0.07840000      0.00000000      0.00000000      0.00000000      0.00000000      0.00000000      0.69700000
      5.69220000      0.21970000      0.07410000      0.23610000      0.06680000      0.00000000      0.00000000      0.00000000      0.00000000      0.00000000      0.59670000
      5.74220000      0.03780000      0.01270000      0.04020000      0.01140000      0.00000000      0.00000000      0.00000000      0.00000000      0.00000000      0.10210000
      5.79220000      0.00110000      0.00030000      0.00120000      0.00030000      0.00000000      0.00000000      0.00000000      0.00000000      0.00000000      0.00290000
      5.84220000      0.00150000      0.00060000      0.00170000      0.00090000      0.00000000      0.00000000      0.00000000      0.00000000      0.00000000      0.00470000
      5.89220000      0.02790000      0.00990000      0.04450000      0.01130000      0.00000000      0.00000000      0.00000000      0.00000000      0.00000000      0.09360000
      5.94220000      0.15650000      0.04460000      0.28220000      0.04830000      0.00000000      0.00000000      0.00000000      0.00000000      0.00000000      0.53160000
      5.99220000      0.23130000      0.09380000      0.46820000      0.10640000      0.00000000      0.00000000      0.00000000      0.00000000      0.00000000      0.89970000
      6.04220000      0.19720000      0.16460000      0.36950000      0.19510000      0.00000000      0.00000000      0.00000000      0.00000000      0.00000000      0.92640000
      6.09220000      0.11610000      0.11650000      0.13190000      0.13320000      0.00000000      0.00000000      0.00000000      0.00000000      0.00000000      0.49770000
      6.14220000      0.03560000      0.02650000      0.03570000      0.02530000      0.00000000      0.00000000      0.00000000      0.00000000      0.00000000      0.12310000
      6.19220000      0.12760000      0.05960000      0.17530000      0.04140000      0.00000000      0.00000000      0.00000000      0.00000000      0.00000000      0.40390000
      6.24220000      0.25140000      0.13840000      0.29690000      0.12660000      0.00000000      0.00000000      0.00000000      0.00000000      0.00000000      0.81330000
      6.29220000      0.26510000      0.17740000      0.19900000      0.18120000      0.00000000      0.00000000      0.00000000      0.00000000      0.00000000      0.82270000
      6.34220000      0.42220000      0.32300000      0.20700000      0.34190000      0.00000000      0.00000000      0.00000000      0.00000000      0.00000000      1.29410000
      6.39220000      0.40660000      0.35360000      0.24330000      0.43590000      0.00000000      0.00000000      0.00000000      0.00000000      0.00000000      1.43940000
      6.44220000      0.25880000      0.23850000      0.18550000      0.33130000      0.00000000      0.00000000      0.00000000      0.00000000      0.00000000      1.01410000
      6.49220000      0.15230000      0.15950000      0.11300000      0.21050000      0.00000000      0.00000000      0.00000000      0.00000000      0.00000000      0.63530000
      6.54220000      0.04680000      0.05670000      0.03340000      0.07210000      0.00000000      0.00000000      0.00000000      0.00000000      0.00000000      0.20900000
      6.59220000      0.05460000      0.07890000      0.01770000      0.08980000      0.00000000      0.00000000      0.00000000      0.00000000      0.00000000      0.24100000
      6.64220000      0.21440000      0.26480000      0.06830000      0.30130000      0.00000000      0.00000000      0.00000000      0.00000000      0.00000000      0.84880000
      6.69220000      0.40680000      0.28970000      0.14940000      0.34020000      0.00000000      0.00000000      0.00000000      0.00000000      0.00000000      1.18610000
      6.74220000      0.34970000      0.17880000      0.13770000      0.21240000      0.00000000      0.00000000      0.00000000      0.00000000      0.00000000      0.87860000
      6.79220000      0.15130000      0.10350000      0.09400000      0.07440000      0.00000000      0.00000000      0.00000000      0.00000000      0.00000000      0.42320000
      6.84220000      0.22160000      0.18370000      0.17640000      0.09010000      0.00000000      0.00000000      0.00000000      0.00000000      0.00000000      0.67180000
      6.89220000      0.12940000      0.11490000      0.10460000      0.05230000      0.00000000      0.00000000      0.00000000      0.00000000      0.00000000      0.40120000
      6.94220000      0.06210000      0.04710000      0.04250000      0.01990000      0.00000000      0.00000000      0.00000000      0.00000000      0.00000000      0.17160000
      6.99220000      0.05670000      0.02060000      0.03080000      0.00950000      0.00000000      0.00000000      0.00000000      0.00000000      0.00000000      0.11760000
      7.04220000      0.01580000      0.00400000      0.00810000      0.00200000      0.00000000      0.00000000      0.00000000      0.00000000      0.00000000      0.02990000
      7.09220000      0.00080000      0.00010000      0.00040000      0.00000000      0.00000000      0.00000000      0.00000000      0.00000000      0.00000000      0.00130000
      7.14220000      0.00000000      0.00000000      0.00000000      0.00000000      0.00000000      0.00000000      0.00000000      0.00000000      0.00000000      0.00000000
      7.19220000      0.00000000      0.00000000      0.00000000      0.00000000      0.00000000      0.00000000      0.00000000      0.00000000      0.00000000      0.00000000
      7.24220000      0.00000000      0.00000000      0.00000000      0.00000000      0.00000000      0.00000000      0.00000000      0.00000000      0.00000000      0.00000000
      7.29220000      0.00000000      0.00000000      0.00000000      0.00000000      0.00000000      0.00000000      0.00000000      0.00000000      0.00000000      0.00000000
      7.34220000      0.00000000      0.00000000      0.00000000      0.00000000      0.00000000      0.00000000      0.00000000      0.00000000      0.00000000      0.00000000
      7.39220000      0.00000000      0.00000000      0.00000000      0.00000000      0.00000000      0.00000000      0.00000000      0.00000000      0.00000000      0.00000000
      7.44220000      0.00000000      0.00000000      0.00000000      0.00000000      0.00000000      0.00000000      0.00000000      0.00000000      0.00000000      0.00000000
      7.49220000      0.00000000      0.00000000      0.00000000      0.00000000      0.00000000      0.00000000      0.00000000      0.00000000      0.00000000      0.00000000
      7.54220000      0.00000000      0.00000000      0.00000000      0.00000000      0.00000000      0.00000000      0.00000000      0.00000000      0.00000000      0.00000000
      7.59220000      0.00000000      0.00000000      0.00000000      0.00000000      0.00000000      0.00000000      0.00000000      0.00000000      0.00000000      0.00000000
      7.64220000      0.00000000      0.00000000      0.00000000      0.00000000      0.00000000      0.00000000      0.00000000      0.00000000      0.00000000      0.00000000
      7.69220000      0.00000000      0.00000000      0.00000000      0.00000000      0.00000000      0.00000000      0.00000000      0.00000000      0.00000000      0.00000000
      7.74220000      0.00000000      0.00000000      0.00000000      0.00000000      0.00000000      0.00000000      0.00000000      0.00000000      0.00000000      0.00000000
      7.79220000      0.00000000      0.00000000      0.00000000      0.00000000      0.00000000      0.00000000      0.00000000      0.00000000      0.00000000      0.00000000
      7.84220000      0.00000000      0.00000000      0.00000000      0.00000000      0.00000000      0.00000000      0.00000000      0.00000000      0.00000000      0.00000000
      7.89220000      0.00000000      0.00000000      0.00000000      0.00000000      0.00000000      0.00000000      0.00000000      0.00000000      0.00000000      0.00000000
      7.94220000      0.00000000      0.00000000      0.00000000      0.00000000      0.00000000      0.00000000      0.00000000      0.00000000      0.00000000      0.00000000
      7.99220000      0.00000000      0.00000000      0.00000000      0.00000000      0.00000000      0.00000000      0.00000000      0.00000000      0.00000000      0.00000000
      8.04220000      0.00000000      0.00000000      0.00000000      0.00000000      0.00000000      0.00000000      0.00000000      0.00000000      0.00000000      0.00000000
      8.09220000      0.00000000      0.00000000      0.00000000      0.00000000      0.00000000      0.00000000      0.00000000      0.00000000      0.00000000      0.00000000
      8.14220000      0.00000000      0.00000000      0.00000000      0.00000000      0.00000000      0.00000000      0.00000000      0.00000000      0.00000000      0.00000000
      8.19220000      0.00000000      0.00000000      0.00000000      0.00000000      0.00000000      0.00000000      0.00000000      0.00000000      0.00000000      0.00000000
      8.24220000      0.00000000      0.00000000      0.00000000      0.00000000      0.00000000      0.00000000      0.00000000      0.00000000      0.00000000      0.00000000
      8.29220000      0.00000000      0.00000000      0.00000000      0.00000000      0.00000000      0.00000000      0.00000000      0.00000000      0.00000000      0.00000000
      8.34220000      0.00000000      0.00000000      0.00000000      0.00000000      0.00000000      0.00000000      0.00000000      0.00000000      0.00000000      0.00000000
      8.39220000      0.00000000      0.00000000      0.00000000      0.00000000      0.00000000      0.00000000      0.00000000      0.00000000      0.00000000      0.00000000
      8.44220000      0.00000000      0.00000000      0.00000000      0.00000000      0.00000000      0.00000000      0.00000000      0.00000000      0.00000000      0.00000000
      8.49220000      0.00000000      0.00000000      0.00000000      0.00000000      0.00000000      0.00000000      0.00000000      0.00000000      0.00000000      0.00000000
      8.54220000      0.00000000      0.00000000      0.00000000      0.00000000      0.00000000      0.00000000      0.00000000      0.00000000      0.00000000      0.00000000
      8.59220000      0.00000000      0.00000000      0.00000000      0.00000000      0.00000000      0.00000000      0.00000000      0.00000000      0.00000000      0.00000000
      8.64220000      0.00000000      0.00000000      0.00000000      0.00000000      0.00000000      0.00000000      0.00000000      0.00000000      0.00000000      0.00000000
      8.69220000      0.00000000      0.00000000      0.00000000      0.00000000      0.00000000      0.00000000      0.00000000      0.00000000      0.00000000      0.00000000
      8.74220000      0.00000000      0.00000000      0.00000000      0.00000000      0.00000000      0.00000000      0.00000000      0.00000000      0.00000000      0.00000000
      8.79220000      0.00000000      0.00000000      0.00000000      0.00000000      0.00000000      0.00000000      0.00000000      0.00000000      0.00000000      0.00000000
      8.84220000      0.00000000      0.00000000      0.00000000      0.00000000      0.00000000      0.00000000      0.00000000      0.00000000      0.00000000      0.00000000
      8.89220000      0.00000000      0.00000000      0.00000000      0.00000000      0.00000000      0.00000000      0.00000000      0.00000000      0.00000000      0.00000000
      8.94220000      0.00000000      0.00000000      0.00000000      0.00000000      0.00000000      0.00000000      0.00000000      0.00000000      0.00000000      0.00000000
      8.99220000      0.00000000      0.00000000      0.00000000      0.00000000      0.00000000      0.00000000      0.00000000      0.00000000      0.00000000      0.00000000
      9.04220000      0.00000000      0.00000000      0.00000000      0.00000000      0.00000000      0.00000000      0.00000000      0.00000000      0.00000000      0.00000000
      9.09220000      0.00000000      0.00000000      0.00000000      0.00000000      0.00000000      0.00000000      0.00000000      0.00000000      0.00000000      0.00000000
      9.14220000      0.00000000      0.00000000      0.00000000      0.00000000      0.00000000      0.00000000      0.00000000      0.00000000      0.00000000      0.00000000
      9.19220000      0.00000000      0.00000000      0.00000000      0.00000000      0.00000000      0.00000000      0.00000000      0.00000000      0.00000000      0.00000000
      9.24220000      0.00000000      0.00000000      0.00000000      0.00000000      0.00000000      0.00000000      0.00000000      0.00000000      0.00000000      0.00000000
      9.29220000      0.00000000      0.00000000      0.00000000      0.00000000      0.00000000      0.00000000      0.00000000      0.00000000      0.00000000      0.00000000
      9.34220000      0.00000000      0.00000000      0.00000000      0.00000000      0.00000000      0.00000000      0.00000000      0.00000000      0.00000000      0.00000000
      9.39220000      0.00000000      0.00000000      0.00000000      0.00000000      0.00000000      0.00000000      0.00000000      0.00000000      0.00000000      0.00000000
      9.44220000      0.00000000      0.00000000      0.00000000      0.00000000      0.00000000      0.00000000      0.00000000      0.00000000      0.00000000      0.00000000
      9.49220000      0.00000000      0.00000000      0.00000000      0.00000000      0.00000000      0.00000000      0.00000000      0.00000000      0.00000000      0.00000000
      9.54220000      0.00000000      0.00000000      0.00000000      0.00000000      0.00000000      0.00000000      0.00000000      0.00000000      0.00000000      0.00000000
      9.59220000      0.00000000      0.00000000      0.00000000      0.00000000      0.00000000      0.00000000      0.00000000      0.00000000      0.00000000      0.00000000
      9.64220000      0.00000000      0.00000000      0.00000000      0.00000000      0.00000000      0.00000000      0.00000000      0.00000000      0.00000000      0.00000000
      9.69220000      0.00000000      0.00000000      0.00000000      0.00000000      0.00000000      0.00000000      0.00000000      0.00000000      0.00000000      0.00000000
      9.74220000      0.00000000      0.00000000      0.00000000      0.00000000      0.00000000      0.00000000      0.00000000      0.00000000      0.00000000      0.00000000
      9.79220000      0.00000000      0.00000000      0.00000000      0.00000000      0.00000000      0.00000000      0.00000000      0.00000000      0.00000000      0.00000000
      9.84220000      0.00000000      0.00000000      0.00000000      0.00000000      0.00000000      0.00000000      0.00000000      0.00000000      0.00000000      0.00000000
      9.89220000      0.00000000      0.00000000      0.00000000      0.00000000      0.00000000      0.00000000      0.00000000      0.00000000      0.00000000      0.00000000
      9.94220000      0.00000000      0.00000000      0.00000000      0.00000000      0.00000000      0.00000000      0.00000000      0.00000000      0.00000000      0.00000000
      9.99220000      0.00000000      0.00000000      0.00000000      0.00000000      0.00000000      0.00000000      0.00000000      0.00000000      0.00000000      0.00000000
     10.04220000      0.00000000      0.00000000      0.00000000      0.00000000      0.00000000      0.00000000      0.00000000      0.00000000      0.00000000      0.00000000
     10.09220000      0.00000000      0.00000000      0.00000000      0.00000000      0.00000000      0.00000000      0.00000000      0.00000000      0.00000000      0.00000000
     10.14220000      0.00000000      0.00000000      0.00000000      0.00000000      0.00000000      0.00000000      0.00000000      0.00000000      0.00000000      0.00000000
     10.19220000      0.00000000      0.00000000      0.00000000      0.00000000      0.00000000      0.00000000      0.00000000      0.00000000      0.00000000      0.00000000
     10.24220000      0.00000000      0.00000000      0.00000000      0.00000000      0.00000000      0.00000000      0.00000000      0.00000000      0.00000000      0.00000000
     10.29220000      0.00000000      0.00000000      0.00000000      0.00000000      0.00000000      0.00000000      0.00000000      0.00000000      0.00000000      0.00000000
     10.34220000      0.00000000      0.00000000      0.00000000      0.00000000      0.00000000      0.00000000      0.00000000      0.00000000      0.00000000      0.00000000
     10.39220000      0.00000000      0.00000000      0.00000000      0.00000000      0.00000000      0.00000000      0.00000000      0.00000000      0.00000000      0.00000000
     10.44220000      0.00000000      0.00000000      0.00000000      0.00000000      0.00000000      0.00000000      0.00000000      0.00000000      0.00000000      0.00000000
     10.49220000      0.00000000      0.00000000      0.00000000      0.00000000      0.00000000      0.00000000      0.00000000      0.00000000      0.00000000      0.00000000
     10.54220000      0.00000000      0.00000000      0.00000000      0.00000000      0.00000000      0.00000000      0.00000000      0.00000000      0.00000000      0.00000000
     10.59220000      0.00000000      0.00000000      0.00000000      0.00000000      0.00000000      0.00000000      0.00000000      0.00000000      0.00000000      0.00000000
     10.64220000      0.00000000      0.00000000      0.00000000      0.00000000      0.00000000      0.00000000      0.00000000      0.00000000      0.00000000      0.00000000
     10.69220000      0.00000000      0.00000000      0.00000000      0.00000000      0.00000000      0.00000000      0.00000000      0.00000000      0.00000000      0.00000000
     10.74220000      0.00000000      0.00000000      0.00000000      0.00000000      0.00000000      0.00000000      0.00000000      0.00000000      0.00000000      0.00000000
     10.79220000      0.00000000      0.00000000      0.00000000      0.00000000      0.00000000      0.00000000      0.00000000      0.00000000      0.00000000      0.00000000
     10.84220000      0.00000000      0.00000000      0.00000000      0.00000000      0.00000000      0.00000000      0.00000000      0.00000000      0.00000000      0.00000000
     10.89220000      0.00000000      0.00000000      0.00000000      0.00000000      0.00000000      0.00000000      0.00000000      0.00000000      0.00000000      0.00000000
     10.94220000      0.00000000      0.00000000      0.00000000      0.00000000      0.00000000      0.00000000      0.00000000      0.00000000      0.00000000      0.00000000
     10.99220000      0.00000000      0.00000000      0.00000000      0.00000000      0.00000000      0.00000000      0.00000000      0.00000000      0.00000000      0.00000000
     11.04220000      0.00000000      0.00000000      0.00000000      0.00000000      0.00000000      0.00000000      0.00000000      0.00000000      0.00000000      0.00000000
     11.09220000      0.00000000      0.00000000      0.00000000      0.00000000      0.00000000      0.00000000      0.00000000      0.00000000      0.00000000      0.00000000
     11.14220000      0.00000000      0.00000000      0.00000000      0.00000000      0.00000000      0.00000000      0.00000000      0.00000000      0.00000000      0.00000000
     11.19220000      0.00000000      0.00000000      0.00000000      0.00000000      0.00000000      0.00000000      0.00000000      0.00000000      0.00000000      0.00000000
     11.24220000      0.00000000      0.00000000      0.00000000      0.00000000      0.00000000      0.00000000      0.00000000      0.00000000      0.00000000      0.00000000
     11.29220000      0.00000000      0.00000000      0.00000000      0.00000000      0.00000000      0.00000000      0.00000000      0.00000000      0.00000000      0.00000000
     11.34220000      0.00000000      0.00000000      0.00000000      0.00000000      0.00000000      0.00000000      0.00000000      0.00000000      0.00000000      0.00000000
     11.39220000      0.00000000      0.00000000      0.00000000      0.00000000      0.00000000      0.00000000      0.00000000      0.00000000      0.00000000      0.00000000
     11.44220000      0.00000000      0.00000000      0.00000000      0.00000000      0.00000000      0.00000000      0.00000000      0.00000000      0.00000000      0.00000000
     11.49220000      0.00000000      0.00000000      0.00000000      0.00000000      0.00000000      0.00000000      0.00000000      0.00000000      0.00000000      0.00000000
     11.54220000      0.00000000      0.00000000      0.00000000      0.00000000      0.00000000      0.00000000      0.00000000      0.00000000      0.00000000      0.00000000
     11.59220000      0.00000000      0.00000000      0.00000000      0.00000000      0.00000000      0.00000000      0.00000000      0.00000000      0.00000000      0.00000000
     11.64220000      0.00000000      0.00000000      0.00000000      0.00000000      0.00000000      0.00000000      0.00000000      0.00000000      0.00000000      0.00000000
     11.69220000      0.00000000      0.00000000      0.00000000      0.00000000      0.00000000      0.00000000      0.00000000      0.00000000      0.00000000      0.00000000
     11.74220000      0.00000000      0.00000000      0.00000000      0.00000000      0.00000000      0.00000000      0.00000000      0.00000000      0.00000000      0.00000000
     11.79220000      0.00000000      0.00000000      0.00000000      0.00000000      0.00000000      0.00000000      0.00000000      0.00000000      0.00000000      0.00000000
     11.84220000      0.00000000      0.00000000      0.00000000      0.00000000      0.00000000      0.00000000      0.00000000      0.00000000      0.00000000      0.00000000
     11.89220000      0.00000000      0.00000000      0.00000000      0.00000000      0.00000000      0.00000000      0.00000000      0.00000000      0.00000000      0.00000000
     11.94220000      0.00000000      0.00000000      0.00000000      0.00000000      0.00000000      0.00000000      0.00000000      0.00000000      0.00000000      0.00000000
     11.99220000      0.00000000      0.00000000      0.00000000      0.00000000      0.00000000      0.00000000      0.00000000      0.00000000      0.00000000      0.00000000
     12.04220000      0.00000000      0.00000000      0.00000000      0.00000000      0.00000000      0.00000000      0.00000000      0.00000000      0.00000000      0.00000000
     12.09220000      0.00000000      0.00000000      0.00000000      0.00000000      0.00000000      0.00000000      0.00000000      0.00000000      0.00000000      0.00000000
     12.14220000      0.00000000      0.00000000      0.00000000      0.00000000      0.00000000      0.00000000      0.00000000      0.00000000      0.00000000      0.00000000
     12.19220000      0.00000000      0.00000000      0.00000000      0.00000000      0.00000000      0.00000000      0.00000000      0.00000000      0.00000000      0.00000000
     12.24220000      0.00000000      0.00000000      0.00000000      0.00000000      0.00000000      0.00000000      0.00000000      0.00000000      0.00000000      0.00000000
     12.29220000      0.00000000      0.00000000      0.00000000      0.00000000      0.00000000      0.00000000      0.00000000      0.00000000      0.00000000      0.00000000
     12.34220000      0.00000000      0.00000000      0.00000000      0.00000000      0.00000000      0.00000000      0.00000000      0.00000000      0.00000000      0.00000000
     12.39220000      0.00000000      0.00000000      0.00000000      0.00000000      0.00000000      0.00000000      0.00000000      0.00000000      0.00000000      0.00000000
     12.44220000      0.00000000      0.00000000      0.00000000      0.00000000      0.00000000      0.00000000      0.00000000      0.00000000      0.00000000      0.00000000
     12.49220000      0.00000000      0.00000000      0.00000000      0.00000000      0.00000000      0.00000000      0.00000000      0.00000000      0.00000000      0.00000000
     12.54220000      0.00000000      0.00000000      0.00000000      0.00000000      0.00000000      0.00000000      0.00000000      0.00000000      0.00000000      0.00000000
     12.59220000      0.00000000      0.00000000      0.00000000      0.00000000      0.00000000      0.00000000      0.00000000      0.00000000      0.00000000      0.00000000
     12.64220000      0.00000000      0.00000000      0.00000000      0.00000000      0.00000000      0.00000000      0.00000000      0.00000000      0.00000000      0.00000000
     12.69220000      0.00000000      0.00000000      0.00000000      0.00000000      0.00000000      0.00000000      0.00000000      0.00000000      0.00000000      0.00000000
