      Energy(eV)          s               py              pz              px              dxy             dyz             dz2             dxz            dx2-y2            tot 
     -7.20780000      0.00000000      0.00000000      0.00000000      0.00000000      0.00000000      0.00000000      0.00000000      0.00000000      0.00000000      0.00000000
     -7.15780000      0.01410000      0.00030000      0.00060000      0.00000000      0.00000000      0.00000000      0.00000000      0.00000000      0.00000000      0.01500000
     -7.10780000      0.38730000      0.01010000      0.01640000      0.00460000      0.00000000      0.00000000      0.00000000      0.00000000      0.00000000      0.41840000
     -7.05780000      1.83110000      0.04820000      0.07680000      0.02230000      0.00000000      0.00000000      0.00000000      0.00000000      0.00000000      1.97840000
     -7.00780000      1.78050000      0.04680000      0.07550000      0.02240000      0.00000000      0.00000000      0.00000000      0.00000000      0.00000000      1.92520000
     -6.95780000      0.67200000      0.01780000      0.03020000      0.00980000      0.00000000      0.00000000      0.00000000      0.00000000      0.00000000      0.72980000
     -6.90780000      0.21440000      0.00560000      0.00940000      0.00360000      0.00000000      0.00000000      0.00000000      0.00000000      0.00000000      0.23300000
     -6.85780000      0.12430000      0.00240000      0.00310000      0.00320000      0.00000000      0.00000000      0.00000000      0.00000000      0.00000000      0.13300000
     -6.80780000      0.12240000      0.00240000      0.00330000      0.00350000      0.00000000      0.00000000      0.00000000      0.00000000      0.00000000      0.13160000
     -6.75780000      0.05650000      0.00090000      0.00120000      0.00150000      0.00000000      0.00000000      0.00000000      0.00000000      0.00000000      0.06010000
     -6.70780000      0.01170000      0.00010000      0.00000000      0.00010000      0.00000000      0.00000000      0.00000000      0.00000000      0.00000000      0.01190000
     -6.65780000      0.04560000      0.00050000      0.00100000      0.00100000      0.00000000      0.00000000      0.00000000      0.00000000      0.00000000      0.04810000
     -6.60780000      0.48800000      0.00590000      0.01240000      0.01160000      0.00000000      0.00000000      0.00000000      0.00000000      0.00000000      0.51790000
     -6.55780000      1.04850000      0.01240000      0.02770000      0.02460000      0.00000000      0.00000000      0.00000000      0.00000000      0.00000000      1.11320000
     -6.50780000      1.37040000      0.01680000      0.04260000      0.02940000      0.00000000      0.00000000      0.00000000      0.00000000      0.00000000      1.45920000
     -6.45780000      1.63290000      0.02010000      0.05340000      0.03380000      0.00000000      0.00000000      0.00000000      0.00000000      0.00000000      1.74020000
     -6.40780000      0.46870000      0.00570000      0.01500000      0.00970000      0.00000000      0.00000000      0.00000000      0.00000000      0.00000000      0.49910000
     -6.35780000      0.18430000      0.00410000      0.00160000      0.00430000      0.00000000      0.00000000      0.00000000      0.00000000      0.00000000      0.19430000
     -6.30780000      0.40880000      0.01010000      0.00280000      0.01030000      0.00000000      0.00000000      0.00000000      0.00000000      0.00000000      0.43200000
     -6.25780000      0.29480000      0.00770000      0.00320000      0.00760000      0.00000000      0.00000000      0.00000000      0.00000000      0.00000000      0.31330000
     -6.20780000      0.07590000      0.00170000      0.00170000      0.00190000      0.00000000      0.00000000      0.00000000      0.00000000      0.00000000      0.08120000
     -6.15780000      0.01170000      0.00000000      0.00030000      0.00010000      0.00000000      0.00000000      0.00000000      0.00000000      0.00000000      0.01210000
     -6.10780000      0.03110000      0.00050000      0.00150000      0.00100000      0.00000000      0.00000000      0.00000000      0.00000000      0.00000000      0.03410000
     -6.05780000      0.11120000      0.00240000      0.00440000      0.00300000      0.00000000      0.00000000      0.00000000      0.00000000      0.00000000      0.12100000
     -6.00780000      0.25900000      0.00530000      0.00730000      0.00540000      0.00000000      0.00000000      0.00000000      0.00000000      0.00000000      0.27700000
     -5.95780000      0.23300000      0.00440000      0.00580000      0.00470000      0.00000000      0.00000000      0.00000000      0.00000000      0.00000000      0.24790000
     -5.90780000      0.09030000      0.00160000      0.00210000      0.00160000      0.00000000      0.00000000      0.00000000      0.00000000      0.00000000      0.09560000
     -5.85780000      0.92950000      0.01460000      0.02030000      0.01710000      0.00000000      0.00000000      0.00000000      0.00000000      0.00000000      0.98150000
     -5.80780000      3.11690000      0.04910000      0.06810000      0.05800000      0.00000000      0.00000000      0.00000000      0.00000000      0.00000000      3.29210000
     -5.75780000      1.91370000      0.03000000      0.04180000      0.03580000      0.00000000      0.00000000      0.00000000      0.00000000      0.00000000      2.02130000
     -5.70780000      0.20960000      0.00330000      0.00460000      0.00400000      0.00000000      0.00000000      0.00000000      0.00000000      0.00000000      0.22150000
     -5.65780000      0.00380000      0.00000000      0.00000000      0.00000000      0.00000000      0.00000000      0.00000000      0.00000000      0.00000000      0.00380000
     -5.60780000      0.00000000      0.00000000      0.00000000      0.00000000      0.00000000      0.00000000      0.00000000      0.00000000      0.00000000      0.00000000
     -5.55780000      0.00000000      0.00000000      0.00000000      0.00000000      0.00000000      0.00000000      0.00000000      0.00000000      0.00000000      0.00000000
     -5.50780000      0.00000000      0.00000000      0.00000000      0.00000000      0.00000000      0.00000000      0.00000000      0.00000000      0.00000000      0.00000000
     -5.45780000      0.00000000      0.00000000      0.00000000      0.00000000      0.00000000      0.00000000      0.00000000      0.00000000      0.00000000      0.00000000
     -5.40780000      0.04800000      0.00070000      0.00090000      0.00050000      0.00000000      0.00000000      0.00000000      0.00000000      0.00000000      0.05010000
     -5.35780000      1.02550000      0.01700000      0.01950000      0.01740000      0.00000000      0.00000000      0.00000000      0.00000000      0.00000000      1.07940000
     -5.30780000      3.77080000      0.06310000      0.07230000      0.06380000      0.00000000      0.00000000      0.00000000      0.00000000      0.00000000      3.97000000
     -5.25780000      2.54590000      0.04280000      0.04850000      0.04310000      0.00000000      0.00000000      0.00000000      0.00000000      0.00000000      2.68030000
     -5.20780000      0.48740000      0.00860000      0.01150000      0.00800000      0.00000000      0.00000000      0.00000000      0.00000000      0.00000000      0.51550000
     -5.15780000      0.62500000      0.01150000      0.02240000      0.01100000      0.00000000      0.00000000      0.00000000      0.00000000      0.00000000      0.66990000
     -5.10780000      0.59880000      0.01140000      0.02370000      0.01090000      0.00000000      0.00000000      0.00000000      0.00000000      0.00000000      0.64480000
     -5.05780000      0.13990000      0.00250000      0.00560000      0.00270000      0.00000000      0.00000000      0.00000000      0.00000000      0.00000000      0.15070000
     -5.00780000      0.00610000      0.00000000      0.00010000      0.00000000      0.00000000      0.00000000      0.00000000      0.00000000      0.00000000      0.00620000
     -4.95780000      0.00040000      0.00000000      0.00000000      0.00000000      0.00000000      0.00000000      0.00000000      0.00000000      0.00000000      0.00040000
     -4.90780000      0.06270000      0.00090000      0.00100000      0.00110000      0.00000000      0.00000000      0.00000000      0.00000000      0.00000000      0.06570000
     -4.85780000      1.15950000      0.02000000      0.02310000      0.02080000      0.00000000      0.00000000      0.00000000      0.00000000      0.00000000      1.22340000
     -4.80780000      3.71110000      0.06390000      0.07390000      0.06710000      0.00000000      0.00000000      0.00000000      0.00000000      0.00000000      3.91600000
     -4.75780000      2.53730000      0.04790000      0.05580000      0.04390000      0.00000000      0.00000000      0.00000000      0.00000000      0.00000000      2.68490000
     -4.70780000      2.30050000      0.06310000      0.07500000      0.03050000      0.00000000      0.00000000      0.00000000      0.00000000      0.00000000      2.46910000
     -4.65780000      2.06980000      0.05910000      0.07010000      0.02660000      0.00000000      0.00000000      0.00000000      0.00000000      0.00000000      2.22560000
     -4.60780000      0.37230000      0.01080000      0.01270000      0.00470000      0.00000000      0.00000000      0.00000000      0.00000000      0.00000000      0.40050000
     -4.55780000      0.01110000      0.00020000      0.00000000      0.00000000      0.00000000      0.00000000      0.00000000      0.00000000      0.00000000      0.01130000
     -4.50780000      0.00000000      0.00000000      0.00000000      0.00000000      0.00000000      0.00000000      0.00000000      0.00000000      0.00000000      0.00000000
     -4.45780000      0.00000000      0.00000000      0.00000000      0.00000000      0.00000000      0.00000000      0.00000000      0.00000000      0.00000000      0.00000000
     -4.40780000      0.00340000      0.00000000      0.00000000      0.00000000      0.00000000      0.00000000      0.00000000      0.00000000      0.00000000      0.00340000
     -4.35780000      0.17120000      0.00820000      0.00580000      0.00770000      0.00000000      0.00000000      0.00000000      0.00000000      0.00000000      0.19290000
     -4.30780000      1.75510000      0.07500000      0.05010000      0.06930000      0.00000000      0.00000000      0.00000000      0.00000000      0.00000000      1.94950000
     -4.25780000      4.39020000      0.16330000      0.09610000      0.14470000      0.00000000      0.00000000      0.00000000      0.00000000      0.00000000      4.79430000
     -4.20780000      2.69990000      0.09040000      0.04640000      0.07700000      0.00000000      0.00000000      0.00000000      0.00000000      0.00000000      2.91370000
     -4.15780000      0.42700000      0.01250000      0.00670000      0.01040000      0.00000000      0.00000000      0.00000000      0.00000000      0.00000000      0.45660000
     -4.10780000      0.47120000      0.00890000      0.00940000      0.00720000      0.00000000      0.00000000      0.00000000      0.00000000      0.00000000      0.49670000
     -4.05780000      0.78250000      0.01550000      0.01460000      0.01170000      0.00000000      0.00000000      0.00000000      0.00000000      0.00000000      0.82430000
     -4.00780000      2.21190000      0.05080000      0.03570000      0.02750000      0.00000000      0.00000000      0.00000000      0.00000000      0.00000000      2.32590000
     -3.95780000      3.04420000      0.07040000      0.04910000      0.03770000      0.00000000      0.00000000      0.00000000      0.00000000      0.00000000      3.20140000
     -3.90780000      0.93950000      0.02020000      0.01710000      0.01200000      0.00000000      0.00000000      0.00000000      0.00000000      0.00000000      0.98880000
     -3.85780000      0.78510000      0.01130000      0.02510000      0.01240000      0.00000000      0.00000000      0.00000000      0.00000000      0.00000000      0.83390000
     -3.80780000      1.18700000      0.02020000      0.03870000      0.01810000      0.00000000      0.00000000      0.00000000      0.00000000      0.00000000      1.26400000
     -3.75780000      1.76260000      0.02500000      0.05320000      0.02810000      0.00000000      0.00000000      0.00000000      0.00000000      0.00000000      1.86890000
     -3.70780000      2.06350000      0.02200000      0.06180000      0.03380000      0.00000000      0.00000000      0.00000000      0.00000000      0.00000000      2.18110000
     -3.65780000      1.12300000      0.01230000      0.03410000      0.02150000      0.00000000      0.00000000      0.00000000      0.00000000      0.00000000      1.19090000
     -3.60780000      1.96430000      0.02700000      0.06030000      0.04410000      0.00000000      0.00000000      0.00000000      0.00000000      0.00000000      2.09570000
     -3.55780000      1.38760000      0.01970000      0.04160000      0.03150000      0.00000000      0.00000000      0.00000000      0.00000000      0.00000000      1.48040000
     -3.50780000      0.44330000      0.00780000      0.00980000      0.01120000      0.00000000      0.00000000      0.00000000      0.00000000      0.00000000      0.47210000
     -3.45780000      0.45580000      0.00850000      0.00820000      0.01220000      0.00000000      0.00000000      0.00000000      0.00000000      0.00000000      0.48470000
     -3.40780000      0.78550000      0.01210000      0.01540000      0.01860000      0.00000000      0.00000000      0.00000000      0.00000000      0.00000000      0.83160000
     -3.35780000      2.21430000      0.03130000      0.04400000      0.04940000      0.00000000      0.00000000      0.00000000      0.00000000      0.00000000      2.33900000
     -3.30780000      2.41160000      0.03110000      0.04980000      0.04680000      0.00000000      0.00000000      0.00000000      0.00000000      0.00000000      2.53930000
     -3.25780000      2.21860000      0.02870000      0.04920000      0.03590000      0.00000000      0.00000000      0.00000000      0.00000000      0.00000000      2.33240000
     -3.20780000      1.53120000      0.02270000      0.03310000      0.02540000      0.00000000      0.00000000      0.00000000      0.00000000      0.00000000      1.61240000
     -3.15780000      1.23260000      0.02190000      0.02740000      0.02070000      0.00000000      0.00000000      0.00000000      0.00000000      0.00000000      1.30260000
     -3.10780000      0.94200000      0.02640000      0.02070000      0.01830000      0.00000000      0.00000000      0.00000000      0.00000000      0.00000000      1.00740000
     -3.05780000      1.27490000      0.03700000      0.02900000      0.02790000      0.00000000      0.00000000      0.00000000      0.00000000      0.00000000      1.36880000
     -3.00780000      2.52290000      0.05120000      0.06470000      0.04340000      0.00000000      0.00000000      0.00000000      0.00000000      0.00000000      2.68220000
     -2.95780000      3.13210000      0.04730000      0.07800000      0.04710000      0.00000000      0.00000000      0.00000000      0.00000000      0.00000000      3.30450000
     -2.90780000      1.80700000      0.04180000      0.04220000      0.03460000      0.00000000      0.00000000      0.00000000      0.00000000      0.00000000      1.92560000
     -2.85780000      1.18290000      0.06370000      0.02510000      0.04000000      0.00000000      0.00000000      0.00000000      0.00000000      0.00000000      1.31170000
     -2.80780000      0.66210000      0.04490000      0.01550000      0.02530000      0.00000000      0.00000000      0.00000000      0.00000000      0.00000000      0.74780000
     -2.75780000      0.52550000      0.04760000      0.01580000      0.02280000      0.00000000      0.00000000      0.00000000      0.00000000      0.00000000      0.61170000
     -2.70780000      0.33000000      0.02470000      0.00900000      0.01230000      0.00000000      0.00000000      0.00000000      0.00000000      0.00000000      0.37600000
     -2.65780000      1.06270000      0.01740000      0.01580000      0.01490000      0.00000000      0.00000000      0.00000000      0.00000000      0.00000000      1.11080000
     -2.60780000      2.53120000      0.03680000      0.03760000      0.03380000      0.00000000      0.00000000      0.00000000      0.00000000      0.00000000      2.63940000
     -2.55780000      1.57250000      0.02410000      0.02700000      0.02100000      0.00000000      0.00000000      0.00000000      0.00000000      0.00000000      1.64460000
     -2.50780000      3.10570000      0.03960000      0.05860000      0.04650000      0.00000000      0.00000000      0.00000000      0.00000000      0.00000000      3.25040000
     -2.45780000      6.19590000      0.07260000      0.11130000      0.09400000      0.00000000      0.00000000      0.00000000      0.00000000      0.00000000      6.47380000
     -2.40780000      2.82960000      0.03220000      0.05000000      0.04130000      0.00000000      0.00000000      0.00000000      0.00000000      0.00000000      2.95310000
     -2.35780000      0.99850000      0.00860000      0.02210000      0.00690000      0.00000000      0.00000000      0.00000000      0.00000000      0.00000000      1.03610000
     -2.30780000      1.32410000      0.01150000      0.02970000      0.00940000      0.00000000      0.00000000      0.00000000      0.00000000      0.00000000      1.37470000
     -2.25780000      1.18650000      0.01190000      0.02530000      0.01270000      0.00000000      0.00000000      0.00000000      0.00000000      0.00000000      1.23640000
     -2.20780000      0.76260000      0.01200000      0.01520000      0.01020000      0.00000000      0.00000000      0.00000000      0.00000000      0.00000000      0.80000000
     -2.15780000      1.36480000      0.03000000      0.02280000      0.02080000      0.00000000      0.00000000      0.00000000      0.00000000      0.00000000      1.43840000
     -2.10780000      2.24390000      0.03130000      0.03690000      0.02990000      0.00000000      0.00000000      0.00000000      0.00000000      0.00000000      2.34200000
     -2.05780000      2.17010000      0.02120000      0.03600000      0.02770000      0.00000000      0.00000000      0.00000000      0.00000000      0.00000000      2.25500000
     -2.00780000      0.81670000      0.01140000      0.01340000      0.01210000      0.00000000      0.00000000      0.00000000      0.00000000      0.00000000      0.85360000
     -1.95780000      1.52370000      0.01540000      0.01740000      0.01680000      0.00000000      0.00000000      0.00000000      0.00000000      0.00000000      1.57330000
     -1.90780000      4.93360000      0.05210000      0.05520000      0.05950000      0.00000000      0.00000000      0.00000000      0.00000000      0.00000000      5.10040000
     -1.85780000      4.94780000      0.06060000      0.05740000      0.06940000      0.00000000      0.00000000      0.00000000      0.00000000      0.00000000      5.13520000
     -1.80780000      3.77640000      0.03940000      0.05220000      0.04500000      0.00000000      0.00000000      0.00000000      0.00000000      0.00000000      3.91300000
     -1.75780000      3.69420000      0.02820000      0.05870000      0.03190000      0.00000000      0.00000000      0.00000000      0.00000000      0.00000000      3.81300000
     -1.70780000      1.13640000      0.00880000      0.01850000      0.00900000      0.00000000      0.00000000      0.00000000      0.00000000      0.00000000      1.17270000
     -1.65780000      0.38460000      0.00730000      0.00590000      0.00500000      0.00000000      0.00000000      0.00000000      0.00000000      0.00000000      0.40280000
     -1.60780000      1.07060000      0.01020000      0.01590000      0.00980000      0.00000000      0.00000000      0.00000000      0.00000000      0.00000000      1.10650000
     -1.55780000      5.28740000      0.03070000      0.08250000      0.03970000      0.00000000      0.00000000      0.00000000      0.00000000      0.00000000      5.44030000
     -1.50780000      7.60480000      0.04230000      0.12730000      0.05820000      0.00000000      0.00000000      0.00000000      0.00000000      0.00000000      7.83260000
     -1.45780000      3.40720000      0.02090000      0.06310000      0.03040000      0.00000000      0.00000000      0.00000000      0.00000000      0.00000000      3.52160000
     -1.40780000      0.61670000      0.00450000      0.01240000      0.00720000      0.00000000      0.00000000      0.00000000      0.00000000      0.00000000      0.64080000
     -1.35780000      0.11560000      0.00070000      0.00110000      0.00100000      0.00000000      0.00000000      0.00000000      0.00000000      0.00000000      0.11840000
     -1.30780000      1.53760000      0.01340000      0.00960000      0.01470000      0.00000000      0.00000000      0.00000000      0.00000000      0.00000000      1.57530000
     -1.25780000      5.59730000      0.06650000      0.03760000      0.06750000      0.00000000      0.00000000      0.00000000      0.00000000      0.00000000      5.76890000
     -1.20780000      5.14020000      0.11510000      0.04040000      0.10210000      0.00000000      0.00000000      0.00000000      0.00000000      0.00000000      5.39780000
     -1.15780000      1.69440000      0.07580000      0.01700000      0.06090000      0.00000000      0.00000000      0.00000000      0.00000000      0.00000000      1.84810000
     -1.10780000      0.25920000      0.01860000      0.00320000      0.01510000      0.00000000      0.00000000      0.00000000      0.00000000      0.00000000      0.29610000
     -1.05780000      0.06230000      0.00200000      0.00220000      0.00170000      0.00000000      0.00000000      0.00000000      0.00000000      0.00000000      0.06820000
     -1.00780000      0.07350000      0.00060000      0.00290000      0.00050000      0.00000000      0.00000000      0.00000000      0.00000000      0.00000000      0.07750000
     -0.95780000      0.05300000      0.00010000      0.00260000      0.00020000      0.00000000      0.00000000      0.00000000      0.00000000      0.00000000      0.05590000
     -0.90780000      0.15370000      0.00060000      0.00820000      0.00160000      0.00000000      0.00000000      0.00000000      0.00000000      0.00000000      0.16410000
     -0.85780000      0.36330000      0.00210000      0.02110000      0.00340000      0.00000000      0.00000000      0.00000000      0.00000000      0.00000000      0.38990000
     -0.80780000      0.40170000      0.00260000      0.02960000      0.00400000      0.00000000      0.00000000      0.00000000      0.00000000      0.00000000      0.43790000
     -0.75780000      0.35030000      0.00170000      0.02470000      0.00300000      0.00000000      0.00000000      0.00000000      0.00000000      0.00000000      0.37970000
     -0.70780000      0.53830000      0.00220000      0.02600000      0.00310000      0.00000000      0.00000000      0.00000000      0.00000000      0.00000000      0.56960000
     -0.65780000      1.38180000      0.00490000      0.05400000      0.00500000      0.00000000      0.00000000      0.00000000      0.00000000      0.00000000      1.44570000
     -0.60780000      1.00700000      0.00340000      0.03960000      0.00390000      0.00000000      0.00000000      0.00000000      0.00000000      0.00000000      1.05390000
     -0.55780000      0.29820000      0.00100000      0.01420000      0.00210000      0.00000000      0.00000000      0.00000000      0.00000000      0.00000000      0.31550000
     -0.50780000      0.38180000      0.00180000      0.02050000      0.00290000      0.00000000      0.00000000      0.00000000      0.00000000      0.00000000      0.40700000
     -0.45780000      0.35030000      0.00170000      0.01940000      0.00260000      0.00000000      0.00000000      0.00000000      0.00000000      0.00000000      0.37400000
     -0.40780000      0.13040000      0.00090000      0.00870000      0.00120000      0.00000000      0.00000000      0.00000000      0.00000000      0.00000000      0.14120000
     -0.35780000      0.07090000      0.00080000      0.00710000      0.00110000      0.00000000      0.00000000      0.00000000      0.00000000      0.00000000      0.07990000
     -0.30780000      0.05740000      0.00050000      0.00610000      0.00100000      0.00000000      0.00000000      0.00000000      0.00000000      0.00000000      0.06500000
     -0.25780000      0.03650000      0.00040000      0.00290000      0.00060000      0.00000000      0.00000000      0.00000000      0.00000000      0.00000000      0.04040000
     -0.20780000      0.02500000      0.00040000      0.00210000      0.00050000      0.00000000      0.00000000      0.00000000      0.00000000      0.00000000      0.02800000
     -0.15780000      0.02990000      0.00010000      0.00240000      0.00020000      0.00000000      0.00000000      0.00000000      0.00000000      0.00000000      0.03260000
     -0.10780000      0.10570000      0.00010000      0.00850000      0.00070000      0.00000000      0.00000000      0.00000000      0.00000000      0.00000000      0.11500000
     -0.05780000      0.15710000      0.00030000      0.01270000      0.00080000      0.00000000      0.00000000      0.00000000      0.00000000      0.00000000      0.17090000
     -0.00780000      0.04860000      0.00010000      0.00420000      0.00020000      0.00000000      0.00000000      0.00000000      0.00000000      0.00000000      0.05310000
      0.04220000      0.00440000      0.00000000      0.00030000      0.00010000      0.00000000      0.00000000      0.00000000      0.00000000      0.00000000      0.00480000
      0.09220000      0.00000000      0.00000000      0.00000000      0.00000000      0.00000000      0.00000000      0.00000000      0.00000000      0.00000000      0.00000000
      0.14220000      0.00000000      0.00000000      0.00000000      0.00000000      0.00000000      0.00000000      0.00000000      0.00000000      0.00000000      0.00000000
      0.19220000      0.00000000      0.00000000      0.00000000      0.00000000      0.00000000      0.00000000      0.00000000      0.00000000      0.00000000      0.00000000
      0.24220000      0.00000000      0.00000000      0.00000000      0.00000000      0.00000000      0.00000000      0.00000000      0.00000000      0.00000000      0.00000000
      0.29220000      0.00060000      0.00000000      0.00000000      0.00000000      0.00000000      0.00000000      0.00000000      0.00000000      0.00000000      0.00060000
      0.34220000      0.00150000      0.00000000      0.00030000      0.00000000      0.00000000      0.00000000      0.00000000      0.00000000      0.00000000      0.00180000
      0.39220000      0.00070000      0.00000000      0.00000000      0.00000000      0.00000000      0.00000000      0.00000000      0.00000000      0.00000000      0.00070000
      0.44220000      0.00000000      0.00000000      0.00000000      0.00000000      0.00000000      0.00000000      0.00000000      0.00000000      0.00000000      0.00000000
      0.49220000      0.00000000      0.00000000      0.00000000      0.00000000      0.00000000      0.00000000      0.00000000      0.00000000      0.00000000      0.00000000
      0.54220000      0.00000000      0.00000000      0.00000000      0.00000000      0.00000000      0.00000000      0.00000000      0.00000000      0.00000000      0.00000000
      0.59220000      0.00000000      0.00000000      0.00000000      0.00000000      0.00000000      0.00000000      0.00000000      0.00000000      0.00000000      0.00000000
      0.64220000      0.00000000      0.00000000      0.00000000      0.00000000      0.00000000      0.00000000      0.00000000      0.00000000      0.00000000      0.00000000
      0.69220000      0.00000000      0.00000000      0.00000000      0.00000000      0.00000000      0.00000000      0.00000000      0.00000000      0.00000000      0.00000000
      0.74220000      0.00000000      0.00000000      0.00000000      0.00000000      0.00000000      0.00000000      0.00000000      0.00000000      0.00000000      0.00000000
      0.79220000      0.00000000      0.00000000      0.00000000      0.00000000      0.00000000      0.00000000      0.00000000      0.00000000      0.00000000      0.00000000
      0.84220000      0.00000000      0.00000000      0.00000000      0.00000000      0.00000000      0.00000000      0.00000000      0.00000000      0.00000000      0.00000000
      0.89220000      0.00020000      0.00000000      0.00000000      0.00000000      0.00000000      0.00000000      0.00000000      0.00000000      0.00000000      0.00020000
      0.94220000      0.00510000      0.00000000      0.00080000      0.00010000      0.00000000      0.00000000      0.00000000      0.00000000      0.00000000      0.00600000
      0.99220000      0.01170000      0.00000000      0.00200000      0.00010000      0.00000000      0.00000000      0.00000000      0.00000000      0.00000000      0.01380000
      1.04220000      0.00680000      0.00000000      0.00110000      0.00000000      0.00000000      0.00000000      0.00000000      0.00000000      0.00000000      0.00790000
      1.09220000      0.00340000      0.00000000      0.00060000      0.00000000      0.00000000      0.00000000      0.00000000      0.00000000      0.00000000      0.00400000
      1.14220000      0.00080000      0.00000000      0.00010000      0.00000000      0.00000000      0.00000000      0.00000000      0.00000000      0.00000000      0.00090000
      1.19220000      0.00000000      0.00000000      0.00000000      0.00000000      0.00000000      0.00000000      0.00000000      0.00000000      0.00000000      0.00000000
      1.24220000      0.00000000      0.00000000      0.00000000      0.00000000      0.00000000      0.00000000      0.00000000      0.00000000      0.00000000      0.00000000
      1.29220000      0.00000000      0.00000000      0.00000000      0.00000000      0.00000000      0.00000000      0.00000000      0.00000000      0.00000000      0.00000000
      1.34220000      0.00030000      0.00000000      0.00010000      0.00000000      0.00000000      0.00000000      0.00000000      0.00000000      0.00000000      0.00040000
      1.39220000      0.01430000      0.00000000      0.00410000      0.00010000      0.00000000      0.00000000      0.00000000      0.00000000      0.00000000      0.01850000
      1.44220000      0.07740000      0.00080000      0.02200000      0.00100000      0.00000000      0.00000000      0.00000000      0.00000000      0.00000000      0.10120000
      1.49220000      0.07570000      0.00080000      0.02140000      0.00090000      0.00000000      0.00000000      0.00000000      0.00000000      0.00000000      0.09880000
      1.54220000      0.01320000      0.00000000      0.00360000      0.00010000      0.00000000      0.00000000      0.00000000      0.00000000      0.00000000      0.01690000
      1.59220000      0.00040000      0.00000000      0.00010000      0.00000000      0.00000000      0.00000000      0.00000000      0.00000000      0.00000000      0.00050000
      1.64220000      0.00610000      0.00000000      0.00190000      0.00000000      0.00000000      0.00000000      0.00000000      0.00000000      0.00000000      0.00800000
      1.69220000      0.05840000      0.00080000      0.01830000      0.00090000      0.00000000      0.00000000      0.00000000      0.00000000      0.00000000      0.07840000
      1.74220000      0.10060000      0.00150000      0.03170000      0.00170000      0.00000000      0.00000000      0.00000000      0.00000000      0.00000000      0.13550000
      1.79220000      0.03490000      0.00030000      0.01060000      0.00060000      0.00000000      0.00000000      0.00000000      0.00000000      0.00000000      0.04640000
      1.84220000      0.02160000      0.00070000      0.00600000      0.00100000      0.00000000      0.00000000      0.00000000      0.00000000      0.00000000      0.02930000
      1.89220000      0.02300000      0.00090000      0.00640000      0.00110000      0.00000000      0.00000000      0.00000000      0.00000000      0.00000000      0.03140000
      1.94220000      0.00470000      0.00010000      0.00120000      0.00010000      0.00000000      0.00000000      0.00000000      0.00000000      0.00000000      0.00610000
      1.99220000      0.00000000      0.00000000      0.00000000      0.00000000      0.00000000      0.00000000      0.00000000      0.00000000      0.00000000      0.00000000
      2.04220000      0.00000000      0.00000000      0.00000000      0.00000000      0.00000000      0.00000000      0.00000000      0.00000000      0.00000000      0.00000000
      2.09220000      0.00000000      0.00000000      0.00000000      0.00000000      0.00000000      0.00000000      0.00000000      0.00000000      0.00000000      0.00000000
      2.14220000      0.00000000      0.00000000      0.00000000      0.00000000      0.00000000      0.00000000      0.00000000      0.00000000      0.00000000      0.00000000
      2.19220000      0.00120000      0.00040000      0.00030000      0.00050000      0.00000000      0.00000000      0.00000000      0.00000000      0.00000000      0.00240000
      2.24220000      0.01300000      0.00110000      0.00490000      0.00150000      0.00000000      0.00000000      0.00000000      0.00000000      0.00000000      0.02050000
      2.29220000      0.10170000      0.00250000      0.04640000      0.00250000      0.00000000      0.00000000      0.00000000      0.00000000      0.00000000      0.15310000
      2.34220000      0.18760000      0.00350000      0.08700000      0.00310000      0.00000000      0.00000000      0.00000000      0.00000000      0.00000000      0.28120000
      2.39220000      0.13630000      0.00260000      0.06500000      0.00280000      0.00000000      0.00000000      0.00000000      0.00000000      0.00000000      0.20670000
      2.44220000      0.16720000      0.00380000      0.08070000      0.00450000      0.00000000      0.00000000      0.00000000      0.00000000      0.00000000      0.25620000
      2.49220000      0.06790000      0.00150000      0.03170000      0.00210000      0.00000000      0.00000000      0.00000000      0.00000000      0.00000000      0.10320000
      2.54220000      0.00550000      0.00000000      0.00230000      0.00010000      0.00000000      0.00000000      0.00000000      0.00000000      0.00000000      0.00790000
      2.59220000      0.00000000      0.00000000      0.00000000      0.00000000      0.00000000      0.00000000      0.00000000      0.00000000      0.00000000      0.00000000
      2.64220000      0.00000000      0.00000000      0.00000000      0.00000000      0.00000000      0.00000000      0.00000000      0.00000000      0.00000000      0.00000000
      2.69220000      0.00000000      0.00000000      0.00000000      0.00000000      0.00000000      0.00000000      0.00000000      0.00000000      0.00000000      0.00000000
      2.74220000      0.00000000      0.00000000      0.00000000      0.00000000      0.00000000      0.00000000      0.00000000      0.00000000      0.00000000      0.00000000
      2.79220000      0.00000000      0.00000000      0.00000000      0.00000000      0.00000000      0.00000000      0.00000000      0.00000000      0.00000000      0.00000000
      2.84220000      0.00000000      0.00000000      0.00000000      0.00000000      0.00000000      0.00000000      0.00000000      0.00000000      0.00000000      0.00000000
      2.89220000      0.00000000      0.00000000      0.00000000      0.00000000      0.00000000      0.00000000      0.00000000      0.00000000      0.00000000      0.00000000
      2.94220000      0.00000000      0.00000000      0.00000000      0.00000000      0.00000000      0.00000000      0.00000000      0.00000000      0.00000000      0.00000000
      2.99220000      0.00000000      0.00000000      0.00000000      0.00000000      0.00000000      0.00000000      0.00000000      0.00000000      0.00000000      0.00000000
      3.04220000      0.00130000      0.00010000      0.00000000      0.00000000      0.00000000      0.00000000      0.00000000      0.00000000      0.00000000      0.00140000
      3.09220000      0.02440000      0.00170000      0.00130000      0.00050000      0.00000000      0.00000000      0.00000000      0.00000000      0.00000000      0.02790000
      3.14220000      0.07350000      0.00540000      0.00440000      0.00200000      0.00000000      0.00000000      0.00000000      0.00000000      0.00000000      0.08530000
      3.19220000      0.04050000      0.00300000      0.00220000      0.00110000      0.00000000      0.00000000      0.00000000      0.00000000      0.00000000      0.04680000
      3.24220000      0.00370000      0.00020000      0.00020000      0.00000000      0.00000000      0.00000000      0.00000000      0.00000000      0.00000000      0.00410000
      3.29220000      0.00000000      0.00000000      0.00000000      0.00000000      0.00000000      0.00000000      0.00000000      0.00000000      0.00000000      0.00000000
      3.34220000      0.00000000      0.00000000      0.00000000      0.00000000      0.00000000      0.00000000      0.00000000      0.00000000      0.00000000      0.00000000
      3.39220000      0.00000000      0.00000000      0.00000000      0.00000000      0.00000000      0.00000000      0.00000000      0.00000000      0.00000000      0.00000000
      3.44220000      0.00000000      0.00000000      0.00000000      0.00000000      0.00000000      0.00000000      0.00000000      0.00000000      0.00000000      0.00000000
      3.49220000      0.00020000      0.00000000      0.00000000      0.00000000      0.00000000      0.00000000      0.00000000      0.00000000      0.00000000      0.00020000
      3.54220000      0.00570000      0.00030000      0.00030000      0.00020000      0.00000000      0.00000000      0.00000000      0.00000000      0.00000000      0.00650000
      3.59220000      0.11360000      0.00590000      0.00150000      0.00410000      0.00000000      0.00000000      0.00000000      0.00000000      0.00000000      0.12510000
      3.64220000      0.45050000      0.02400000      0.00500000      0.01600000      0.00000000      0.00000000      0.00000000      0.00000000      0.00000000      0.49550000
      3.69220000      0.33030000      0.01760000      0.00470000      0.01190000      0.00000000      0.00000000      0.00000000      0.00000000      0.00000000      0.36450000
      3.74220000      0.07460000      0.00380000      0.00300000      0.00260000      0.00000000      0.00000000      0.00000000      0.00000000      0.00000000      0.08400000
      3.79220000      0.09330000      0.00500000      0.00200000      0.00410000      0.00000000      0.00000000      0.00000000      0.00000000      0.00000000      0.10440000
      3.84220000      0.05250000      0.00270000      0.00080000      0.00230000      0.00000000      0.00000000      0.00000000      0.00000000      0.00000000      0.05830000
      3.89220000      0.00530000      0.00020000      0.00000000      0.00020000      0.00000000      0.00000000      0.00000000      0.00000000      0.00000000      0.00570000
      3.94220000      0.00010000      0.00000000      0.00000000      0.00000000      0.00000000      0.00000000      0.00000000      0.00000000      0.00000000      0.00010000
      3.99220000      0.00100000      0.00000000      0.00130000      0.00000000      0.00000000      0.00000000      0.00000000      0.00000000      0.00000000      0.00230000
      4.04220000      0.00760000      0.00010000      0.01000000      0.00040000      0.00000000      0.00000000      0.00000000      0.00000000      0.00000000      0.01810000
      4.09220000      0.01560000      0.00090000      0.01430000      0.00110000      0.00000000      0.00000000      0.00000000      0.00000000      0.00000000      0.03190000
      4.14220000      0.02840000      0.00130000      0.01200000      0.00180000      0.00000000      0.00000000      0.00000000      0.00000000      0.00000000      0.04350000
      4.19220000      0.02280000      0.00100000      0.00690000      0.00120000      0.00000000      0.00000000      0.00000000      0.00000000      0.00000000      0.03190000
      4.24220000      0.00930000      0.00060000      0.00320000      0.00060000      0.00000000      0.00000000      0.00000000      0.00000000      0.00000000      0.01370000
      4.29220000      0.01240000      0.00100000      0.00760000      0.00120000      0.00000000      0.00000000      0.00000000      0.00000000      0.00000000      0.02220000
      4.34220000      0.00940000      0.00070000      0.01180000      0.00120000      0.00000000      0.00000000      0.00000000      0.00000000      0.00000000      0.02310000
      4.39220000      0.00630000      0.00050000      0.01010000      0.00050000      0.00000000      0.00000000      0.00000000      0.00000000      0.00000000      0.01740000
      4.44220000      0.00460000      0.00000000      0.00600000      0.00000000      0.00000000      0.00000000      0.00000000      0.00000000      0.00000000      0.01060000
      4.49220000      0.00210000      0.00000000      0.00300000      0.00000000      0.00000000      0.00000000      0.00000000      0.00000000      0.00000000      0.00510000
      4.54220000      0.00010000      0.00000000      0.00030000      0.00000000      0.00000000      0.00000000      0.00000000      0.00000000      0.00000000      0.00040000
      4.59220000      0.00000000      0.00000000      0.00000000      0.00000000      0.00000000      0.00000000      0.00000000      0.00000000      0.00000000      0.00000000
      4.64220000      0.00100000      0.00000000      0.00160000      0.00000000      0.00000000      0.00000000      0.00000000      0.00000000      0.00000000      0.00260000
      4.69220000      0.00530000      0.00080000      0.00790000      0.00060000      0.00000000      0.00000000      0.00000000      0.00000000      0.00000000      0.01460000
      4.74220000      0.00450000      0.00060000      0.00650000      0.00060000      0.00000000      0.00000000      0.00000000      0.00000000      0.00000000      0.01220000
      4.79220000      0.00140000      0.00010000      0.00160000      0.00020000      0.00000000      0.00000000      0.00000000      0.00000000      0.00000000      0.00330000
      4.84220000      0.00450000      0.00100000      0.00510000      0.00110000      0.00000000      0.00000000      0.00000000      0.00000000      0.00000000      0.01170000
      4.89220000      0.00950000      0.00170000      0.01190000      0.00220000      0.00000000      0.00000000      0.00000000      0.00000000      0.00000000      0.02530000
      4.94220000      0.01070000      0.00200000      0.01350000      0.00210000      0.00000000      0.00000000      0.00000000      0.00000000      0.00000000      0.02830000
      4.99220000      0.01370000      0.00300000      0.01770000      0.00280000      0.00000000      0.00000000      0.00000000      0.00000000      0.00000000      0.03720000
      5.04220000      0.00840000      0.00180000      0.01190000      0.00170000      0.00000000      0.00000000      0.00000000      0.00000000      0.00000000      0.02380000
      5.09220000      0.00230000      0.00040000      0.00350000      0.00030000      0.00000000      0.00000000      0.00000000      0.00000000      0.00000000      0.00650000
      5.14220000      0.00350000      0.00060000      0.00440000      0.00040000      0.00000000      0.00000000      0.00000000      0.00000000      0.00000000      0.00890000
      5.19220000      0.00180000      0.00040000      0.00220000      0.00020000      0.00000000      0.00000000      0.00000000      0.00000000      0.00000000      0.00460000
      5.24220000      0.00010000      0.00000000      0.00010000      0.00000000      0.00000000      0.00000000      0.00000000      0.00000000      0.00000000      0.00020000
      5.29220000      0.00000000      0.00000000      0.00000000      0.00000000      0.00000000      0.00000000      0.00000000      0.00000000      0.00000000      0.00000000
      5.34220000      0.00000000      0.00000000      0.00000000      0.00000000      0.00000000      0.00000000      0.00000000      0.00000000      0.00000000      0.00000000
      5.39220000      0.00000000      0.00000000      0.00000000      0.00000000      0.00000000      0.00000000      0.00000000      0.00000000      0.00000000      0.00000000
      5.44220000      0.00200000      0.00070000      0.00170000      0.00060000      0.00000000      0.00000000      0.00000000      0.00000000      0.00000000      0.00500000
      5.49220000      0.03970000      0.01470000      0.03430000      0.01250000      0.00000000      0.00000000      0.00000000      0.00000000      0.00000000      0.10120000
      5.54220000      0.13760000      0.05040000      0.11930000      0.04320000      0.00000000      0.00000000      0.00000000      0.00000000      0.00000000      0.35050000
      5.59220000      0.12380000      0.04450000      0.10620000      0.03870000      0.00000000      0.00000000      0.00000000      0.00000000      0.00000000      0.31320000
      5.64220000      0.19760000      0.07000000      0.14940000      0.06250000      0.00000000      0.00000000      0.00000000      0.00000000      0.00000000      0.47950000
      5.69220000      0.17730000      0.06300000      0.12950000      0.05630000      0.00000000      0.00000000      0.00000000      0.00000000      0.00000000      0.42610000
      5.74220000      0.03050000      0.01090000      0.02190000      0.00950000      0.00000000      0.00000000      0.00000000      0.00000000      0.00000000      0.07280000
      5.79220000      0.00080000      0.00020000      0.00060000      0.00020000      0.00000000      0.00000000      0.00000000      0.00000000      0.00000000      0.00180000
      5.84220000      0.00030000      0.00020000      0.00050000      0.00010000      0.00000000      0.00000000      0.00000000      0.00000000      0.00000000      0.00110000
      5.89220000      0.00660000      0.00400000      0.01350000      0.00360000      0.00000000      0.00000000      0.00000000      0.00000000      0.00000000      0.02770000
      5.94220000      0.02660000      0.01750000      0.08220000      0.01600000      0.00000000      0.00000000      0.00000000      0.00000000      0.00000000      0.14230000
      5.99220000      0.04460000      0.03100000      0.13020000      0.02770000      0.00000000      0.00000000      0.00000000      0.00000000      0.00000000      0.23350000
      6.04220000      0.05340000      0.04690000      0.09710000      0.04160000      0.00000000      0.00000000      0.00000000      0.00000000      0.00000000      0.23900000
      6.09220000      0.02990000      0.03240000      0.03490000      0.02960000      0.00000000      0.00000000      0.00000000      0.00000000      0.00000000      0.12680000
      6.14220000      0.00720000      0.00660000      0.01090000      0.00640000      0.00000000      0.00000000      0.00000000      0.00000000      0.00000000      0.03110000
      6.19220000      0.02250000      0.01140000      0.05740000      0.01310000      0.00000000      0.00000000      0.00000000      0.00000000      0.00000000      0.10440000
      6.24220000      0.05440000      0.03690000      0.09960000      0.03830000      0.00000000      0.00000000      0.00000000      0.00000000      0.00000000      0.22920000
      6.29220000      0.06490000      0.05610000      0.07270000      0.05580000      0.00000000      0.00000000      0.00000000      0.00000000      0.00000000      0.24950000
      6.34220000      0.11100000      0.10100000      0.08840000      0.10100000      0.00000000      0.00000000      0.00000000      0.00000000      0.00000000      0.40140000
      6.39220000      0.12360000      0.10910000      0.09880000      0.11230000      0.00000000      0.00000000      0.00000000      0.00000000      0.00000000      0.44380000
      6.44220000      0.07770000      0.07290000      0.06940000      0.07640000      0.00000000      0.00000000      0.00000000      0.00000000      0.00000000      0.29640000
      6.49220000      0.04310000      0.04680000      0.03410000      0.04850000      0.00000000      0.00000000      0.00000000      0.00000000      0.00000000      0.17250000
      6.54220000      0.01330000      0.01600000      0.00810000      0.01680000      0.00000000      0.00000000      0.00000000      0.00000000      0.00000000      0.05420000
      6.59220000      0.01080000      0.02110000      0.00170000      0.02200000      0.00000000      0.00000000      0.00000000      0.00000000      0.00000000      0.05560000
      6.64220000      0.04250000      0.07440000      0.01440000      0.07640000      0.00000000      0.00000000      0.00000000      0.00000000      0.00000000      0.20770000
      6.69220000      0.09200000      0.09800000      0.06870000      0.09600000      0.00000000      0.00000000      0.00000000      0.00000000      0.00000000      0.35470000
      6.74220000      0.08400000      0.06930000      0.07340000      0.06590000      0.00000000      0.00000000      0.00000000      0.00000000      0.00000000      0.29260000
      6.79220000      0.04380000      0.02390000      0.04290000      0.02900000      0.00000000      0.00000000      0.00000000      0.00000000      0.00000000      0.13960000
      6.84220000      0.06790000      0.02910000      0.07280000      0.04190000      0.00000000      0.00000000      0.00000000      0.00000000      0.00000000      0.21170000
      6.89220000      0.04040000      0.01910000      0.04130000      0.02400000      0.00000000      0.00000000      0.00000000      0.00000000      0.00000000      0.12480000
      6.94220000      0.02040000      0.01090000      0.01900000      0.01010000      0.00000000      0.00000000      0.00000000      0.00000000      0.00000000      0.06040000
      6.99220000      0.01280000      0.00670000      0.01760000      0.00690000      0.00000000      0.00000000      0.00000000      0.00000000      0.00000000      0.04400000
      7.04220000      0.00310000      0.00170000      0.00490000      0.00160000      0.00000000      0.00000000      0.00000000      0.00000000      0.00000000      0.01130000
      7.09220000      0.00000000      0.00000000      0.00000000      0.00000000      0.00000000      0.00000000      0.00000000      0.00000000      0.00000000      0.00000000
      7.14220000      0.00000000      0.00000000      0.00000000      0.00000000      0.00000000      0.00000000      0.00000000      0.00000000      0.00000000      0.00000000
      7.19220000      0.00000000      0.00000000      0.00000000      0.00000000      0.00000000      0.00000000      0.00000000      0.00000000      0.00000000      0.00000000
      7.24220000      0.00000000      0.00000000      0.00000000      0.00000000      0.00000000      0.00000000      0.00000000      0.00000000      0.00000000      0.00000000
      7.29220000      0.00000000      0.00000000      0.00000000      0.00000000      0.00000000      0.00000000      0.00000000      0.00000000      0.00000000      0.00000000
      7.34220000      0.00000000      0.00000000      0.00000000      0.00000000      0.00000000      0.00000000      0.00000000      0.00000000      0.00000000      0.00000000
      7.39220000      0.00000000      0.00000000      0.00000000      0.00000000      0.00000000      0.00000000      0.00000000      0.00000000      0.00000000      0.00000000
      7.44220000      0.00000000      0.00000000      0.00000000      0.00000000      0.00000000      0.00000000      0.00000000      0.00000000      0.00000000      0.00000000
      7.49220000      0.00000000      0.00000000      0.00000000      0.00000000      0.00000000      0.00000000      0.00000000      0.00000000      0.00000000      0.00000000
      7.54220000      0.00000000      0.00000000      0.00000000      0.00000000      0.00000000      0.00000000      0.00000000      0.00000000      0.00000000      0.00000000
      7.59220000      0.00000000      0.00000000      0.00000000      0.00000000      0.00000000      0.00000000      0.00000000      0.00000000      0.00000000      0.00000000
      7.64220000      0.00000000      0.00000000      0.00000000      0.00000000      0.00000000      0.00000000      0.00000000      0.00000000      0.00000000      0.00000000
      7.69220000      0.00000000      0.00000000      0.00000000      0.00000000      0.00000000      0.00000000      0.00000000      0.00000000      0.00000000      0.00000000
      7.74220000      0.00000000      0.00000000      0.00000000      0.00000000      0.00000000      0.00000000      0.00000000      0.00000000      0.00000000      0.00000000
      7.79220000      0.00000000      0.00000000      0.00000000      0.00000000      0.00000000      0.00000000      0.00000000      0.00000000      0.00000000      0.00000000
      7.84220000      0.00000000      0.00000000      0.00000000      0.00000000      0.00000000      0.00000000      0.00000000      0.00000000      0.00000000      0.00000000
      7.89220000      0.00000000      0.00000000      0.00000000      0.00000000      0.00000000      0.00000000      0.00000000      0.00000000      0.00000000      0.00000000
      7.94220000      0.00000000      0.00000000      0.00000000      0.00000000      0.00000000      0.00000000      0.00000000      0.00000000      0.00000000      0.00000000
      7.99220000      0.00000000      0.00000000      0.00000000      0.00000000      0.00000000      0.00000000      0.00000000      0.00000000      0.00000000      0.00000000
      8.04220000      0.00000000      0.00000000      0.00000000      0.00000000      0.00000000      0.00000000      0.00000000      0.00000000      0.00000000      0.00000000
      8.09220000      0.00000000      0.00000000      0.00000000      0.00000000      0.00000000      0.00000000      0.00000000      0.00000000      0.00000000      0.00000000
      8.14220000      0.00000000      0.00000000      0.00000000      0.00000000      0.00000000      0.00000000      0.00000000      0.00000000      0.00000000      0.00000000
      8.19220000      0.00000000      0.00000000      0.00000000      0.00000000      0.00000000      0.00000000      0.00000000      0.00000000      0.00000000      0.00000000
      8.24220000      0.00000000      0.00000000      0.00000000      0.00000000      0.00000000      0.00000000      0.00000000      0.00000000      0.00000000      0.00000000
      8.29220000      0.00000000      0.00000000      0.00000000      0.00000000      0.00000000      0.00000000      0.00000000      0.00000000      0.00000000      0.00000000
      8.34220000      0.00000000      0.00000000      0.00000000      0.00000000      0.00000000      0.00000000      0.00000000      0.00000000      0.00000000      0.00000000
      8.39220000      0.00000000      0.00000000      0.00000000      0.00000000      0.00000000      0.00000000      0.00000000      0.00000000      0.00000000      0.00000000
      8.44220000      0.00000000      0.00000000      0.00000000      0.00000000      0.00000000      0.00000000      0.00000000      0.00000000      0.00000000      0.00000000
      8.49220000      0.00000000      0.00000000      0.00000000      0.00000000      0.00000000      0.00000000      0.00000000      0.00000000      0.00000000      0.00000000
      8.54220000      0.00000000      0.00000000      0.00000000      0.00000000      0.00000000      0.00000000      0.00000000      0.00000000      0.00000000      0.00000000
      8.59220000      0.00000000      0.00000000      0.00000000      0.00000000      0.00000000      0.00000000      0.00000000      0.00000000      0.00000000      0.00000000
      8.64220000      0.00000000      0.00000000      0.00000000      0.00000000      0.00000000      0.00000000      0.00000000      0.00000000      0.00000000      0.00000000
      8.69220000      0.00000000      0.00000000      0.00000000      0.00000000      0.00000000      0.00000000      0.00000000      0.00000000      0.00000000      0.00000000
      8.74220000      0.00000000      0.00000000      0.00000000      0.00000000      0.00000000      0.00000000      0.00000000      0.00000000      0.00000000      0.00000000
      8.79220000      0.00000000      0.00000000      0.00000000      0.00000000      0.00000000      0.00000000      0.00000000      0.00000000      0.00000000      0.00000000
      8.84220000      0.00000000      0.00000000      0.00000000      0.00000000      0.00000000      0.00000000      0.00000000      0.00000000      0.00000000      0.00000000
      8.89220000      0.00000000      0.00000000      0.00000000      0.00000000      0.00000000      0.00000000      0.00000000      0.00000000      0.00000000      0.00000000
      8.94220000      0.00000000      0.00000000      0.00000000      0.00000000      0.00000000      0.00000000      0.00000000      0.00000000      0.00000000      0.00000000
      8.99220000      0.00000000      0.00000000      0.00000000      0.00000000      0.00000000      0.00000000      0.00000000      0.00000000      0.00000000      0.00000000
      9.04220000      0.00000000      0.00000000      0.00000000      0.00000000      0.00000000      0.00000000      0.00000000      0.00000000      0.00000000      0.00000000
      9.09220000      0.00000000      0.00000000      0.00000000      0.00000000      0.00000000      0.00000000      0.00000000      0.00000000      0.00000000      0.00000000
      9.14220000      0.00000000      0.00000000      0.00000000      0.00000000      0.00000000      0.00000000      0.00000000      0.00000000      0.00000000      0.00000000
      9.19220000      0.00000000      0.00000000      0.00000000      0.00000000      0.00000000      0.00000000      0.00000000      0.00000000      0.00000000      0.00000000
      9.24220000      0.00000000      0.00000000      0.00000000      0.00000000      0.00000000      0.00000000      0.00000000      0.00000000      0.00000000      0.00000000
      9.29220000      0.00000000      0.00000000      0.00000000      0.00000000      0.00000000      0.00000000      0.00000000      0.00000000      0.00000000      0.00000000
      9.34220000      0.00000000      0.00000000      0.00000000      0.00000000      0.00000000      0.00000000      0.00000000      0.00000000      0.00000000      0.00000000
      9.39220000      0.00000000      0.00000000      0.00000000      0.00000000      0.00000000      0.00000000      0.00000000      0.00000000      0.00000000      0.00000000
      9.44220000      0.00000000      0.00000000      0.00000000      0.00000000      0.00000000      0.00000000      0.00000000      0.00000000      0.00000000      0.00000000
      9.49220000      0.00000000      0.00000000      0.00000000      0.00000000      0.00000000      0.00000000      0.00000000      0.00000000      0.00000000      0.00000000
      9.54220000      0.00000000      0.00000000      0.00000000      0.00000000      0.00000000      0.00000000      0.00000000      0.00000000      0.00000000      0.00000000
      9.59220000      0.00000000      0.00000000      0.00000000      0.00000000      0.00000000      0.00000000      0.00000000      0.00000000      0.00000000      0.00000000
      9.64220000      0.00000000      0.00000000      0.00000000      0.00000000      0.00000000      0.00000000      0.00000000      0.00000000      0.00000000      0.00000000
      9.69220000      0.00000000      0.00000000      0.00000000      0.00000000      0.00000000      0.00000000      0.00000000      0.00000000      0.00000000      0.00000000
      9.74220000      0.00000000      0.00000000      0.00000000      0.00000000      0.00000000      0.00000000      0.00000000      0.00000000      0.00000000      0.00000000
      9.79220000      0.00000000      0.00000000      0.00000000      0.00000000      0.00000000      0.00000000      0.00000000      0.00000000      0.00000000      0.00000000
      9.84220000      0.00000000      0.00000000      0.00000000      0.00000000      0.00000000      0.00000000      0.00000000      0.00000000      0.00000000      0.00000000
      9.89220000      0.00000000      0.00000000      0.00000000      0.00000000      0.00000000      0.00000000      0.00000000      0.00000000      0.00000000      0.00000000
      9.94220000      0.00000000      0.00000000      0.00000000      0.00000000      0.00000000      0.00000000      0.00000000      0.00000000      0.00000000      0.00000000
      9.99220000      0.00000000      0.00000000      0.00000000      0.00000000      0.00000000      0.00000000      0.00000000      0.00000000      0.00000000      0.00000000
     10.04220000      0.00000000      0.00000000      0.00000000      0.00000000      0.00000000      0.00000000      0.00000000      0.00000000      0.00000000      0.00000000
     10.09220000      0.00000000      0.00000000      0.00000000      0.00000000      0.00000000      0.00000000      0.00000000      0.00000000      0.00000000      0.00000000
     10.14220000      0.00000000      0.00000000      0.00000000      0.00000000      0.00000000      0.00000000      0.00000000      0.00000000      0.00000000      0.00000000
     10.19220000      0.00000000      0.00000000      0.00000000      0.00000000      0.00000000      0.00000000      0.00000000      0.00000000      0.00000000      0.00000000
     10.24220000      0.00000000      0.00000000      0.00000000      0.00000000      0.00000000      0.00000000      0.00000000      0.00000000      0.00000000      0.00000000
     10.29220000      0.00000000      0.00000000      0.00000000      0.00000000      0.00000000      0.00000000      0.00000000      0.00000000      0.00000000      0.00000000
     10.34220000      0.00000000      0.00000000      0.00000000      0.00000000      0.00000000      0.00000000      0.00000000      0.00000000      0.00000000      0.00000000
     10.39220000      0.00000000      0.00000000      0.00000000      0.00000000      0.00000000      0.00000000      0.00000000      0.00000000      0.00000000      0.00000000
     10.44220000      0.00000000      0.00000000      0.00000000      0.00000000      0.00000000      0.00000000      0.00000000      0.00000000      0.00000000      0.00000000
     10.49220000      0.00000000      0.00000000      0.00000000      0.00000000      0.00000000      0.00000000      0.00000000      0.00000000      0.00000000      0.00000000
     10.54220000      0.00000000      0.00000000      0.00000000      0.00000000      0.00000000      0.00000000      0.00000000      0.00000000      0.00000000      0.00000000
     10.59220000      0.00000000      0.00000000      0.00000000      0.00000000      0.00000000      0.00000000      0.00000000      0.00000000      0.00000000      0.00000000
     10.64220000      0.00000000      0.00000000      0.00000000      0.00000000      0.00000000      0.00000000      0.00000000      0.00000000      0.00000000      0.00000000
     10.69220000      0.00000000      0.00000000      0.00000000      0.00000000      0.00000000      0.00000000      0.00000000      0.00000000      0.00000000      0.00000000
     10.74220000      0.00000000      0.00000000      0.00000000      0.00000000      0.00000000      0.00000000      0.00000000      0.00000000      0.00000000      0.00000000
     10.79220000      0.00000000      0.00000000      0.00000000      0.00000000      0.00000000      0.00000000      0.00000000      0.00000000      0.00000000      0.00000000
     10.84220000      0.00000000      0.00000000      0.00000000      0.00000000      0.00000000      0.00000000      0.00000000      0.00000000      0.00000000      0.00000000
     10.89220000      0.00000000      0.00000000      0.00000000      0.00000000      0.00000000      0.00000000      0.00000000      0.00000000      0.00000000      0.00000000
     10.94220000      0.00000000      0.00000000      0.00000000      0.00000000      0.00000000      0.00000000      0.00000000      0.00000000      0.00000000      0.00000000
     10.99220000      0.00000000      0.00000000      0.00000000      0.00000000      0.00000000      0.00000000      0.00000000      0.00000000      0.00000000      0.00000000
     11.04220000      0.00000000      0.00000000      0.00000000      0.00000000      0.00000000      0.00000000      0.00000000      0.00000000      0.00000000      0.00000000
     11.09220000      0.00000000      0.00000000      0.00000000      0.00000000      0.00000000      0.00000000      0.00000000      0.00000000      0.00000000      0.00000000
     11.14220000      0.00000000      0.00000000      0.00000000      0.00000000      0.00000000      0.00000000      0.00000000      0.00000000      0.00000000      0.00000000
     11.19220000      0.00000000      0.00000000      0.00000000      0.00000000      0.00000000      0.00000000      0.00000000      0.00000000      0.00000000      0.00000000
     11.24220000      0.00000000      0.00000000      0.00000000      0.00000000      0.00000000      0.00000000      0.00000000      0.00000000      0.00000000      0.00000000
     11.29220000      0.00000000      0.00000000      0.00000000      0.00000000      0.00000000      0.00000000      0.00000000      0.00000000      0.00000000      0.00000000
     11.34220000      0.00000000      0.00000000      0.00000000      0.00000000      0.00000000      0.00000000      0.00000000      0.00000000      0.00000000      0.00000000
     11.39220000      0.00000000      0.00000000      0.00000000      0.00000000      0.00000000      0.00000000      0.00000000      0.00000000      0.00000000      0.00000000
     11.44220000      0.00000000      0.00000000      0.00000000      0.00000000      0.00000000      0.00000000      0.00000000      0.00000000      0.00000000      0.00000000
     11.49220000      0.00000000      0.00000000      0.00000000      0.00000000      0.00000000      0.00000000      0.00000000      0.00000000      0.00000000      0.00000000
     11.54220000      0.00000000      0.00000000      0.00000000      0.00000000      0.00000000      0.00000000      0.00000000      0.00000000      0.00000000      0.00000000
     11.59220000      0.00000000      0.00000000      0.00000000      0.00000000      0.00000000      0.00000000      0.00000000      0.00000000      0.00000000      0.00000000
     11.64220000      0.00000000      0.00000000      0.00000000      0.00000000      0.00000000      0.00000000      0.00000000      0.00000000      0.00000000      0.00000000
     11.69220000      0.00000000      0.00000000      0.00000000      0.00000000      0.00000000      0.00000000      0.00000000      0.00000000      0.00000000      0.00000000
     11.74220000      0.00000000      0.00000000      0.00000000      0.00000000      0.00000000      0.00000000      0.00000000      0.00000000      0.00000000      0.00000000
     11.79220000      0.00000000      0.00000000      0.00000000      0.00000000      0.00000000      0.00000000      0.00000000      0.00000000      0.00000000      0.00000000
     11.84220000      0.00000000      0.00000000      0.00000000      0.00000000      0.00000000      0.00000000      0.00000000      0.00000000      0.00000000      0.00000000
     11.89220000      0.00000000      0.00000000      0.00000000      0.00000000      0.00000000      0.00000000      0.00000000      0.00000000      0.00000000      0.00000000
     11.94220000      0.00000000      0.00000000      0.00000000      0.00000000      0.00000000      0.00000000      0.00000000      0.00000000      0.00000000      0.00000000
     11.99220000      0.00000000      0.00000000      0.00000000      0.00000000      0.00000000      0.00000000      0.00000000      0.00000000      0.00000000      0.00000000
     12.04220000      0.00000000      0.00000000      0.00000000      0.00000000      0.00000000      0.00000000      0.00000000      0.00000000      0.00000000      0.00000000
     12.09220000      0.00000000      0.00000000      0.00000000      0.00000000      0.00000000      0.00000000      0.00000000      0.00000000      0.00000000      0.00000000
     12.14220000      0.00000000      0.00000000      0.00000000      0.00000000      0.00000000      0.00000000      0.00000000      0.00000000      0.00000000      0.00000000
     12.19220000      0.00000000      0.00000000      0.00000000      0.00000000      0.00000000      0.00000000      0.00000000      0.00000000      0.00000000      0.00000000
     12.24220000      0.00000000      0.00000000      0.00000000      0.00000000      0.00000000      0.00000000      0.00000000      0.00000000      0.00000000      0.00000000
     12.29220000      0.00000000      0.00000000      0.00000000      0.00000000      0.00000000      0.00000000      0.00000000      0.00000000      0.00000000      0.00000000
     12.34220000      0.00000000      0.00000000      0.00000000      0.00000000      0.00000000      0.00000000      0.00000000      0.00000000      0.00000000      0.00000000
     12.39220000      0.00000000      0.00000000      0.00000000      0.00000000      0.00000000      0.00000000      0.00000000      0.00000000      0.00000000      0.00000000
     12.44220000      0.00000000      0.00000000      0.00000000      0.00000000      0.00000000      0.00000000      0.00000000      0.00000000      0.00000000      0.00000000
     12.49220000      0.00000000      0.00000000      0.00000000      0.00000000      0.00000000      0.00000000      0.00000000      0.00000000      0.00000000      0.00000000
     12.54220000      0.00000000      0.00000000      0.00000000      0.00000000      0.00000000      0.00000000      0.00000000      0.00000000      0.00000000      0.00000000
     12.59220000      0.00000000      0.00000000      0.00000000      0.00000000      0.00000000      0.00000000      0.00000000      0.00000000      0.00000000      0.00000000
     12.64220000      0.00000000      0.00000000      0.00000000      0.00000000      0.00000000      0.00000000      0.00000000      0.00000000      0.00000000      0.00000000
     12.69220000      0.00000000      0.00000000      0.00000000      0.00000000      0.00000000      0.00000000      0.00000000      0.00000000      0.00000000      0.00000000
