      Energy(eV)          s               py              pz              px              dxy             dyz             dz2             dxz            dx2-y2            tot 
     -7.20780000      0.00000000      0.00000000      0.00000000      0.00000000      0.00000000      0.00000000      0.00000000      0.00000000      0.00000000      0.00000000
     -7.15780000      0.00360000      0.01060000      0.00360000      0.01090000      0.00000000      0.00000000      0.00000000      0.00000000      0.00000000      0.02870000
     -7.10780000      0.11890000      0.31680000      0.11390000      0.32860000      0.00000000      0.00000000      0.00000000      0.00000000      0.00000000      0.87820000
     -7.05780000      0.75940000      2.37790000      0.72230000      2.42510000      0.00000000      0.00000000      0.00000000      0.00000000      0.00000000      6.28470000
     -7.00780000      2.05400000      8.15180000      2.03040000      8.18550000      0.00000000      0.00000000      0.00000000      0.00000000      0.00000000     20.42170000
     -6.95780000      2.43990000     10.36150000      2.71240000     10.42440000      0.00000000      0.00000000      0.00000000      0.00000000      0.00000000     25.93820000
     -6.90780000      0.92860000      3.86660000      1.99190000      3.91320000      0.00000000      0.00000000      0.00000000      0.00000000      0.00000000     10.70030000
     -6.85780000      0.85250000      3.00290000      4.51980000      3.02630000      0.00000000      0.00000000      0.00000000      0.00000000      0.00000000     11.40150000
     -6.80780000      2.07900000      6.15960000      5.97200000      6.17650000      0.00000000      0.00000000      0.00000000      0.00000000      0.00000000     20.38710000
     -6.75780000      2.10890000      5.75940000      3.19660000      5.75000000      0.00000000      0.00000000      0.00000000      0.00000000      0.00000000     16.81490000
     -6.70780000      0.55660000      1.48500000      0.61810000      1.47940000      0.00000000      0.00000000      0.00000000      0.00000000      0.00000000      4.13910000
     -6.65780000      0.07240000      0.16930000      0.20870000      0.17050000      0.00000000      0.00000000      0.00000000      0.00000000      0.00000000      0.62090000
     -6.60780000      0.54240000      1.11650000      2.35030000      1.12580000      0.00000000      0.00000000      0.00000000      0.00000000      0.00000000      5.13500000
     -6.55780000      1.31430000      2.69430000      5.82670000      2.69300000      0.00000000      0.00000000      0.00000000      0.00000000      0.00000000     12.52830000
     -6.50780000      0.80230000      2.19430000      3.50020000      2.03450000      0.00000000      0.00000000      0.00000000      0.00000000      0.00000000      8.53130000
     -6.45780000      0.37390000      1.71050000      1.47650000      1.45670000      0.00000000      0.00000000      0.00000000      0.00000000      0.00000000      5.01760000
     -6.40780000      0.13190000      0.52450000      0.49880000      0.45240000      0.00000000      0.00000000      0.00000000      0.00000000      0.00000000      1.60760000
     -6.35780000      0.49920000      0.87570000      1.78430000      0.85750000      0.00000000      0.00000000      0.00000000      0.00000000      0.00000000      4.01670000
     -6.30780000      1.65510000      2.83110000      5.65480000      2.77800000      0.00000000      0.00000000      0.00000000      0.00000000      0.00000000     12.91900000
     -6.25780000      3.29280000      5.14310000     10.93310000      5.07990000      0.00000000      0.00000000      0.00000000      0.00000000      0.00000000     24.44890000
     -6.20780000      3.78820000      5.83410000     12.17860000      5.81660000      0.00000000      0.00000000      0.00000000      0.00000000      0.00000000     27.61750000
     -6.15780000      1.33480000      2.21180000      3.95230000      2.22250000      0.00000000      0.00000000      0.00000000      0.00000000      0.00000000      9.72140000
     -6.10780000      0.97530000      2.17050000      1.18010000      2.20630000      0.00000000      0.00000000      0.00000000      0.00000000      0.00000000      6.53220000
     -6.05780000      2.69430000      6.24150000      2.54780000      6.34480000      0.00000000      0.00000000      0.00000000      0.00000000      0.00000000     17.82840000
     -6.00780000      2.40470000      5.55990000      2.56330000      5.72130000      0.00000000      0.00000000      0.00000000      0.00000000      0.00000000     16.24920000
     -5.95780000      1.11550000      2.51170000      1.54900000      2.63950000      0.00000000      0.00000000      0.00000000      0.00000000      0.00000000      7.81570000
     -5.90780000      0.18050000      0.42140000      0.27490000      0.43130000      0.00000000      0.00000000      0.00000000      0.00000000      0.00000000      1.30810000
     -5.85780000      0.03920000      0.46860000      0.14960000      0.22270000      0.00000000      0.00000000      0.00000000      0.00000000      0.00000000      0.88010000
     -5.80780000      0.11300000      1.53330000      0.47490000      0.70260000      0.00000000      0.00000000      0.00000000      0.00000000      0.00000000      2.82380000
     -5.75780000      0.06900000      0.94120000      0.29130000      0.43120000      0.00000000      0.00000000      0.00000000      0.00000000      0.00000000      1.73270000
     -5.70780000      0.00760000      0.10280000      0.03130000      0.04700000      0.00000000      0.00000000      0.00000000      0.00000000      0.00000000      0.18870000
     -5.65780000      0.00000000      0.00150000      0.00050000      0.00060000      0.00000000      0.00000000      0.00000000      0.00000000      0.00000000      0.00260000
     -5.60780000      0.00000000      0.00000000      0.00000000      0.00000000      0.00000000      0.00000000      0.00000000      0.00000000      0.00000000      0.00000000
     -5.55780000      0.00000000      0.00000000      0.00000000      0.00000000      0.00000000      0.00000000      0.00000000      0.00000000      0.00000000      0.00000000
     -5.50780000      0.00000000      0.00000000      0.00000000      0.00000000      0.00000000      0.00000000      0.00000000      0.00000000      0.00000000      0.00000000
     -5.45780000      0.00000000      0.00020000      0.00000000      0.00000000      0.00000000      0.00000000      0.00000000      0.00000000      0.00000000      0.00020000
     -5.40780000      0.00070000      0.01810000      0.00190000      0.00500000      0.00000000      0.00000000      0.00000000      0.00000000      0.00000000      0.02570000
     -5.35780000      0.02320000      0.39510000      0.04920000      0.11560000      0.00000000      0.00000000      0.00000000      0.00000000      0.00000000      0.58310000
     -5.30780000      0.08920000      1.46000000      0.18250000      0.43190000      0.00000000      0.00000000      0.00000000      0.00000000      0.00000000      2.16360000
     -5.25780000      0.23750000      1.52950000      0.27210000      0.83140000      0.00000000      0.00000000      0.00000000      0.00000000      0.00000000      2.87050000
     -5.20780000      2.27340000      6.88620000      1.84240000      6.78930000      0.00000000      0.00000000      0.00000000      0.00000000      0.00000000     17.79130000
     -5.15780000      6.22210000     17.47170000      4.62230000     17.59290000      0.00000000      0.00000000      0.00000000      0.00000000      0.00000000     45.90900000
     -5.10780000      4.15190000     10.76830000      2.74990000     10.94770000      0.00000000      0.00000000      0.00000000      0.00000000      0.00000000     28.61780000
     -5.05780000      0.67600000      1.63340000      0.40020000      1.67990000      0.00000000      0.00000000      0.00000000      0.00000000      0.00000000      4.38950000
     -5.00780000      0.02380000      0.05550000      0.01310000      0.05790000      0.00000000      0.00000000      0.00000000      0.00000000      0.00000000      0.15030000
     -4.95780000      0.00000000      0.00010000      0.00000000      0.00000000      0.00000000      0.00000000      0.00000000      0.00000000      0.00000000      0.00010000
     -4.90780000      0.00350000      0.01690000      0.01000000      0.00960000      0.00000000      0.00000000      0.00000000      0.00000000      0.00000000      0.04000000
     -4.85780000      0.07370000      0.31560000      0.19160000      0.18020000      0.00000000      0.00000000      0.00000000      0.00000000      0.00000000      0.76110000
     -4.80780000      0.23700000      1.01060000      0.61520000      0.58080000      0.00000000      0.00000000      0.00000000      0.00000000      0.00000000      2.44360000
     -4.75780000      0.17390000      0.65440000      0.48820000      0.53380000      0.00000000      0.00000000      0.00000000      0.00000000      0.00000000      1.85030000
     -4.70780000      0.21120000      0.42040000      0.76010000      1.12520000      0.00000000      0.00000000      0.00000000      0.00000000      0.00000000      2.51690000
     -4.65780000      0.19580000      0.35870000      0.72000000      1.08590000      0.00000000      0.00000000      0.00000000      0.00000000      0.00000000      2.36040000
     -4.60780000      0.03500000      0.06450000      0.12940000      0.19520000      0.00000000      0.00000000      0.00000000      0.00000000      0.00000000      0.42410000
     -4.55780000      0.00090000      0.00140000      0.00370000      0.00550000      0.00000000      0.00000000      0.00000000      0.00000000      0.00000000      0.01150000
     -4.50780000      0.00000000      0.00000000      0.00000000      0.00000000      0.00000000      0.00000000      0.00000000      0.00000000      0.00000000      0.00000000
     -4.45780000      0.00000000      0.00000000      0.00000000      0.00000000      0.00000000      0.00000000      0.00000000      0.00000000      0.00000000      0.00000000
     -4.40780000      0.00020000      0.00050000      0.00010000      0.00220000      0.00000000      0.00000000      0.00000000      0.00000000      0.00000000      0.00300000
     -4.35780000      0.01280000      0.03910000      0.01820000      0.12080000      0.00000000      0.00000000      0.00000000      0.00000000      0.00000000      0.19090000
     -4.30780000      0.13890000      0.39690000      0.23340000      1.09440000      0.00000000      0.00000000      0.00000000      0.00000000      0.00000000      1.86360000
     -4.25780000      0.35490000      0.98150000      0.71200000      2.27890000      0.00000000      0.00000000      0.00000000      0.00000000      0.00000000      4.32730000
     -4.20780000      0.22260000      0.64050000      0.55460000      1.24650000      0.00000000      0.00000000      0.00000000      0.00000000      0.00000000      2.66420000
     -4.15780000      0.08290000      1.49300000      2.16670000      1.59740000      0.00000000      0.00000000      0.00000000      0.00000000      0.00000000      5.34000000
     -4.10780000      0.32130000      8.51210000     12.51240000      8.53810000      0.00000000      0.00000000      0.00000000      0.00000000      0.00000000     29.88390000
     -4.05780000      0.36740000      9.85320000     14.29560000      9.61520000      0.00000000      0.00000000      0.00000000      0.00000000      0.00000000     34.13140000
     -4.00780000      0.11250000      3.03050000      3.94690000      2.69110000      0.00000000      0.00000000      0.00000000      0.00000000      0.00000000      9.78100000
     -3.95780000      0.05840000      1.47450000      1.53510000      1.13750000      0.00000000      0.00000000      0.00000000      0.00000000      0.00000000      4.20550000
     -3.90780000      0.16430000      2.30650000      4.13110000      2.49020000      0.00000000      0.00000000      0.00000000      0.00000000      0.00000000      9.09210000
     -3.85780000      0.62830000      7.98510000     17.91760000      8.75330000      0.00000000      0.00000000      0.00000000      0.00000000      0.00000000     35.28430000
     -3.80780000      0.61400000      8.19170000     22.55630000      8.41990000      0.00000000      0.00000000      0.00000000      0.00000000      0.00000000     39.78190000
     -3.75780000      0.28630000      4.72150000     18.38620000      4.64010000      0.00000000      0.00000000      0.00000000      0.00000000      0.00000000     28.03410000
     -3.70780000      0.16840000      2.90560000     10.94280000      2.84310000      0.00000000      0.00000000      0.00000000      0.00000000      0.00000000     16.85990000
     -3.65780000      0.12200000      1.06890000      2.62300000      1.42150000      0.00000000      0.00000000      0.00000000      0.00000000      0.00000000      5.23540000
     -3.60780000      0.34580000      1.99040000      1.74900000      3.42590000      0.00000000      0.00000000      0.00000000      0.00000000      0.00000000      7.51110000
     -3.55780000      0.44960000      5.53700000      3.30760000      6.46440000      0.00000000      0.00000000      0.00000000      0.00000000      0.00000000     15.75860000
     -3.50780000      0.56080000     10.07340000      7.11100000     10.10400000      0.00000000      0.00000000      0.00000000      0.00000000      0.00000000     27.84920000
     -3.45780000      0.41120000      8.65420000      8.04470000      8.73170000      0.00000000      0.00000000      0.00000000      0.00000000      0.00000000     25.84180000
     -3.40780000      0.18510000      6.36690000      3.65870000      6.41490000      0.00000000      0.00000000      0.00000000      0.00000000      0.00000000     16.62560000
     -3.35780000      0.23000000      5.26240000      2.29640000      5.10080000      0.00000000      0.00000000      0.00000000      0.00000000      0.00000000     12.88960000
     -3.30780000      0.50790000     12.73380000      4.98160000     12.33140000      0.00000000      0.00000000      0.00000000      0.00000000      0.00000000     30.55470000
     -3.25780000      0.73650000     17.28250000     17.79450000     17.05810000      0.00000000      0.00000000      0.00000000      0.00000000      0.00000000     52.87160000
     -3.20780000      1.04030000     15.98650000     30.54790000     16.08590000      0.00000000      0.00000000      0.00000000      0.00000000      0.00000000     63.66060000
     -3.15780000      2.17820000     18.10370000     25.86640000     18.54100000      0.00000000      0.00000000      0.00000000      0.00000000      0.00000000     64.68930000
     -3.10780000      3.50470000     22.11560000     19.55050000     22.19970000      0.00000000      0.00000000      0.00000000      0.00000000      0.00000000     67.37050000
     -3.05780000      3.55820000     24.70720000     15.16320000     24.19450000      0.00000000      0.00000000      0.00000000      0.00000000      0.00000000     67.62310000
     -3.00780000      2.50910000     20.79990000      9.61310000     20.50830000      0.00000000      0.00000000      0.00000000      0.00000000      0.00000000     53.43040000
     -2.95780000      1.48860000     17.02280000      7.05390000     16.53000000      0.00000000      0.00000000      0.00000000      0.00000000      0.00000000     42.09530000
     -2.90780000      0.73270000     10.76470000      4.59990000     10.48890000      0.00000000      0.00000000      0.00000000      0.00000000      0.00000000     26.58620000
     -2.85780000      0.30550000      3.24260000      2.89720000      3.18480000      0.00000000      0.00000000      0.00000000      0.00000000      0.00000000      9.63010000
     -2.80780000      0.12730000      3.22440000      1.77770000      1.75680000      0.00000000      0.00000000      0.00000000      0.00000000      0.00000000      6.88620000
     -2.75780000      0.07850000      7.24250000      1.96950000      2.93840000      0.00000000      0.00000000      0.00000000      0.00000000      0.00000000     12.22890000
     -2.70780000      0.08980000      3.84050000      1.29230000      1.58300000      0.00000000      0.00000000      0.00000000      0.00000000      0.00000000      6.80560000
     -2.65780000      0.72060000      1.30820000      4.36640000      1.13270000      0.00000000      0.00000000      0.00000000      0.00000000      0.00000000      7.52790000
     -2.60780000      1.71070000      2.51860000     11.17510000      2.60390000      0.00000000      0.00000000      0.00000000      0.00000000      0.00000000     18.00830000
     -2.55780000      0.87850000      2.41330000     10.16430000      2.43850000      0.00000000      0.00000000      0.00000000      0.00000000      0.00000000     15.89460000
     -2.50780000      0.46400000      2.29900000      8.27400000      2.43590000      0.00000000      0.00000000      0.00000000      0.00000000      0.00000000     13.47290000
     -2.45780000      0.62020000      2.13540000      5.74700000      2.64970000      0.00000000      0.00000000      0.00000000      0.00000000      0.00000000     11.15230000
     -2.40780000      0.32620000      2.04400000      2.73450000      2.34820000      0.00000000      0.00000000      0.00000000      0.00000000      0.00000000      7.45290000
     -2.35780000      0.78720000      9.21230000      4.70820000      9.27130000      0.00000000      0.00000000      0.00000000      0.00000000      0.00000000     23.97900000
     -2.30780000      2.06280000     17.95540000     10.00180000     18.03430000      0.00000000      0.00000000      0.00000000      0.00000000      0.00000000     48.05430000
     -2.25780000      1.79610000     13.79290000     10.03000000     13.91680000      0.00000000      0.00000000      0.00000000      0.00000000      0.00000000     39.53580000
     -2.20780000      1.00250000     11.48480000     13.25600000     11.77940000      0.00000000      0.00000000      0.00000000      0.00000000      0.00000000     37.52270000
     -2.15780000      0.82970000     11.69790000     14.93460000     12.96200000      0.00000000      0.00000000      0.00000000      0.00000000      0.00000000     40.42420000
     -2.10780000      0.76200000     11.03730000     11.89820000     12.15230000      0.00000000      0.00000000      0.00000000      0.00000000      0.00000000     35.84980000
     -2.05780000      0.70020000     10.97830000     13.25400000     11.67570000      0.00000000      0.00000000      0.00000000      0.00000000      0.00000000     36.60820000
     -2.00780000      0.37300000      5.79890000      6.19210000      6.59780000      0.00000000      0.00000000      0.00000000      0.00000000      0.00000000     18.96180000
     -1.95780000      0.22610000      3.02570000      3.03310000      3.30080000      0.00000000      0.00000000      0.00000000      0.00000000      0.00000000      9.58570000
     -1.90780000      0.57060000      7.77180000      7.59560000      7.96770000      0.00000000      0.00000000      0.00000000      0.00000000      0.00000000     23.90570000
     -1.85780000      0.89940000     16.01710000      8.10110000     16.25770000      0.00000000      0.00000000      0.00000000      0.00000000      0.00000000     41.27530000
     -1.80780000      1.26030000     24.65400000      8.71910000     24.59810000      0.00000000      0.00000000      0.00000000      0.00000000      0.00000000     59.23150000
     -1.75780000      0.77580000     15.60720000      5.55430000     15.64090000      0.00000000      0.00000000      0.00000000      0.00000000      0.00000000     37.57820000
     -1.70780000      0.16390000      3.37910000      2.00480000      3.57760000      0.00000000      0.00000000      0.00000000      0.00000000      0.00000000      9.12540000
     -1.65780000      0.15870000      2.78930000      4.47460000      3.46710000      0.00000000      0.00000000      0.00000000      0.00000000      0.00000000     10.88970000
     -1.60780000      0.13490000      2.32520000      3.55390000      2.84280000      0.00000000      0.00000000      0.00000000      0.00000000      0.00000000      8.85680000
     -1.55780000      0.15870000      2.64420000      1.88270000      2.73930000      0.00000000      0.00000000      0.00000000      0.00000000      0.00000000      7.42490000
     -1.50780000      0.45660000      7.54040000      2.86020000      7.57400000      0.00000000      0.00000000      0.00000000      0.00000000      0.00000000     18.43120000
     -1.45780000      0.61430000     10.02400000      2.11100000     10.05080000      0.00000000      0.00000000      0.00000000      0.00000000      0.00000000     22.80010000
     -1.40780000      0.20670000      3.36470000      0.56510000      3.37480000      0.00000000      0.00000000      0.00000000      0.00000000      0.00000000      7.51130000
     -1.35780000      0.01990000      0.29170000      0.21010000      0.29290000      0.00000000      0.00000000      0.00000000      0.00000000      0.00000000      0.81460000
     -1.30780000      0.16070000      1.74970000      4.05270000      1.74880000      0.00000000      0.00000000      0.00000000      0.00000000      0.00000000      7.71190000
     -1.25780000      0.84420000      8.95130000     22.08240000      8.94460000      0.00000000      0.00000000      0.00000000      0.00000000      0.00000000     40.82250000
     -1.20780000      1.21790000     13.28050000     35.73710000     13.54410000      0.00000000      0.00000000      0.00000000      0.00000000      0.00000000     63.77960000
     -1.15780000      0.58810000     13.55580000     23.88910000     14.01780000      0.00000000      0.00000000      0.00000000      0.00000000      0.00000000     52.05080000
     -1.10780000      0.15030000     18.46660000     22.77600000     18.66020000      0.00000000      0.00000000      0.00000000      0.00000000      0.00000000     60.05310000
     -1.05780000      0.08910000     13.24680000     26.61800000     13.30240000      0.00000000      0.00000000      0.00000000      0.00000000      0.00000000     53.25630000
     -1.00780000      0.14100000     12.23000000     30.93490000     12.20360000      0.00000000      0.00000000      0.00000000      0.00000000      0.00000000     55.50950000
     -0.95780000      0.18920000      7.33740000     17.27350000      7.23100000      0.00000000      0.00000000      0.00000000      0.00000000      0.00000000     32.03110000
     -0.90780000      0.41900000     15.21980000     17.84370000     15.25690000      0.00000000      0.00000000      0.00000000      0.00000000      0.00000000     48.73940000
     -0.85780000      0.59680000     26.92460000     29.06110000     26.91500000      0.00000000      0.00000000      0.00000000      0.00000000      0.00000000     83.49750000
     -0.80780000      0.43290000     26.26640000     33.25940000     25.65490000      0.00000000      0.00000000      0.00000000      0.00000000      0.00000000     85.61360000
     -0.75780000      0.23230000     24.16870000     26.16770000     23.71960000      0.00000000      0.00000000      0.00000000      0.00000000      0.00000000     74.28830000
     -0.70780000      0.15040000     21.31050000     20.49840000     21.47150000      0.00000000      0.00000000      0.00000000      0.00000000      0.00000000     63.43080000
     -0.65780000      0.18890000     18.78470000     18.13920000     18.89100000      0.00000000      0.00000000      0.00000000      0.00000000      0.00000000     56.00380000
     -0.60780000      0.30410000     19.07900000     15.01380000     19.21440000      0.00000000      0.00000000      0.00000000      0.00000000      0.00000000     53.61130000
     -0.55780000      0.52350000     36.64170000     24.27950000     36.87920000      0.00000000      0.00000000      0.00000000      0.00000000      0.00000000     98.32390000
     -0.50780000      0.59060000     49.42150000     39.64670000     49.48730000      0.00000000      0.00000000      0.00000000      0.00000000      0.00000000    139.14610000
     -0.45780000      0.36490000     26.50010000     35.65450000     26.60800000      0.00000000      0.00000000      0.00000000      0.00000000      0.00000000     89.12750000
     -0.40780000      0.35730000     21.81730000     28.76010000     21.97320000      0.00000000      0.00000000      0.00000000      0.00000000      0.00000000     72.90790000
     -0.35780000      0.43610000     32.15870000     26.64410000     32.33440000      0.00000000      0.00000000      0.00000000      0.00000000      0.00000000     91.57330000
     -0.30780000      0.45050000     41.23480000     25.44640000     41.25070000      0.00000000      0.00000000      0.00000000      0.00000000      0.00000000    108.38240000
     -0.25780000      0.41170000     45.01650000     35.07910000     45.09500000      0.00000000      0.00000000      0.00000000      0.00000000      0.00000000    125.60230000
     -0.20780000      0.36260000     35.77880000     38.46900000     35.68360000      0.00000000      0.00000000      0.00000000      0.00000000      0.00000000    110.29400000
     -0.15780000      0.30360000     18.38640000     28.45480000     18.19850000      0.00000000      0.00000000      0.00000000      0.00000000      0.00000000     65.34330000
     -0.10780000      0.50900000      7.03780000     11.34410000      7.12990000      0.00000000      0.00000000      0.00000000      0.00000000      0.00000000     26.02080000
     -0.05780000      0.68850000     14.96120000      5.63370000     15.12950000      0.00000000      0.00000000      0.00000000      0.00000000      0.00000000     36.41290000
     -0.00780000      0.23090000     22.13220000      4.24020000     22.19790000      0.00000000      0.00000000      0.00000000      0.00000000      0.00000000     48.80120000
      0.04220000      0.05140000     13.09940000      3.24020000     13.11920000      0.00000000      0.00000000      0.00000000      0.00000000      0.00000000     29.51020000
      0.09220000      0.00810000      2.25700000      0.63190000      2.26070000      0.00000000      0.00000000      0.00000000      0.00000000      0.00000000      5.15770000
      0.14220000      0.00000000      0.07560000      0.02170000      0.07580000      0.00000000      0.00000000      0.00000000      0.00000000      0.00000000      0.17310000
      0.19220000      0.00000000      0.00170000      0.00000000      0.00170000      0.00000000      0.00000000      0.00000000      0.00000000      0.00000000      0.00340000
      0.24220000      0.02870000      0.13840000      0.04210000      0.13830000      0.00000000      0.00000000      0.00000000      0.00000000      0.00000000      0.34750000
      0.29220000      0.42080000      2.02810000      0.61810000      2.02620000      0.00000000      0.00000000      0.00000000      0.00000000      0.00000000      5.09320000
      0.34220000      1.08330000      5.22160000      1.59270000      5.21770000      0.00000000      0.00000000      0.00000000      0.00000000      0.00000000     13.11530000
      0.39220000      0.51410000      2.47780000      0.75700000      2.47660000      0.00000000      0.00000000      0.00000000      0.00000000      0.00000000      6.22550000
      0.44220000      0.04380000      0.20850000      0.06380000      0.20890000      0.00000000      0.00000000      0.00000000      0.00000000      0.00000000      0.52500000
      0.49220000      0.00000000      0.00220000      0.00020000      0.00220000      0.00000000      0.00000000      0.00000000      0.00000000      0.00000000      0.00460000
      0.54220000      0.00000000      0.00000000      0.00000000      0.00000000      0.00000000      0.00000000      0.00000000      0.00000000      0.00000000      0.00000000
      0.59220000      0.00000000      0.00000000      0.00000000      0.00000000      0.00000000      0.00000000      0.00000000      0.00000000      0.00000000      0.00000000
      0.64220000      0.00000000      0.00000000      0.00000000      0.00000000      0.00000000      0.00000000      0.00000000      0.00000000      0.00000000      0.00000000
      0.69220000      0.00000000      0.00000000      0.00000000      0.00000000      0.00000000      0.00000000      0.00000000      0.00000000      0.00000000      0.00000000
      0.74220000      0.00000000      0.00000000      0.00000000      0.00000000      0.00000000      0.00000000      0.00000000      0.00000000      0.00000000      0.00000000
      0.79220000      0.00000000      0.00000000      0.00000000      0.00000000      0.00000000      0.00000000      0.00000000      0.00000000      0.00000000      0.00000000
      0.84220000      0.00150000      0.02150000      0.00340000      0.02190000      0.00000000      0.00000000      0.00000000      0.00000000      0.00000000      0.04830000
      0.89220000      0.08960000      1.04140000      0.18770000      1.04420000      0.00000000      0.00000000      0.00000000      0.00000000      0.00000000      2.36290000
      0.94220000      0.77730000      9.03670000      1.65610000      9.05070000      0.00000000      0.00000000      0.00000000      0.00000000      0.00000000     20.52080000
      0.99220000      1.37690000     16.23880000      3.03430000     16.24150000      0.00000000      0.00000000      0.00000000      0.00000000      0.00000000     36.89150000
      1.04220000      0.77480000     10.55460000      1.94740000     10.54570000      0.00000000      0.00000000      0.00000000      0.00000000      0.00000000     23.82250000
      1.09220000      0.42540000      6.97710000      1.24650000      6.97540000      0.00000000      0.00000000      0.00000000      0.00000000      0.00000000     15.62440000
      1.14220000      0.10520000      1.76130000      0.31490000      1.76100000      0.00000000      0.00000000      0.00000000      0.00000000      0.00000000      3.94240000
      1.19220000      0.00460000      0.08930000      0.01640000      0.08950000      0.00000000      0.00000000      0.00000000      0.00000000      0.00000000      0.19980000
      1.24220000      0.00000000      0.00060000      0.00000000      0.00060000      0.00000000      0.00000000      0.00000000      0.00000000      0.00000000      0.00120000
      1.29220000      0.00000000      0.00000000      0.00000000      0.00000000      0.00000000      0.00000000      0.00000000      0.00000000      0.00000000      0.00000000
      1.34220000      0.00430000      0.00490000      0.01500000      0.00470000      0.00000000      0.00000000      0.00000000      0.00000000      0.00000000      0.02890000
      1.39220000      0.15210000      0.16210000      0.47530000      0.16150000      0.00000000      0.00000000      0.00000000      0.00000000      0.00000000      0.95100000
      1.44220000      0.81970000      0.87410000      2.56110000      0.86960000      0.00000000      0.00000000      0.00000000      0.00000000      0.00000000      5.12450000
      1.49220000      0.80010000      0.85320000      2.50020000      0.84910000      0.00000000      0.00000000      0.00000000      0.00000000      0.00000000      5.00260000
      1.54220000      0.14100000      0.15070000      0.44150000      0.14990000      0.00000000      0.00000000      0.00000000      0.00000000      0.00000000      0.88310000
      1.59220000      0.00460000      0.00600000      0.01430000      0.00580000      0.00000000      0.00000000      0.00000000      0.00000000      0.00000000      0.03070000
      1.64220000      0.04790000      0.11260000      0.05210000      0.11200000      0.00000000      0.00000000      0.00000000      0.00000000      0.00000000      0.32460000
      1.69220000      0.46650000      1.09820000      0.50960000      1.09520000      0.00000000      0.00000000      0.00000000      0.00000000      0.00000000      3.16950000
      1.74220000      0.80980000      1.90730000      0.88610000      1.90190000      0.00000000      0.00000000      0.00000000      0.00000000      0.00000000      5.50510000
      1.79220000      0.35230000      0.85210000      0.40510000      0.85000000      0.00000000      0.00000000      0.00000000      0.00000000      0.00000000      2.45950000
      1.84220000      0.63450000      1.64380000      0.82310000      1.63950000      0.00000000      0.00000000      0.00000000      0.00000000      0.00000000      4.74090000
      1.89220000      0.72050000      1.87120000      0.93790000      1.86540000      0.00000000      0.00000000      0.00000000      0.00000000      0.00000000      5.39500000
      1.94220000      0.15180000      0.39500000      0.19810000      0.39380000      0.00000000      0.00000000      0.00000000      0.00000000      0.00000000      1.13870000
      1.99220000      0.00520000      0.01390000      0.00680000      0.01390000      0.00000000      0.00000000      0.00000000      0.00000000      0.00000000      0.03980000
      2.04220000      0.00000000      0.00000000      0.00000000      0.00000000      0.00000000      0.00000000      0.00000000      0.00000000      0.00000000      0.00000000
      2.09220000      0.00020000      0.00200000      0.00070000      0.00200000      0.00000000      0.00000000      0.00000000      0.00000000      0.00000000      0.00490000
      2.14220000      0.03250000      0.15590000      0.06370000      0.15570000      0.00000000      0.00000000      0.00000000      0.00000000      0.00000000      0.40780000
      2.19220000      0.36630000      1.72640000      0.70400000      1.73200000      0.00000000      0.00000000      0.00000000      0.00000000      0.00000000      4.52870000
      2.24220000      0.96760000      4.50600000      1.84400000      4.58760000      0.00000000      0.00000000      0.00000000      0.00000000      0.00000000     11.90520000
      2.29220000      1.21160000      5.53140000      2.28730000      5.58380000      0.00000000      0.00000000      0.00000000      0.00000000      0.00000000     14.61410000
      2.34220000      0.93360000      4.25130000      1.77150000      4.04330000      0.00000000      0.00000000      0.00000000      0.00000000      0.00000000     10.99970000
      2.39220000      0.54760000      2.78090000      1.09290000      2.75540000      0.00000000      0.00000000      0.00000000      0.00000000      0.00000000      7.17680000
      2.44220000      0.87980000      5.22510000      1.85800000      5.33760000      0.00000000      0.00000000      0.00000000      0.00000000      0.00000000     13.30050000
      2.49220000      0.55290000      3.61670000      1.20030000      3.63410000      0.00000000      0.00000000      0.00000000      0.00000000      0.00000000      9.00400000
      2.54220000      0.07990000      0.56040000      0.17690000      0.55600000      0.00000000      0.00000000      0.00000000      0.00000000      0.00000000      1.37320000
      2.59220000      0.00220000      0.01620000      0.00500000      0.01630000      0.00000000      0.00000000      0.00000000      0.00000000      0.00000000      0.03970000
      2.64220000      0.00000000      0.00000000      0.00000000      0.00000000      0.00000000      0.00000000      0.00000000      0.00000000      0.00000000      0.00000000
      2.69220000      0.00000000      0.00000000      0.00000000      0.00000000      0.00000000      0.00000000      0.00000000      0.00000000      0.00000000      0.00000000
      2.74220000      0.00000000      0.00000000      0.00000000      0.00000000      0.00000000      0.00000000      0.00000000      0.00000000      0.00000000      0.00000000
      2.79220000      0.00000000      0.00000000      0.00000000      0.00000000      0.00000000      0.00000000      0.00000000      0.00000000      0.00000000      0.00000000
      2.84220000      0.00000000      0.00000000      0.00000000      0.00000000      0.00000000      0.00000000      0.00000000      0.00000000      0.00000000      0.00000000
      2.89220000      0.00000000      0.00000000      0.00000000      0.00000000      0.00000000      0.00000000      0.00000000      0.00000000      0.00000000      0.00000000
      2.94220000      0.00000000      0.00000000      0.00000000      0.00000000      0.00000000      0.00000000      0.00000000      0.00000000      0.00000000      0.00000000
      2.99220000      0.00010000      0.00020000      0.00030000      0.00020000      0.00000000      0.00000000      0.00000000      0.00000000      0.00000000      0.00080000
      3.04220000      0.02460000      0.04060000      0.04060000      0.03930000      0.00000000      0.00000000      0.00000000      0.00000000      0.00000000      0.14510000
      3.09220000      0.43040000      0.70930000      0.70350000      0.68490000      0.00000000      0.00000000      0.00000000      0.00000000      0.00000000      2.52810000
      3.14220000      1.29070000      2.12710000      2.11160000      2.05440000      0.00000000      0.00000000      0.00000000      0.00000000      0.00000000      7.58380000
      3.19220000      0.70830000      1.16760000      1.15980000      1.12800000      0.00000000      0.00000000      0.00000000      0.00000000      0.00000000      4.16370000
      3.24220000      0.06840000      0.11360000      0.11280000      0.10990000      0.00000000      0.00000000      0.00000000      0.00000000      0.00000000      0.40470000
      3.29220000      0.00080000      0.00130000      0.00140000      0.00120000      0.00000000      0.00000000      0.00000000      0.00000000      0.00000000      0.00470000
      3.34220000      0.00000000      0.00000000      0.00000000      0.00000000      0.00000000      0.00000000      0.00000000      0.00000000      0.00000000      0.00000000
      3.39220000      0.00000000      0.00000000      0.00000000      0.00000000      0.00000000      0.00000000      0.00000000      0.00000000      0.00000000      0.00000000
      3.44220000      0.00000000      0.00000000      0.00010000      0.00000000      0.00000000      0.00000000      0.00000000      0.00000000      0.00000000      0.00010000
      3.49220000      0.00220000      0.00530000      0.01740000      0.00520000      0.00000000      0.00000000      0.00000000      0.00000000      0.00000000      0.03010000
      3.54220000      0.01470000      0.04970000      0.07830000      0.03280000      0.00000000      0.00000000      0.00000000      0.00000000      0.00000000      0.17550000
      3.59220000      0.11200000      0.69850000      0.27280000      0.30520000      0.00000000      0.00000000      0.00000000      0.00000000      0.00000000      1.38850000
      3.64220000      0.49630000      2.82080000      1.03870000      1.25240000      0.00000000      0.00000000      0.00000000      0.00000000      0.00000000      5.60820000
      3.69220000      1.21470000      3.04960000      2.23020000      1.90410000      0.00000000      0.00000000      0.00000000      0.00000000      0.00000000      8.39860000
      3.74220000      2.19650000      2.87860000      3.81250000      2.62070000      0.00000000      0.00000000      0.00000000      0.00000000      0.00000000     11.50830000
      3.79220000      2.07080000      2.76440000      3.56240000      2.41280000      0.00000000      0.00000000      0.00000000      0.00000000      0.00000000     10.81040000
      3.84220000      0.88950000      1.23720000      1.52640000      1.03570000      0.00000000      0.00000000      0.00000000      0.00000000      0.00000000      4.68880000
      3.89220000      0.08780000      0.12260000      0.15060000      0.10220000      0.00000000      0.00000000      0.00000000      0.00000000      0.00000000      0.46320000
      3.94220000      0.00520000      0.00640000      0.00800000      0.00650000      0.00000000      0.00000000      0.00000000      0.00000000      0.00000000      0.02610000
      3.99220000      0.16320000      0.19690000      0.23220000      0.20810000      0.00000000      0.00000000      0.00000000      0.00000000      0.00000000      0.80040000
      4.04220000      1.31790000      1.58060000      1.84630000      1.65630000      0.00000000      0.00000000      0.00000000      0.00000000      0.00000000      6.40110000
      4.09220000      2.71540000      3.24440000      3.65310000      3.37150000      0.00000000      0.00000000      0.00000000      0.00000000      0.00000000     12.98440000
      4.14220000      2.69290000      3.33630000      3.31690000      3.34760000      0.00000000      0.00000000      0.00000000      0.00000000      0.00000000     12.69370000
      4.19220000      1.54990000      2.00540000      1.92200000      1.86410000      0.00000000      0.00000000      0.00000000      0.00000000      0.00000000      7.34140000
      4.24220000      0.81130000      0.92880000      1.64420000      0.87100000      0.00000000      0.00000000      0.00000000      0.00000000      0.00000000      4.25530000
      4.29220000      1.05690000      1.03660000      2.11080000      0.97930000      0.00000000      0.00000000      0.00000000      0.00000000      0.00000000      5.18360000
      4.34220000      1.29440000      0.91820000      1.10140000      0.86940000      0.00000000      0.00000000      0.00000000      0.00000000      0.00000000      4.18340000
      4.39220000      1.92650000      2.65320000      1.45120000      2.62700000      0.00000000      0.00000000      0.00000000      0.00000000      0.00000000      8.65790000
      4.44220000      1.82250000      3.49940000      1.81680000      3.49660000      0.00000000      0.00000000      0.00000000      0.00000000      0.00000000     10.63530000
      4.49220000      0.75640000      1.51180000      0.80530000      1.51510000      0.00000000      0.00000000      0.00000000      0.00000000      0.00000000      4.58860000
      4.54220000      0.08050000      0.16070000      0.08680000      0.16110000      0.00000000      0.00000000      0.00000000      0.00000000      0.00000000      0.48910000
      4.59220000      0.00630000      0.01020000      0.03350000      0.01040000      0.00000000      0.00000000      0.00000000      0.00000000      0.00000000      0.06040000
      4.64220000      0.13390000      0.19870000      0.88010000      0.19950000      0.00000000      0.00000000      0.00000000      0.00000000      0.00000000      1.41220000
      4.69220000      0.62250000      0.92530000      4.10120000      0.92890000      0.00000000      0.00000000      0.00000000      0.00000000      0.00000000      6.57790000
      4.74220000      0.52990000      0.78920000      3.48710000      0.79230000      0.00000000      0.00000000      0.00000000      0.00000000      0.00000000      5.59850000
      4.79220000      0.15340000      0.30060000      0.95860000      0.30070000      0.00000000      0.00000000      0.00000000      0.00000000      0.00000000      1.71330000
      4.84220000      0.54580000      1.37700000      3.27410000      1.37540000      0.00000000      0.00000000      0.00000000      0.00000000      0.00000000      6.57230000
      4.89220000      1.30810000      3.42590000      7.89430000      3.42340000      0.00000000      0.00000000      0.00000000      0.00000000      0.00000000     16.05170000
      4.94220000      1.42550000      4.03470000      7.74100000      4.02650000      0.00000000      0.00000000      0.00000000      0.00000000      0.00000000     17.22770000
      4.99220000      1.21110000      4.38730000      4.05800000      4.38220000      0.00000000      0.00000000      0.00000000      0.00000000      0.00000000     14.03860000
      5.04220000      0.80550000      3.34340000      1.57530000      3.34130000      0.00000000      0.00000000      0.00000000      0.00000000      0.00000000      9.06550000
      5.09220000      0.39620000      1.81740000      1.03790000      1.81440000      0.00000000      0.00000000      0.00000000      0.00000000      0.00000000      5.06590000
      5.14220000      0.56440000      2.64460000      1.87260000      2.64270000      0.00000000      0.00000000      0.00000000      0.00000000      0.00000000      7.72430000
      5.19220000      0.25980000      1.19650000      0.87430000      1.19680000      0.00000000      0.00000000      0.00000000      0.00000000      0.00000000      3.52740000
      5.24220000      0.02340000      0.10800000      0.08020000      0.10770000      0.00000000      0.00000000      0.00000000      0.00000000      0.00000000      0.31930000
      5.29220000      0.00000000      0.00080000      0.00080000      0.00080000      0.00000000      0.00000000      0.00000000      0.00000000      0.00000000      0.00240000
      5.34220000      0.00000000      0.00000000      0.00000000      0.00000000      0.00000000      0.00000000      0.00000000      0.00000000      0.00000000      0.00000000
      5.39220000      0.00000000      0.00000000      0.00000000      0.00000000      0.00000000      0.00000000      0.00000000      0.00000000      0.00000000      0.00000000
      5.44220000      0.00350000      0.00430000      0.00630000      0.00580000      0.00000000      0.00000000      0.00000000      0.00000000      0.00000000      0.01990000
      5.49220000      0.07810000      0.09810000      0.13830000      0.13090000      0.00000000      0.00000000      0.00000000      0.00000000      0.00000000      0.44540000
      5.54220000      0.31800000      0.55820000      0.63670000      0.66850000      0.00000000      0.00000000      0.00000000      0.00000000      0.00000000      2.18140000
      5.59220000      0.47520000      1.39490000      1.21040000      1.47930000      0.00000000      0.00000000      0.00000000      0.00000000      0.00000000      4.55980000
      5.64220000      0.55660000      1.27880000      1.18570000      1.40700000      0.00000000      0.00000000      0.00000000      0.00000000      0.00000000      4.42810000
      5.69220000      0.34850000      0.43750000      0.53820000      0.55910000      0.00000000      0.00000000      0.00000000      0.00000000      0.00000000      1.88330000
      5.74220000      0.05590000      0.05450000      0.07740000      0.07590000      0.00000000      0.00000000      0.00000000      0.00000000      0.00000000      0.26370000
      5.79220000      0.00330000      0.00150000      0.00320000      0.00240000      0.00000000      0.00000000      0.00000000      0.00000000      0.00000000      0.01040000
      5.84220000      0.09310000      0.04100000      0.07120000      0.04150000      0.00000000      0.00000000      0.00000000      0.00000000      0.00000000      0.24680000
      5.89220000      0.74460000      0.36430000      0.70440000      0.36650000      0.00000000      0.00000000      0.00000000      0.00000000      0.00000000      2.17980000
      5.94220000      1.22940000      0.85860000      2.13680000      0.85570000      0.00000000      0.00000000      0.00000000      0.00000000      0.00000000      5.08050000
      5.99220000      1.05270000      1.28070000      3.65330000      1.27200000      0.00000000      0.00000000      0.00000000      0.00000000      0.00000000      7.25870000
      6.04220000      1.88350000      2.43660000      5.90500000      2.42090000      0.00000000      0.00000000      0.00000000      0.00000000      0.00000000     12.64600000
      6.09220000      1.50680000      1.95840000      4.10760000      1.93970000      0.00000000      0.00000000      0.00000000      0.00000000      0.00000000      9.51250000
      6.14220000      0.31850000      0.43390000      0.97930000      0.42330000      0.00000000      0.00000000      0.00000000      0.00000000      0.00000000      2.15500000
      6.19220000      0.15900000      0.33750000      1.82240000      0.29660000      0.00000000      0.00000000      0.00000000      0.00000000      0.00000000      2.61550000
      6.24220000      0.40100000      0.69580000      3.35040000      0.62390000      0.00000000      0.00000000      0.00000000      0.00000000      0.00000000      5.07110000
      6.29220000      0.50730000      0.85600000      2.97000000      0.81380000      0.00000000      0.00000000      0.00000000      0.00000000      0.00000000      5.14710000
      6.34220000      0.59160000      1.36110000      3.42500000      1.33570000      0.00000000      0.00000000      0.00000000      0.00000000      0.00000000      6.71340000
      6.39220000      0.53480000      1.67870000      3.63380000      1.66930000      0.00000000      0.00000000      0.00000000      0.00000000      0.00000000      7.51660000
      6.44220000      0.45520000      1.85460000      3.90560000      1.86640000      0.00000000      0.00000000      0.00000000      0.00000000      0.00000000      8.08180000
      6.49220000      0.31500000      1.33140000      2.95370000      1.28770000      0.00000000      0.00000000      0.00000000      0.00000000      0.00000000      5.88780000
      6.54220000      0.08440000      0.29880000      0.72620000      0.27700000      0.00000000      0.00000000      0.00000000      0.00000000      0.00000000      1.38640000
      6.59220000      0.08200000      0.13410000      0.24620000      0.12900000      0.00000000      0.00000000      0.00000000      0.00000000      0.00000000      0.59130000
      6.64220000      0.30080000      0.42810000      0.72580000      0.41830000      0.00000000      0.00000000      0.00000000      0.00000000      0.00000000      1.87300000
      6.69220000      0.47550000      0.51220000      0.80910000      0.51760000      0.00000000      0.00000000      0.00000000      0.00000000      0.00000000      2.31440000
      6.74220000      0.41780000      0.37350000      0.52110000      0.38800000      0.00000000      0.00000000      0.00000000      0.00000000      0.00000000      1.70040000
      6.79220000      0.67300000      0.57820000      0.46060000      0.60780000      0.00000000      0.00000000      0.00000000      0.00000000      0.00000000      2.31960000
      6.84220000      1.47160000      1.27260000      0.95690000      1.32320000      0.00000000      0.00000000      0.00000000      0.00000000      0.00000000      5.02430000
      6.89220000      1.18900000      0.96820000      0.76530000      0.97650000      0.00000000      0.00000000      0.00000000      0.00000000      0.00000000      3.89900000
      6.94220000      1.02080000      0.71540000      0.61100000      0.67660000      0.00000000      0.00000000      0.00000000      0.00000000      0.00000000      3.02380000
      6.99220000      0.65860000      0.40990000      0.40330000      0.36010000      0.00000000      0.00000000      0.00000000      0.00000000      0.00000000      1.83190000
      7.04220000      0.15700000      0.09310000      0.09800000      0.07850000      0.00000000      0.00000000      0.00000000      0.00000000      0.00000000      0.42660000
      7.09220000      0.00790000      0.00400000      0.00500000      0.00340000      0.00000000      0.00000000      0.00000000      0.00000000      0.00000000      0.02030000
      7.14220000      0.00000000      0.00000000      0.00000000      0.00000000      0.00000000      0.00000000      0.00000000      0.00000000      0.00000000      0.00000000
      7.19220000      0.00000000      0.00000000      0.00000000      0.00000000      0.00000000      0.00000000      0.00000000      0.00000000      0.00000000      0.00000000
      7.24220000      0.00000000      0.00000000      0.00000000      0.00000000      0.00000000      0.00000000      0.00000000      0.00000000      0.00000000      0.00000000
      7.29220000      0.00000000      0.00000000      0.00000000      0.00000000      0.00000000      0.00000000      0.00000000      0.00000000      0.00000000      0.00000000
      7.34220000      0.00000000      0.00000000      0.00000000      0.00000000      0.00000000      0.00000000      0.00000000      0.00000000      0.00000000      0.00000000
      7.39220000      0.00000000      0.00000000      0.00000000      0.00000000      0.00000000      0.00000000      0.00000000      0.00000000      0.00000000      0.00000000
      7.44220000      0.00000000      0.00000000      0.00000000      0.00000000      0.00000000      0.00000000      0.00000000      0.00000000      0.00000000      0.00000000
      7.49220000      0.00000000      0.00000000      0.00000000      0.00000000      0.00000000      0.00000000      0.00000000      0.00000000      0.00000000      0.00000000
      7.54220000      0.00000000      0.00000000      0.00000000      0.00000000      0.00000000      0.00000000      0.00000000      0.00000000      0.00000000      0.00000000
      7.59220000      0.00000000      0.00000000      0.00000000      0.00000000      0.00000000      0.00000000      0.00000000      0.00000000      0.00000000      0.00000000
      7.64220000      0.00000000      0.00000000      0.00000000      0.00000000      0.00000000      0.00000000      0.00000000      0.00000000      0.00000000      0.00000000
      7.69220000      0.00000000      0.00000000      0.00000000      0.00000000      0.00000000      0.00000000      0.00000000      0.00000000      0.00000000      0.00000000
      7.74220000      0.00000000      0.00000000      0.00000000      0.00000000      0.00000000      0.00000000      0.00000000      0.00000000      0.00000000      0.00000000
      7.79220000      0.00000000      0.00000000      0.00000000      0.00000000      0.00000000      0.00000000      0.00000000      0.00000000      0.00000000      0.00000000
      7.84220000      0.00000000      0.00000000      0.00000000      0.00000000      0.00000000      0.00000000      0.00000000      0.00000000      0.00000000      0.00000000
      7.89220000      0.00000000      0.00000000      0.00000000      0.00000000      0.00000000      0.00000000      0.00000000      0.00000000      0.00000000      0.00000000
      7.94220000      0.00000000      0.00000000      0.00000000      0.00000000      0.00000000      0.00000000      0.00000000      0.00000000      0.00000000      0.00000000
      7.99220000      0.00000000      0.00000000      0.00000000      0.00000000      0.00000000      0.00000000      0.00000000      0.00000000      0.00000000      0.00000000
      8.04220000      0.00000000      0.00000000      0.00000000      0.00000000      0.00000000      0.00000000      0.00000000      0.00000000      0.00000000      0.00000000
      8.09220000      0.00000000      0.00000000      0.00000000      0.00000000      0.00000000      0.00000000      0.00000000      0.00000000      0.00000000      0.00000000
      8.14220000      0.00000000      0.00000000      0.00000000      0.00000000      0.00000000      0.00000000      0.00000000      0.00000000      0.00000000      0.00000000
      8.19220000      0.00000000      0.00000000      0.00000000      0.00000000      0.00000000      0.00000000      0.00000000      0.00000000      0.00000000      0.00000000
      8.24220000      0.00000000      0.00000000      0.00000000      0.00000000      0.00000000      0.00000000      0.00000000      0.00000000      0.00000000      0.00000000
      8.29220000      0.00000000      0.00000000      0.00000000      0.00000000      0.00000000      0.00000000      0.00000000      0.00000000      0.00000000      0.00000000
      8.34220000      0.00000000      0.00000000      0.00000000      0.00000000      0.00000000      0.00000000      0.00000000      0.00000000      0.00000000      0.00000000
      8.39220000      0.00000000      0.00000000      0.00000000      0.00000000      0.00000000      0.00000000      0.00000000      0.00000000      0.00000000      0.00000000
      8.44220000      0.00000000      0.00000000      0.00000000      0.00000000      0.00000000      0.00000000      0.00000000      0.00000000      0.00000000      0.00000000
      8.49220000      0.00000000      0.00000000      0.00000000      0.00000000      0.00000000      0.00000000      0.00000000      0.00000000      0.00000000      0.00000000
      8.54220000      0.00000000      0.00000000      0.00000000      0.00000000      0.00000000      0.00000000      0.00000000      0.00000000      0.00000000      0.00000000
      8.59220000      0.00000000      0.00000000      0.00000000      0.00000000      0.00000000      0.00000000      0.00000000      0.00000000      0.00000000      0.00000000
      8.64220000      0.00000000      0.00000000      0.00000000      0.00000000      0.00000000      0.00000000      0.00000000      0.00000000      0.00000000      0.00000000
      8.69220000      0.00000000      0.00000000      0.00000000      0.00000000      0.00000000      0.00000000      0.00000000      0.00000000      0.00000000      0.00000000
      8.74220000      0.00000000      0.00000000      0.00000000      0.00000000      0.00000000      0.00000000      0.00000000      0.00000000      0.00000000      0.00000000
      8.79220000      0.00000000      0.00000000      0.00000000      0.00000000      0.00000000      0.00000000      0.00000000      0.00000000      0.00000000      0.00000000
      8.84220000      0.00000000      0.00000000      0.00000000      0.00000000      0.00000000      0.00000000      0.00000000      0.00000000      0.00000000      0.00000000
      8.89220000      0.00000000      0.00000000      0.00000000      0.00000000      0.00000000      0.00000000      0.00000000      0.00000000      0.00000000      0.00000000
      8.94220000      0.00000000      0.00000000      0.00000000      0.00000000      0.00000000      0.00000000      0.00000000      0.00000000      0.00000000      0.00000000
      8.99220000      0.00000000      0.00000000      0.00000000      0.00000000      0.00000000      0.00000000      0.00000000      0.00000000      0.00000000      0.00000000
      9.04220000      0.00000000      0.00000000      0.00000000      0.00000000      0.00000000      0.00000000      0.00000000      0.00000000      0.00000000      0.00000000
      9.09220000      0.00000000      0.00000000      0.00000000      0.00000000      0.00000000      0.00000000      0.00000000      0.00000000      0.00000000      0.00000000
      9.14220000      0.00000000      0.00000000      0.00000000      0.00000000      0.00000000      0.00000000      0.00000000      0.00000000      0.00000000      0.00000000
      9.19220000      0.00000000      0.00000000      0.00000000      0.00000000      0.00000000      0.00000000      0.00000000      0.00000000      0.00000000      0.00000000
      9.24220000      0.00000000      0.00000000      0.00000000      0.00000000      0.00000000      0.00000000      0.00000000      0.00000000      0.00000000      0.00000000
      9.29220000      0.00000000      0.00000000      0.00000000      0.00000000      0.00000000      0.00000000      0.00000000      0.00000000      0.00000000      0.00000000
      9.34220000      0.00000000      0.00000000      0.00000000      0.00000000      0.00000000      0.00000000      0.00000000      0.00000000      0.00000000      0.00000000
      9.39220000      0.00000000      0.00000000      0.00000000      0.00000000      0.00000000      0.00000000      0.00000000      0.00000000      0.00000000      0.00000000
      9.44220000      0.00000000      0.00000000      0.00000000      0.00000000      0.00000000      0.00000000      0.00000000      0.00000000      0.00000000      0.00000000
      9.49220000      0.00000000      0.00000000      0.00000000      0.00000000      0.00000000      0.00000000      0.00000000      0.00000000      0.00000000      0.00000000
      9.54220000      0.00000000      0.00000000      0.00000000      0.00000000      0.00000000      0.00000000      0.00000000      0.00000000      0.00000000      0.00000000
      9.59220000      0.00000000      0.00000000      0.00000000      0.00000000      0.00000000      0.00000000      0.00000000      0.00000000      0.00000000      0.00000000
      9.64220000      0.00000000      0.00000000      0.00000000      0.00000000      0.00000000      0.00000000      0.00000000      0.00000000      0.00000000      0.00000000
      9.69220000      0.00000000      0.00000000      0.00000000      0.00000000      0.00000000      0.00000000      0.00000000      0.00000000      0.00000000      0.00000000
      9.74220000      0.00000000      0.00000000      0.00000000      0.00000000      0.00000000      0.00000000      0.00000000      0.00000000      0.00000000      0.00000000
      9.79220000      0.00000000      0.00000000      0.00000000      0.00000000      0.00000000      0.00000000      0.00000000      0.00000000      0.00000000      0.00000000
      9.84220000      0.00000000      0.00000000      0.00000000      0.00000000      0.00000000      0.00000000      0.00000000      0.00000000      0.00000000      0.00000000
      9.89220000      0.00000000      0.00000000      0.00000000      0.00000000      0.00000000      0.00000000      0.00000000      0.00000000      0.00000000      0.00000000
      9.94220000      0.00000000      0.00000000      0.00000000      0.00000000      0.00000000      0.00000000      0.00000000      0.00000000      0.00000000      0.00000000
      9.99220000      0.00000000      0.00000000      0.00000000      0.00000000      0.00000000      0.00000000      0.00000000      0.00000000      0.00000000      0.00000000
     10.04220000      0.00000000      0.00000000      0.00000000      0.00000000      0.00000000      0.00000000      0.00000000      0.00000000      0.00000000      0.00000000
     10.09220000      0.00000000      0.00000000      0.00000000      0.00000000      0.00000000      0.00000000      0.00000000      0.00000000      0.00000000      0.00000000
     10.14220000      0.00000000      0.00000000      0.00000000      0.00000000      0.00000000      0.00000000      0.00000000      0.00000000      0.00000000      0.00000000
     10.19220000      0.00000000      0.00000000      0.00000000      0.00000000      0.00000000      0.00000000      0.00000000      0.00000000      0.00000000      0.00000000
     10.24220000      0.00000000      0.00000000      0.00000000      0.00000000      0.00000000      0.00000000      0.00000000      0.00000000      0.00000000      0.00000000
     10.29220000      0.00000000      0.00000000      0.00000000      0.00000000      0.00000000      0.00000000      0.00000000      0.00000000      0.00000000      0.00000000
     10.34220000      0.00000000      0.00000000      0.00000000      0.00000000      0.00000000      0.00000000      0.00000000      0.00000000      0.00000000      0.00000000
     10.39220000      0.00000000      0.00000000      0.00000000      0.00000000      0.00000000      0.00000000      0.00000000      0.00000000      0.00000000      0.00000000
     10.44220000      0.00000000      0.00000000      0.00000000      0.00000000      0.00000000      0.00000000      0.00000000      0.00000000      0.00000000      0.00000000
     10.49220000      0.00000000      0.00000000      0.00000000      0.00000000      0.00000000      0.00000000      0.00000000      0.00000000      0.00000000      0.00000000
     10.54220000      0.00000000      0.00000000      0.00000000      0.00000000      0.00000000      0.00000000      0.00000000      0.00000000      0.00000000      0.00000000
     10.59220000      0.00000000      0.00000000      0.00000000      0.00000000      0.00000000      0.00000000      0.00000000      0.00000000      0.00000000      0.00000000
     10.64220000      0.00000000      0.00000000      0.00000000      0.00000000      0.00000000      0.00000000      0.00000000      0.00000000      0.00000000      0.00000000
     10.69220000      0.00000000      0.00000000      0.00000000      0.00000000      0.00000000      0.00000000      0.00000000      0.00000000      0.00000000      0.00000000
     10.74220000      0.00000000      0.00000000      0.00000000      0.00000000      0.00000000      0.00000000      0.00000000      0.00000000      0.00000000      0.00000000
     10.79220000      0.00000000      0.00000000      0.00000000      0.00000000      0.00000000      0.00000000      0.00000000      0.00000000      0.00000000      0.00000000
     10.84220000      0.00000000      0.00000000      0.00000000      0.00000000      0.00000000      0.00000000      0.00000000      0.00000000      0.00000000      0.00000000
     10.89220000      0.00000000      0.00000000      0.00000000      0.00000000      0.00000000      0.00000000      0.00000000      0.00000000      0.00000000      0.00000000
     10.94220000      0.00000000      0.00000000      0.00000000      0.00000000      0.00000000      0.00000000      0.00000000      0.00000000      0.00000000      0.00000000
     10.99220000      0.00000000      0.00000000      0.00000000      0.00000000      0.00000000      0.00000000      0.00000000      0.00000000      0.00000000      0.00000000
     11.04220000      0.00000000      0.00000000      0.00000000      0.00000000      0.00000000      0.00000000      0.00000000      0.00000000      0.00000000      0.00000000
     11.09220000      0.00000000      0.00000000      0.00000000      0.00000000      0.00000000      0.00000000      0.00000000      0.00000000      0.00000000      0.00000000
     11.14220000      0.00000000      0.00000000      0.00000000      0.00000000      0.00000000      0.00000000      0.00000000      0.00000000      0.00000000      0.00000000
     11.19220000      0.00000000      0.00000000      0.00000000      0.00000000      0.00000000      0.00000000      0.00000000      0.00000000      0.00000000      0.00000000
     11.24220000      0.00000000      0.00000000      0.00000000      0.00000000      0.00000000      0.00000000      0.00000000      0.00000000      0.00000000      0.00000000
     11.29220000      0.00000000      0.00000000      0.00000000      0.00000000      0.00000000      0.00000000      0.00000000      0.00000000      0.00000000      0.00000000
     11.34220000      0.00000000      0.00000000      0.00000000      0.00000000      0.00000000      0.00000000      0.00000000      0.00000000      0.00000000      0.00000000
     11.39220000      0.00000000      0.00000000      0.00000000      0.00000000      0.00000000      0.00000000      0.00000000      0.00000000      0.00000000      0.00000000
     11.44220000      0.00000000      0.00000000      0.00000000      0.00000000      0.00000000      0.00000000      0.00000000      0.00000000      0.00000000      0.00000000
     11.49220000      0.00000000      0.00000000      0.00000000      0.00000000      0.00000000      0.00000000      0.00000000      0.00000000      0.00000000      0.00000000
     11.54220000      0.00000000      0.00000000      0.00000000      0.00000000      0.00000000      0.00000000      0.00000000      0.00000000      0.00000000      0.00000000
     11.59220000      0.00000000      0.00000000      0.00000000      0.00000000      0.00000000      0.00000000      0.00000000      0.00000000      0.00000000      0.00000000
     11.64220000      0.00000000      0.00000000      0.00000000      0.00000000      0.00000000      0.00000000      0.00000000      0.00000000      0.00000000      0.00000000
     11.69220000      0.00000000      0.00000000      0.00000000      0.00000000      0.00000000      0.00000000      0.00000000      0.00000000      0.00000000      0.00000000
     11.74220000      0.00000000      0.00000000      0.00000000      0.00000000      0.00000000      0.00000000      0.00000000      0.00000000      0.00000000      0.00000000
     11.79220000      0.00000000      0.00000000      0.00000000      0.00000000      0.00000000      0.00000000      0.00000000      0.00000000      0.00000000      0.00000000
     11.84220000      0.00000000      0.00000000      0.00000000      0.00000000      0.00000000      0.00000000      0.00000000      0.00000000      0.00000000      0.00000000
     11.89220000      0.00000000      0.00000000      0.00000000      0.00000000      0.00000000      0.00000000      0.00000000      0.00000000      0.00000000      0.00000000
     11.94220000      0.00000000      0.00000000      0.00000000      0.00000000      0.00000000      0.00000000      0.00000000      0.00000000      0.00000000      0.00000000
     11.99220000      0.00000000      0.00000000      0.00000000      0.00000000      0.00000000      0.00000000      0.00000000      0.00000000      0.00000000      0.00000000
     12.04220000      0.00000000      0.00000000      0.00000000      0.00000000      0.00000000      0.00000000      0.00000000      0.00000000      0.00000000      0.00000000
     12.09220000      0.00000000      0.00000000      0.00000000      0.00000000      0.00000000      0.00000000      0.00000000      0.00000000      0.00000000      0.00000000
     12.14220000      0.00000000      0.00000000      0.00000000      0.00000000      0.00000000      0.00000000      0.00000000      0.00000000      0.00000000      0.00000000
     12.19220000      0.00000000      0.00000000      0.00000000      0.00000000      0.00000000      0.00000000      0.00000000      0.00000000      0.00000000      0.00000000
     12.24220000      0.00000000      0.00000000      0.00000000      0.00000000      0.00000000      0.00000000      0.00000000      0.00000000      0.00000000      0.00000000
     12.29220000      0.00000000      0.00000000      0.00000000      0.00000000      0.00000000      0.00000000      0.00000000      0.00000000      0.00000000      0.00000000
     12.34220000      0.00000000      0.00000000      0.00000000      0.00000000      0.00000000      0.00000000      0.00000000      0.00000000      0.00000000      0.00000000
     12.39220000      0.00000000      0.00000000      0.00000000      0.00000000      0.00000000      0.00000000      0.00000000      0.00000000      0.00000000      0.00000000
     12.44220000      0.00000000      0.00000000      0.00000000      0.00000000      0.00000000      0.00000000      0.00000000      0.00000000      0.00000000      0.00000000
     12.49220000      0.00000000      0.00000000      0.00000000      0.00000000      0.00000000      0.00000000      0.00000000      0.00000000      0.00000000      0.00000000
     12.54220000      0.00000000      0.00000000      0.00000000      0.00000000      0.00000000      0.00000000      0.00000000      0.00000000      0.00000000      0.00000000
     12.59220000      0.00000000      0.00000000      0.00000000      0.00000000      0.00000000      0.00000000      0.00000000      0.00000000      0.00000000      0.00000000
     12.64220000      0.00000000      0.00000000      0.00000000      0.00000000      0.00000000      0.00000000      0.00000000      0.00000000      0.00000000      0.00000000
     12.69220000      0.00000000      0.00000000      0.00000000      0.00000000      0.00000000      0.00000000      0.00000000      0.00000000      0.00000000      0.00000000
