      Energy(eV)          s               py              pz              px              dxy             dyz             dz2             dxz            dx2-y2            tot 
     -7.20780000      0.00000000      0.00000000      0.00000000      0.00000000      0.00000000      0.00000000      0.00000000      0.00000000      0.00000000      0.00000000
     -7.15780000      0.01340000      0.00010000      0.00000000      0.00010000      0.00000000      0.00000000      0.00000000      0.00000000      0.00000000      0.01360000
     -7.10780000      0.42910000      0.01660000      0.00900000      0.01390000      0.00330000      0.00050000      0.00350000      0.00070000      0.00000000      0.47660000
     -7.05780000      4.17250000      0.15890000      0.08630000      0.15140000      0.03230000      0.01020000      0.03220000      0.01050000      0.00000000      4.65430000
     -7.00780000     18.36070000      0.69470000      0.39300000      0.70430000      0.14390000      0.04920000      0.13260000      0.04770000      0.00040000     20.52650000
     -6.95780000     24.98830000      0.94150000      0.58580000      0.94510000      0.19470000      0.06820000      0.17100000      0.06670000      0.00090000     27.96220000
     -6.90780000     10.75730000      0.30860000      0.40830000      0.30510000      0.07200000      0.02680000      0.06140000      0.02690000      0.00000000     11.96640000
     -6.85780000     12.69400000      0.06580000      0.96120000      0.06460000      0.06320000      0.02310000      0.08210000      0.02360000      0.00000000     13.97760000
     -6.80780000     19.81230000      0.20680000      1.70390000      0.20490000      0.19190000      0.03310000      0.32730000      0.03360000      0.00000000     22.51380000
     -6.75780000     14.27080000      0.25460000      1.36040000      0.25270000      0.21420000      0.02080000      0.40000000      0.02060000      0.00000000     16.79410000
     -6.70780000      3.32040000      0.07020000      0.33100000      0.07010000      0.05800000      0.00460000      0.11170000      0.00460000      0.00000000      3.97060000
     -6.65780000      0.56360000      0.00600000      0.04080000      0.00590000      0.00540000      0.00160000      0.00760000      0.00160000      0.00000000      0.63250000
     -6.60780000      5.10910000      0.03130000      0.30350000      0.03000000      0.02540000      0.02270000      0.01980000      0.02250000      0.00000000      5.56430000
     -6.55780000     12.60330000      0.07640000      0.74570000      0.07290000      0.06260000      0.05590000      0.04710000      0.05510000      0.00000000     13.71900000
     -6.50780000      7.35520000      0.04900000      0.43310000      0.04360000      0.03980000      0.03470000      0.02720000      0.03210000      0.00000000      8.01470000
     -6.45780000      2.86640000      0.02570000      0.16800000      0.01910000      0.01920000      0.01640000      0.01080000      0.01240000      0.00000000      3.13800000
     -6.40780000      1.05030000      0.00680000      0.05200000      0.00490000      0.00610000      0.00460000      0.00320000      0.00330000      0.00000000      1.13120000
     -6.35780000      4.67250000      0.00810000      0.15610000      0.00760000      0.02070000      0.01160000      0.00940000      0.00990000      0.00000000      4.89590000
     -6.30780000     14.91730000      0.03870000      0.47110000      0.03760000      0.08980000      0.05430000      0.04130000      0.05300000      0.00000000     15.70310000
     -6.25780000     27.58400000      0.10430000      0.72580000      0.10470000      0.20550000      0.15230000      0.08170000      0.15820000      0.00050000     29.11700000
     -6.20780000     30.82910000      0.14490000      0.72840000      0.14540000      0.25110000      0.19060000      0.09500000      0.19410000      0.00090000     32.57950000
     -6.15780000     10.57550000      0.07150000      0.27430000      0.07130000      0.09600000      0.06570000      0.05010000      0.06380000      0.00000000     11.26820000
     -6.10780000      3.84060000      0.21900000      0.48570000      0.22080000      0.05230000      0.01170000      0.19120000      0.01110000      0.00000000      5.03240000
     -6.05780000      9.24400000      0.69540000      1.38720000      0.70040000      0.13500000      0.01870000      0.55960000      0.01900000      0.00000000     12.75930000
     -6.00780000      8.65820000      0.63690000      1.15430000      0.63880000      0.11590000      0.02170000      0.41590000      0.02240000      0.00000000     11.66410000
     -5.95780000      4.43080000      0.28460000      0.49440000      0.28330000      0.05180000      0.01500000      0.13660000      0.01530000      0.00000000      5.71180000
     -5.90780000      0.74270000      0.04510000      0.07870000      0.04470000      0.00810000      0.00260000      0.01970000      0.00280000      0.00000000      0.94440000
     -5.85780000      0.25830000      0.01110000      0.03060000      0.00980000      0.00310000      0.00200000      0.00260000      0.00150000      0.00000000      0.31900000
     -5.80780000      0.79140000      0.03240000      0.09470000      0.02860000      0.00970000      0.00750000      0.00820000      0.00500000      0.00000000      0.97750000
     -5.75780000      0.48610000      0.02040000      0.05790000      0.01750000      0.00610000      0.00430000      0.00480000      0.00320000      0.00000000      0.60030000
     -5.70780000      0.05300000      0.00230000      0.00630000      0.00190000      0.00050000      0.00030000      0.00040000      0.00000000      0.00000000      0.06470000
     -5.65780000      0.00080000      0.00000000      0.00010000      0.00000000      0.00000000      0.00000000      0.00000000      0.00000000      0.00000000      0.00090000
     -5.60780000      0.00000000      0.00000000      0.00000000      0.00000000      0.00000000      0.00000000      0.00000000      0.00000000      0.00000000      0.00000000
     -5.55780000      0.00000000      0.00000000      0.00000000      0.00000000      0.00000000      0.00000000      0.00000000      0.00000000      0.00000000      0.00000000
     -5.50780000      0.00000000      0.00000000      0.00000000      0.00000000      0.00000000      0.00000000      0.00000000      0.00000000      0.00000000      0.00000000
     -5.45780000      0.00000000      0.00000000      0.00000000      0.00000000      0.00000000      0.00000000      0.00000000      0.00000000      0.00000000      0.00000000
     -5.40780000      0.00380000      0.00030000      0.00080000      0.00030000      0.00000000      0.00000000      0.00000000      0.00000000      0.00000000      0.00520000
     -5.35780000      0.08920000      0.01020000      0.02040000      0.00950000      0.00190000      0.00080000      0.00240000      0.00030000      0.00000000      0.13470000
     -5.30780000      0.33790000      0.03930000      0.07510000      0.03740000      0.00680000      0.00350000      0.00920000      0.00190000      0.00000000      0.51110000
     -5.25780000      0.91380000      0.13620000      0.08850000      0.14230000      0.00890000      0.01030000      0.02190000      0.00860000      0.00000000      1.33050000
     -5.20780000      8.94270000      1.34260000      0.47910000      1.38260000      0.07380000      0.09160000      0.20950000      0.08940000      0.00260000     12.61390000
     -5.15780000     25.00840000      3.27590000      1.21350000      3.28860000      0.29240000      0.20820000      0.60190000      0.20820000      0.00700000     34.10410000
     -5.10780000     17.00380000      1.83480000      0.74130000      1.79780000      0.26830000      0.10420000      0.42310000      0.10800000      0.00330000     22.28460000
     -5.05780000      2.78300000      0.25120000      0.11190000      0.23800000      0.05270000      0.01230000      0.07110000      0.01310000      0.00000000      3.53330000
     -5.00780000      0.09780000      0.00800000      0.00370000      0.00720000      0.00190000      0.00010000      0.00250000      0.00010000      0.00000000      0.12130000
     -4.95780000      0.00030000      0.00000000      0.00000000      0.00000000      0.00000000      0.00000000      0.00000000      0.00000000      0.00000000      0.00030000
     -4.90780000      0.01090000      0.00060000      0.00380000      0.00120000      0.00020000      0.00000000      0.00020000      0.00000000      0.00000000      0.01690000
     -4.85780000      0.20120000      0.01770000      0.07130000      0.02100000      0.00810000      0.00060000      0.00870000      0.00140000      0.00000000      0.33000000
     -4.80780000      0.64330000      0.05680000      0.22840000      0.06650000      0.02580000      0.00230000      0.02770000      0.00500000      0.00020000      1.05600000
     -4.75780000      0.41360000      0.04330000      0.16620000      0.04860000      0.01650000      0.00170000      0.01840000      0.00320000      0.00010000      0.71160000
     -4.70780000      0.25080000      0.05960000      0.19810000      0.05810000      0.00920000      0.00300000      0.01440000      0.00240000      0.00020000      0.59580000
     -4.65780000      0.21110000      0.05600000      0.18350000      0.05390000      0.00720000      0.00280000      0.01250000      0.00210000      0.00020000      0.52930000
     -4.60780000      0.03800000      0.01010000      0.03310000      0.00980000      0.00120000      0.00040000      0.00210000      0.00020000      0.00000000      0.09490000
     -4.55780000      0.00110000      0.00010000      0.00080000      0.00010000      0.00000000      0.00000000      0.00000000      0.00000000      0.00000000      0.00210000
     -4.50780000      0.00000000      0.00000000      0.00000000      0.00000000      0.00000000      0.00000000      0.00000000      0.00000000      0.00000000      0.00000000
     -4.45780000      0.00000000      0.00000000      0.00000000      0.00000000      0.00000000      0.00000000      0.00000000      0.00000000      0.00000000      0.00000000
     -4.40780000      0.00000000      0.00000000      0.00010000      0.00000000      0.00000000      0.00000000      0.00000000      0.00000000      0.00000000      0.00010000
     -4.35780000      0.00770000      0.00300000      0.00840000      0.00320000      0.00020000      0.00000000      0.00040000      0.00000000      0.00000000      0.02290000
     -4.30780000      0.08010000      0.03400000      0.09360000      0.03550000      0.00430000      0.00080000      0.00520000      0.00130000      0.00000000      0.25480000
     -4.25780000      0.19710000      0.08990000      0.24690000      0.09180000      0.01020000      0.00300000      0.01170000      0.00380000      0.00000000      0.65440000
     -4.20780000      0.12140000      0.07270000      0.18040000      0.07030000      0.00700000      0.00300000      0.00660000      0.00380000      0.00000000      0.46520000
     -4.15780000      0.06290000      0.50370000      0.80620000      0.44790000      0.04010000      0.03470000      0.00670000      0.03720000      0.00000000      1.93940000
     -4.10780000      0.28220000      2.82930000      4.67080000      2.74580000      0.23350000      0.21070000      0.03480000      0.21320000      0.00050000     11.22080000
     -4.05780000      0.34570000      3.07750000      5.31770000      3.28590000      0.26500000      0.24740000      0.04070000      0.23760000      0.00070000     12.81820000
     -4.00780000      0.27850000      0.82750000      1.40750000      0.94280000      0.06830000      0.06930000      0.02160000      0.06630000      0.00040000      3.68220000
     -3.95780000      0.37490000      0.35450000      0.47710000      0.35680000      0.02130000      0.02560000      0.02340000      0.02770000      0.00070000      1.66200000
     -3.90780000      1.43300000      0.97670000      1.13090000      0.87570000      0.05780000      0.06630000      0.08660000      0.06710000      0.00030000      4.69440000
     -3.85780000      5.20510000      3.89660000      4.04670000      3.64370000      0.22630000      0.31390000      0.31480000      0.31310000      0.00280000     17.96300000
     -3.80780000      4.77040000      4.46940000      3.73450000      4.46370000      0.22180000      0.46140000      0.29010000      0.45910000      0.00690000     18.87730000
     -3.75780000      1.96570000      3.37760000      1.44360000      3.46650000      0.08420000      0.47520000      0.12860000      0.47720000      0.01240000     11.43100000
     -3.70780000      1.12390000      2.02070000      0.76290000      2.05180000      0.04110000      0.29340000      0.07940000      0.29840000      0.00840000      6.68000000
     -3.65780000      0.38100000      0.50490000      0.26120000      0.50170000      0.01400000      0.06270000      0.03220000      0.06450000      0.00200000      1.82420000
     -3.60780000      0.49440000      0.42530000      0.45940000      0.40720000      0.02510000      0.01860000      0.05610000      0.01950000      0.00150000      1.90710000
     -3.55780000      0.84560000      1.15530000      1.78870000      1.15980000      0.09430000      0.05470000      0.09440000      0.05540000      0.00110000      5.24930000
     -3.50780000      1.13070000      2.04320000      4.02340000      2.07340000      0.31740000      0.10930000      0.14070000      0.11030000      0.00020000      9.94860000
     -3.45780000      0.45270000      1.88010000      3.36110000      1.87500000      0.43740000      0.15270000      0.09340000      0.15380000      0.00020000      8.40640000
     -3.40780000      0.13270000      1.62990000      1.16130000      1.63330000      0.17970000      0.16180000      0.04590000      0.16380000      0.00040000      5.10880000
     -3.35780000      0.31440000      1.12210000      0.82270000      1.21850000      0.11060000      0.11300000      0.08460000      0.11840000      0.00680000      3.91110000
     -3.30780000      0.48850000      3.23070000      0.61510000      3.39770000      0.07600000      0.34870000      0.10000000      0.35800000      0.03190000      8.64660000
     -3.25780000      0.81450000      6.21900000      0.64310000      6.19840000      0.06470000      0.65270000      0.14940000      0.65860000      0.04010000     15.44050000
     -3.20780000      1.85730000      7.35030000      1.55250000      7.10560000      0.16050000      0.79260000      0.30350000      0.80960000      0.03680000     19.96870000
     -3.15780000      3.89870000      6.04200000      2.28630000      5.92520000      0.28300000      0.78590000      0.51110000      0.75140000      0.07280000     20.55640000
     -3.10780000      3.72390000      4.95220000      2.03950000      4.91250000      0.33420000      0.73580000      0.55350000      0.70240000      0.14050000     18.09450000
     -3.05780000      2.74450000      4.85770000      2.14840000      4.96770000      0.34200000      0.54400000      0.75120000      0.55100000      0.16230000     17.06880000
     -3.00780000      1.91320000      4.04390000      2.00080000      4.08510000      0.30540000      0.29840000      0.74670000      0.30430000      0.14100000     13.83880000
     -2.95780000      0.96140000      3.94300000      1.56530000      3.95850000      0.31440000      0.13330000      0.43850000      0.13770000      0.08310000     11.53520000
     -2.90780000      0.40370000      2.87250000      0.88100000      2.87020000      0.19660000      0.05390000      0.18120000      0.05490000      0.03850000      7.55250000
     -2.85780000      0.36650000      0.69990000      0.55200000      0.70460000      0.10970000      0.03110000      0.10430000      0.03240000      0.01050000      2.61100000
     -2.80780000      0.18710000      0.21860000      0.31760000      0.24060000      0.05350000      0.03080000      0.05180000      0.02390000      0.00440000      1.12830000
     -2.75780000      0.08340000      0.32500000      0.27840000      0.38220000      0.03100000      0.05610000      0.02820000      0.03370000      0.00610000      1.22410000
     -2.70780000      0.16530000      0.17250000      0.19490000      0.20080000      0.02480000      0.02960000      0.01520000      0.01810000      0.00320000      0.82440000
     -2.65780000      1.74090000      0.09900000      0.84070000      0.07850000      0.14390000      0.01230000      0.03210000      0.01570000      0.00170000      2.96480000
     -2.60780000      4.13480000      0.22070000      2.23740000      0.16420000      0.38310000      0.02690000      0.07910000      0.03700000      0.00410000      7.28730000
     -2.55780000      2.09160000      0.20320000      2.35010000      0.19220000      0.39550000      0.03290000      0.06960000      0.03500000      0.00390000      5.37400000
     -2.50780000      1.01310000      0.19690000      2.01260000      0.22400000      0.33930000      0.04340000      0.06240000      0.04050000      0.01180000      3.94400000
     -2.45780000      1.33780000      0.20130000      1.24470000      0.24140000      0.20990000      0.05610000      0.05830000      0.05340000      0.02460000      3.42750000
     -2.40780000      0.65270000      0.13720000      0.56980000      0.15610000      0.08860000      0.03400000      0.02950000      0.03360000      0.10330000      1.80480000
     -2.35780000      0.95390000      0.51970000      0.68820000      0.49770000      0.08870000      0.05710000      0.04410000      0.06270000      0.70420000      3.61630000
     -2.30780000      2.36430000      1.29670000      1.14320000      1.25490000      0.14000000      0.10120000      0.10700000      0.10700000      1.23210000      7.74640000
     -2.25780000      2.10520000      1.28020000      1.45840000      1.31510000      0.16410000      0.16950000      0.09300000      0.16540000      0.73290000      7.48380000
     -2.20780000      1.22130000      1.75680000      2.93420000      1.78510000      0.37470000      0.49290000      0.03570000      0.49950000      0.18350000      9.28370000
     -2.15780000      0.98420000      2.03500000      3.49700000      2.00980000      0.46430000      0.62110000      0.01600000      0.65230000      0.02810000     10.30780000
     -2.10780000      0.76120000      1.95900000      2.84930000      1.94760000      0.40620000      0.57060000      0.01810000      0.58970000      0.00960000      9.11130000
     -2.05780000      0.82660000      1.86880000      3.31380000      1.86620000      0.49230000      0.60160000      0.02310000      0.59410000      0.00560000      9.59210000
     -2.00780000      0.37630000      1.03000000      1.48140000      0.99040000      0.21980000      0.31050000      0.01050000      0.29740000      0.00560000      4.72190000
     -1.95780000      0.09820000      0.49450000      0.27200000      0.47730000      0.05990000      0.12600000      0.00800000      0.12360000      0.04040000      1.69990000
     -1.90780000      0.17080000      1.03750000      0.26780000      1.03480000      0.15920000      0.25080000      0.04130000      0.24960000      0.16340000      3.37520000
     -1.85780000      0.29440000      1.50920000      0.46920000      1.52400000      0.61710000      0.30530000      0.21240000      0.29790000      0.34800000      5.57750000
     -1.80780000      0.44530000      1.97010000      0.74130000      1.95790000      1.46080000      0.38290000      0.55140000      0.39710000      0.40700000      8.31380000
     -1.75780000      0.29090000      1.20510000      0.50420000      1.20430000      0.99000000      0.24480000      0.38470000      0.25260000      0.24380000      5.32040000
     -1.70780000      0.11110000      0.24370000      0.21590000      0.24710000      0.21100000      0.06150000      0.09850000      0.06120000      0.05630000      1.30630000
     -1.65780000      0.25530000      0.19150000      0.51900000      0.18900000      0.22550000      0.08940000      0.15410000      0.08850000      0.02310000      1.73540000
     -1.60780000      0.20530000      0.16610000      0.41000000      0.16210000      0.17930000      0.07040000      0.12260000      0.07020000      0.01720000      1.40320000
     -1.55780000      0.12480000      0.23030000      0.20600000      0.22220000      0.12190000      0.03680000      0.07000000      0.03850000      0.01260000      1.06310000
     -1.50780000      0.18620000      0.68290000      0.31000000      0.68520000      0.23470000      0.05360000      0.11690000      0.05430000      0.01760000      2.34140000
     -1.45780000      0.11050000      0.93220000      0.20950000      0.94790000      0.21730000      0.03740000      0.10070000      0.03720000      0.01090000      2.60360000
     -1.40780000      0.02450000      0.31640000      0.04980000      0.32240000      0.06440000      0.00950000      0.02960000      0.00940000      0.00270000      0.82870000
     -1.35780000      0.01350000      0.02720000      0.00740000      0.02780000      0.00710000      0.00180000      0.00400000      0.00200000      0.00300000      0.09380000
     -1.30780000      0.28100000      0.15800000      0.10100000      0.15990000      0.07020000      0.02970000      0.04490000      0.03080000      0.06050000      0.93600000
     -1.25780000      1.49150000      0.79840000      0.58720000      0.79390000      0.39600000      0.15330000      0.24950000      0.15280000      0.28920000      4.91180000
     -1.20780000      2.21290000      1.06450000      1.07880000      1.06450000      0.70640000      0.21670000      0.41970000      0.21600000      0.36940000      7.34890000
     -1.15780000      1.07930000      0.47380000      0.64840000      0.47890000      0.58370000      0.14980000      0.28680000      0.15090000      0.35330000      4.20490000
     -1.10780000      0.30240000      0.13720000      0.24630000      0.13800000      0.84460000      0.15860000      0.20590000      0.15740000      0.45760000      2.64800000
     -1.05780000      0.19310000      0.09940000      0.36110000      0.10040000      0.82540000      0.20300000      0.14390000      0.20110000      0.20550000      2.33290000
     -1.00780000      0.27340000      0.14740000      0.59880000      0.15050000      0.64580000      0.27720000      0.09020000      0.27440000      0.11220000      2.56990000
     -0.95780000      0.46750000      0.08910000      0.41110000      0.09100000      0.40350000      0.11640000      0.09860000      0.11570000      0.08570000      1.87860000
     -0.90780000      0.77010000      0.29910000      0.56950000      0.30080000      0.39930000      0.07170000      0.16880000      0.07170000      0.32620000      2.97720000
     -0.85780000      0.74490000      0.63890000      0.88620000      0.64090000      0.48500000      0.19330000      0.19530000      0.18830000      0.52680000      4.49960000
     -0.80780000      0.77870000      0.43760000      0.81590000      0.44980000      0.70330000      0.32400000      0.17180000      0.30990000      0.43170000      4.42270000
     -0.75780000      0.52460000      0.23210000      0.63770000      0.23410000      0.53260000      0.34970000      0.11870000      0.33680000      0.51270000      3.47900000
     -0.70780000      0.20790000      0.19430000      0.53650000      0.18850000      0.22460000      0.34380000      0.05370000      0.34370000      0.53250000      2.62550000
     -0.65780000      0.18280000      0.24010000      0.29550000      0.24060000      0.12800000      0.34760000      0.04420000      0.35120000      0.28990000      2.11990000
     -0.60780000      0.20040000      0.44300000      0.12860000      0.43920000      0.07630000      0.23060000      0.04590000      0.23040000      0.18820000      1.98260000
     -0.55780000      0.39420000      0.78190000      0.15260000      0.77310000      0.10370000      0.25400000      0.09520000      0.25680000      0.33970000      3.15120000
     -0.50780000      0.53860000      0.79120000      0.25960000      0.78480000      0.26580000      0.50960000      0.17960000      0.50900000      0.29890000      4.13710000
     -0.45780000      0.26800000      0.41990000      0.17750000      0.42040000      0.26180000      0.53000000      0.13250000      0.54560000      0.08450000      2.84020000
     -0.40780000      0.21270000      0.37330000      0.17000000      0.37030000      0.21390000      0.50200000      0.08860000      0.50470000      0.08670000      2.52220000
     -0.35780000      0.30410000      0.49340000      0.18920000      0.49100000      0.27700000      0.42890000      0.09610000      0.42640000      0.16090000      2.86700000
     -0.30780000      0.34550000      0.56930000      0.08960000      0.57280000      0.34560000      0.26240000      0.09410000      0.26380000      0.34980000      2.89290000
     -0.25780000      0.39560000      0.39750000      0.06400000      0.39710000      0.52510000      0.31840000      0.13810000      0.31910000      0.59790000      3.15280000
     -0.20780000      0.31180000      0.25860000      0.05800000      0.25900000      0.62270000      0.31960000      0.17030000      0.31810000      0.38860000      2.70670000
     -0.15780000      0.39440000      0.14350000      0.08760000      0.14540000      0.49390000      0.19090000      0.14840000      0.19010000      0.13590000      1.93010000
     -0.10780000      1.85140000      0.04070000      0.48510000      0.04020000      0.36660000      0.05470000      0.21660000      0.05500000      0.07420000      3.18450000
     -0.05780000      2.79120000      0.03720000      0.74210000      0.03720000      0.35970000      0.02820000      0.28020000      0.02800000      0.30120000      4.60500000
     -0.00780000      0.79480000      0.06900000      0.21250000      0.06960000      0.10030000      0.02680000      0.07940000      0.02620000      0.45390000      1.83250000
      0.04220000      0.04100000      0.05020000      0.01220000      0.05050000      0.00570000      0.00770000      0.00440000      0.00750000      0.24420000      0.42340000
      0.09220000      0.00040000      0.00900000      0.00030000      0.00910000      0.00000000      0.00050000      0.00000000      0.00050000      0.04060000      0.06040000
      0.14220000      0.00000000      0.00000000      0.00000000      0.00000000      0.00000000      0.00000000      0.00000000      0.00000000      0.00100000      0.00100000
      0.19220000      0.00210000      0.00000000      0.00120000      0.00000000      0.00000000      0.00000000      0.00000000      0.00000000      0.00000000      0.00330000
      0.24220000      0.21140000      0.00150000      0.13960000      0.00150000      0.01370000      0.00090000      0.01130000      0.00090000      0.00000000      0.38080000
      0.29220000      3.09390000      0.01780000      2.04300000      0.01790000      0.20470000      0.01280000      0.16930000      0.01290000      0.00000000      5.57230000
      0.34220000      7.96720000      0.04550000      5.26130000      0.04540000      0.52640000      0.03250000      0.43700000      0.03270000      0.00000000     14.34800000
      0.39220000      3.78190000      0.02160000      2.49780000      0.02150000      0.25000000      0.01550000      0.20750000      0.01550000      0.00000000      6.81130000
      0.44220000      0.31860000      0.00180000      0.21050000      0.00180000      0.02140000      0.00090000      0.01740000      0.00090000      0.00000000      0.57330000
      0.49220000      0.00450000      0.00000000      0.00270000      0.00000000      0.00000000      0.00000000      0.00000000      0.00000000      0.00000000      0.00720000
      0.54220000      0.00000000      0.00000000      0.00000000      0.00000000      0.00000000      0.00000000      0.00000000      0.00000000      0.00000000      0.00000000
      0.59220000      0.00000000      0.00000000      0.00000000      0.00000000      0.00000000      0.00000000      0.00000000      0.00000000      0.00000000      0.00000000
      0.64220000      0.00000000      0.00000000      0.00000000      0.00000000      0.00000000      0.00000000      0.00000000      0.00000000      0.00000000      0.00000000
      0.69220000      0.00000000      0.00000000      0.00000000      0.00000000      0.00000000      0.00000000      0.00000000      0.00000000      0.00000000      0.00000000
      0.74220000      0.00000000      0.00000000      0.00000000      0.00000000      0.00000000      0.00000000      0.00000000      0.00000000      0.00000000      0.00000000
      0.79220000      0.00000000      0.00000000      0.00000000      0.00000000      0.00000000      0.00000000      0.00000000      0.00000000      0.00000000      0.00000000
      0.84220000      0.01360000      0.00040000      0.00710000      0.00040000      0.00190000      0.00010000      0.00080000      0.00010000      0.00000000      0.02440000
      0.89220000      0.65500000      0.03670000      0.34430000      0.03690000      0.10100000      0.01250000      0.05560000      0.01250000      0.00070000      1.25520000
      0.94220000      5.69310000      0.31700000      3.00120000      0.31710000      0.87790000      0.11310000      0.48150000      0.11280000      0.01000000     10.92370000
      0.99220000     10.33330000      0.57020000      5.56170000      0.57000000      1.58360000      0.20750000      0.86220000      0.20750000      0.01790000     19.91390000
      1.04220000      7.24720000      0.38870000      4.52320000      0.38870000      1.07900000      0.14140000      0.54700000      0.14140000      0.00600000     14.46260000
      1.09220000      5.15420000      0.26780000      3.61960000      0.26780000      0.74920000      0.09790000      0.35260000      0.09810000      0.00000000     10.60720000
      1.14220000      1.30950000      0.06680000      0.92990000      0.06700000      0.18970000      0.02530000      0.08870000      0.02530000      0.00000000      2.70220000
      1.19220000      0.06630000      0.00310000      0.04710000      0.00310000      0.00960000      0.00110000      0.00420000      0.00110000      0.00000000      0.13560000
      1.24220000      0.00040000      0.00000000      0.00030000      0.00000000      0.00000000      0.00000000      0.00000000      0.00000000      0.00000000      0.00070000
      1.29220000      0.00000000      0.00000000      0.00000000      0.00000000      0.00000000      0.00000000      0.00000000      0.00000000      0.00000000      0.00000000
      1.34220000      0.01570000      0.00000000      0.01390000      0.00000000      0.00080000      0.00000000      0.00040000      0.00000000      0.00000000      0.03080000
      1.39220000      0.50710000      0.00010000      0.44430000      0.00010000      0.02660000      0.00040000      0.02120000      0.00040000      0.00000000      1.00020000
      1.44220000      2.73090000      0.00300000      2.39350000      0.00320000      0.14250000      0.00270000      0.11330000      0.00270000      0.00000000      5.39180000
      1.49220000      2.66620000      0.00290000      2.33650000      0.00310000      0.13910000      0.00240000      0.11060000      0.00270000      0.00000000      5.26350000
      1.54220000      0.47090000      0.00010000      0.41260000      0.00000000      0.02470000      0.00040000      0.01940000      0.00040000      0.00000000      0.92850000
      1.59220000      0.01760000      0.00000000      0.01500000      0.00000000      0.00100000      0.00000000      0.00040000      0.00000000      0.00000000      0.03400000
      1.64220000      0.24570000      0.00160000      0.16540000      0.00150000      0.01750000      0.00050000      0.01110000      0.00050000      0.00000000      0.44380000
      1.69220000      2.39050000      0.01700000      1.61040000      0.01700000      0.16800000      0.00550000      0.10950000      0.00500000      0.00000000      4.32290000
      1.74220000      4.15070000      0.02970000      2.79550000      0.02970000      0.29200000      0.00950000      0.19020000      0.00930000      0.00000000      7.50660000
      1.79220000      1.77950000      0.01430000      1.18710000      0.01430000      0.12990000      0.00560000      0.08420000      0.00560000      0.00000000      3.22050000
      1.84220000      3.08840000      0.03220000      2.00610000      0.03260000      0.24820000      0.01750000      0.15770000      0.01770000      0.00010000      5.60050000
      1.89220000      3.50290000      0.03690000      2.27320000      0.03690000      0.28250000      0.02020000      0.17930000      0.02040000      0.00020000      6.35250000
      1.94220000      0.73920000      0.00790000      0.47960000      0.00780000      0.05960000      0.00430000      0.03810000      0.00440000      0.00000000      1.34090000
      1.99220000      0.02640000      0.00000000      0.01720000      0.00000000      0.00190000      0.00010000      0.00090000      0.00010000      0.00000000      0.04660000
      2.04220000      0.00000000      0.00000000      0.00000000      0.00000000      0.00000000      0.00000000      0.00000000      0.00000000      0.00000000      0.00000000
      2.09220000      0.00220000      0.00000000      0.00130000      0.00000000      0.00020000      0.00000000      0.00020000      0.00000000      0.00000000      0.00390000
      2.14220000      0.14920000      0.00460000      0.09280000      0.00470000      0.02040000      0.00330000      0.01110000      0.00320000      0.00000000      0.28930000
      2.19220000      1.65880000      0.05290000      1.03010000      0.05340000      0.22910000      0.03720000      0.12530000      0.03770000      0.00120000      3.22570000
      2.24220000      4.39240000      0.14080000      2.70330000      0.14380000      0.60680000      0.09910000      0.32750000      0.09820000      0.00330000      8.51520000
      2.29220000      5.60270000      0.18180000      3.33360000      0.18260000      0.74510000      0.12130000      0.38840000      0.12020000      0.00420000     10.67990000
      2.34220000      4.48490000      0.14370000      2.56040000      0.13550000      0.55310000      0.08740000      0.27640000      0.09140000      0.00290000      8.33570000
      2.39220000      3.20320000      0.08500000      1.88050000      0.08390000      0.38910000      0.05740000      0.18110000      0.05810000      0.00100000      5.93930000
      2.44220000      6.04020000      0.14630000      3.73940000      0.15010000      0.78070000      0.10940000      0.35540000      0.10740000      0.00100000     11.42990000
      2.49220000      4.00070000      0.09960000      2.55790000      0.10030000      0.54640000      0.07440000      0.25080000      0.07380000      0.00040000      7.70430000
      2.54220000      0.60050000      0.01500000      0.39290000      0.01500000      0.08530000      0.01120000      0.03930000      0.01160000      0.00000000      1.17080000
      2.59220000      0.01750000      0.00030000      0.01150000      0.00020000      0.00240000      0.00020000      0.00090000      0.00020000      0.00000000      0.03320000
      2.64220000      0.00000000      0.00000000      0.00000000      0.00000000      0.00000000      0.00000000      0.00000000      0.00000000      0.00000000      0.00000000
      2.69220000      0.00000000      0.00000000      0.00000000      0.00000000      0.00000000      0.00000000      0.00000000      0.00000000      0.00000000      0.00000000
      2.74220000      0.00000000      0.00000000      0.00000000      0.00000000      0.00000000      0.00000000      0.00000000      0.00000000      0.00000000      0.00000000
      2.79220000      0.00000000      0.00000000      0.00000000      0.00000000      0.00000000      0.00000000      0.00000000      0.00000000      0.00000000      0.00000000
      2.84220000      0.00000000      0.00000000      0.00000000      0.00000000      0.00000000      0.00000000      0.00000000      0.00000000      0.00000000      0.00000000
      2.89220000      0.00000000      0.00000000      0.00000000      0.00000000      0.00000000      0.00000000      0.00000000      0.00000000      0.00000000      0.00000000
      2.94220000      0.00000000      0.00000000      0.00000000      0.00000000      0.00000000      0.00000000      0.00000000      0.00000000      0.00000000      0.00000000
      2.99220000      0.00080000      0.00000000      0.00010000      0.00000000      0.00000000      0.00000000      0.00000000      0.00000000      0.00000000      0.00090000
      3.04220000      0.09430000      0.00180000      0.02550000      0.00190000      0.00470000      0.00060000      0.00070000      0.00060000      0.00000000      0.13010000
      3.09220000      1.63220000      0.03470000      0.43840000      0.03490000      0.08160000      0.00990000      0.01390000      0.01060000      0.00080000      2.25700000
      3.14220000      4.89580000      0.10380000      1.31600000      0.10480000      0.24510000      0.02990000      0.04220000      0.03190000      0.00160000      6.77110000
      3.19220000      2.68820000      0.05710000      0.72280000      0.05770000      0.13460000      0.01650000      0.02310000      0.01740000      0.00080000      3.71820000
      3.24220000      0.26210000      0.00530000      0.07030000      0.00550000      0.01310000      0.00140000      0.00200000      0.00160000      0.00000000      0.36130000
      3.29220000      0.00400000      0.00000000      0.00090000      0.00000000      0.00020000      0.00000000      0.00000000      0.00000000      0.00000000      0.00510000
      3.34220000      0.00000000      0.00000000      0.00000000      0.00000000      0.00000000      0.00000000      0.00000000      0.00000000      0.00000000      0.00000000
      3.39220000      0.00000000      0.00000000      0.00000000      0.00000000      0.00000000      0.00000000      0.00000000      0.00000000      0.00000000      0.00000000
      3.44220000      0.00120000      0.00000000      0.00000000      0.00000000      0.00000000      0.00000000      0.00000000      0.00000000      0.00000000      0.00120000
      3.49220000      0.03020000      0.00000000      0.00420000      0.00000000      0.00020000      0.00000000      0.00000000      0.00000000      0.00000000      0.03460000
      3.54220000      0.13080000      0.00180000      0.01720000      0.00090000      0.00260000      0.00030000      0.00130000      0.00000000      0.00000000      0.15490000
      3.59220000      0.42960000      0.03540000      0.04590000      0.01560000      0.00890000      0.00830000      0.00620000      0.00310000      0.00000000      0.55300000
      3.64220000      1.70910000      0.14800000      0.16390000      0.06870000      0.03450000      0.03680000      0.02670000      0.01490000      0.00040000      2.20300000
      3.69220000      4.59980000      0.19660000      0.37130000      0.13640000      0.08080000      0.05200000      0.07630000      0.03630000      0.00030000      5.54980000
      3.74220000      8.57320000      0.24980000      0.65930000      0.23400000      0.13940000      0.06670000      0.14160000      0.06380000      0.00000000     10.12780000
      3.79220000      7.97720000      0.25840000      0.63810000      0.24500000      0.12000000      0.05740000      0.12350000      0.05750000      0.00040000      9.47750000
      3.84220000      3.40040000      0.11750000      0.27760000      0.11060000      0.04910000      0.02360000      0.05090000      0.02410000      0.00020000      4.05400000
      3.89220000      0.33480000      0.01170000      0.02740000      0.01080000      0.00480000      0.00230000      0.00490000      0.00230000      0.00000000      0.39900000
      3.94220000      0.01560000      0.00380000      0.00150000      0.00380000      0.00000000      0.00000000      0.00000000      0.00000000      0.00000000      0.02470000
      3.99220000      0.43970000      0.15940000      0.04990000      0.16890000      0.01220000      0.00550000      0.00170000      0.00570000      0.00120000      0.84420000
      4.04220000      3.50010000      1.30460000      0.39570000      1.37090000      0.09390000      0.04520000      0.01520000      0.04760000      0.01140000      6.78460000
      4.09220000      6.98630000      2.79880000      0.77830000      2.92120000      0.19240000      0.09830000      0.02950000      0.10270000      0.02480000     13.93230000
      4.14220000      6.53700000      3.08370000      0.69810000      3.15020000      0.20350000      0.11140000      0.03060000      0.11340000      0.02710000     13.95500000
      4.19220000      3.71940000      1.86670000      0.38770000      1.80240000      0.11610000      0.06880000      0.01870000      0.06560000      0.01520000      8.06060000
      4.24220000      2.43550000      0.68780000      0.26490000      0.65510000      0.04170000      0.02600000      0.01390000      0.02440000      0.00500000      4.15430000
      4.29220000      2.95970000      1.31010000      0.32400000      1.28240000      0.04510000      0.04850000      0.01870000      0.04770000      0.00360000      6.03980000
      4.34220000      1.94560000      3.74580000      0.14810000      3.74260000      0.05480000      0.13720000      0.02500000      0.13760000      0.00120000      9.93790000
      4.39220000      4.60990000      4.26550000      0.18630000      4.27330000      0.19250000      0.15180000      0.09130000      0.15290000      0.00020000     13.92370000
      4.44220000      6.03570000      2.44310000      0.25700000      2.44720000      0.26140000      0.08620000      0.12170000      0.08600000      0.00040000     11.73870000
      4.49220000      2.58950000      0.91550000      0.11830000      0.91840000      0.11440000      0.03310000      0.05210000      0.03330000      0.00020000      4.77480000
      4.54220000      0.27480000      0.09790000      0.01290000      0.09800000      0.01220000      0.00350000      0.00570000      0.00330000      0.00000000      0.50830000
      4.59220000      0.03420000      0.00360000      0.00630000      0.00370000      0.00110000      0.00000000      0.00030000      0.00000000      0.00000000      0.04920000
      4.64220000      0.79250000      0.04970000      0.17090000      0.04930000      0.02610000      0.00350000      0.01060000      0.00340000      0.00000000      1.10600000
      4.69220000      3.69250000      0.23200000      0.79480000      0.23090000      0.11980000      0.01670000      0.05030000      0.01680000      0.00090000      5.15470000
      4.74220000      3.14250000      0.20680000      0.67520000      0.20580000      0.10180000      0.01510000      0.04290000      0.01510000      0.00090000      4.40610000
      4.79220000      0.96470000      0.37330000      0.16040000      0.37650000      0.01930000      0.03050000      0.00700000      0.03160000      0.00130000      1.96460000
      4.84220000      3.78850000      2.44270000      0.42980000      2.45540000      0.03050000      0.21110000      0.00850000      0.21460000      0.01010000      9.59120000
      4.89220000      9.64190000      5.14930000      1.01430000      5.15990000      0.08520000      0.47420000      0.03330000      0.47620000      0.02070000     22.05500000
      4.94220000     10.47190000      4.81870000      1.00930000      4.81700000      0.12470000      0.45060000      0.06370000      0.44900000      0.01910000     22.22400000
      4.99220000      5.96770000      5.65920000      0.53250000      5.65010000      0.12370000      0.42660000      0.06670000      0.42530000      0.02580000     18.87760000
      5.04220000      2.07160000      5.01860000      0.18980000      5.01960000      0.05830000      0.34820000      0.03040000      0.34810000      0.02350000     13.10810000
      5.09220000      1.88750000      2.23380000      0.20430000      2.23550000      0.02670000      0.18070000      0.01390000      0.18110000      0.00490000      6.96840000
      5.14220000      3.84210000      2.60540000      0.41760000      2.60710000      0.04860000      0.24080000      0.02500000      0.24110000      0.00000000     10.02770000
      5.19220000      1.81800000      1.12010000      0.19590000      1.12080000      0.02410000      0.10550000      0.01210000      0.10600000      0.00000000      4.50250000
      5.24220000      0.16870000      0.09780000      0.01790000      0.09770000      0.00190000      0.00910000      0.00080000      0.00890000      0.00000000      0.40280000
      5.29220000      0.00260000      0.00120000      0.00000000      0.00120000      0.00000000      0.00000000      0.00000000      0.00000000      0.00000000      0.00500000
      5.34220000      0.00000000      0.00000000      0.00000000      0.00000000      0.00000000      0.00000000      0.00000000      0.00000000      0.00000000      0.00000000
      5.39220000      0.00000000      0.00000000      0.00000000      0.00000000      0.00000000      0.00000000      0.00000000      0.00000000      0.00000000      0.00000000
      5.44220000      0.01060000      0.00310000      0.00010000      0.00320000      0.00010000      0.00010000      0.00010000      0.00010000      0.00000000      0.01740000
      5.49220000      0.23050000      0.06870000      0.00630000      0.06690000      0.00640000      0.00490000      0.00540000      0.00510000      0.00000000      0.39420000
      5.54220000      1.37300000      0.41200000      0.03450000      0.40280000      0.03810000      0.03040000      0.03240000      0.03010000      0.00060000      2.35390000
      5.59220000      3.55970000      1.08160000      0.08640000      1.05840000      0.09690000      0.08070000      0.08880000      0.07720000      0.00190000      6.13160000
      5.64220000      3.10320000      0.96090000      0.08870000      0.93490000      0.09050000      0.08050000      0.08200000      0.07600000      0.00150000      5.41820000
      5.69220000      0.91100000      0.29320000      0.03810000      0.28150000      0.03180000      0.03120000      0.02710000      0.03000000      0.00020000      1.64410000
      5.74220000      0.10200000      0.03360000      0.00530000      0.03210000      0.00390000      0.00410000      0.00320000      0.00390000      0.00000000      0.18810000
      5.79220000      0.00680000      0.00160000      0.00190000      0.00170000      0.00000000      0.00010000      0.00000000      0.00010000      0.00000000      0.01220000
      5.84220000      0.20490000      0.04680000      0.08870000      0.04980000      0.00240000      0.00220000      0.00450000      0.00240000      0.00000000      0.40170000
      5.89220000      1.60470000      0.48240000      0.69940000      0.50180000      0.02130000      0.04400000      0.03610000      0.04610000      0.00040000      3.43620000
      5.94220000      2.40420000      1.57970000      1.06920000      1.58710000      0.03680000      0.24170000      0.05930000      0.24230000      0.00230000      7.22260000
      5.99220000      1.29990000      2.81500000      0.67080000      2.82980000      0.03600000      0.51280000      0.05440000      0.51520000      0.00730000      8.74120000
      6.04220000      2.07930000      4.57230000      1.11520000      4.63950000      0.06260000      0.78820000      0.12000000      0.79530000      0.01300000     14.18540000
      6.09220000      1.93420000      3.18820000      0.95490000      3.20590000      0.04420000      0.51340000      0.11270000      0.51520000      0.00830000     10.47700000
      6.14220000      0.44940000      0.76240000      0.20910000      0.76790000      0.00760000      0.11910000      0.02670000      0.12010000      0.00130000      2.46360000
      6.19220000      0.25240000      1.40320000      0.10700000      1.46750000      0.00350000      0.24780000      0.01470000      0.25820000      0.00170000      3.75600000
      6.24220000      0.94110000      2.33060000      0.40370000      2.44400000      0.01510000      0.43440000      0.04940000      0.44920000      0.00230000      7.06980000
      6.29220000      1.40710000      1.90160000      0.62780000      1.97520000      0.02650000      0.38110000      0.06750000      0.38740000      0.00090000      6.77510000
      6.34220000      1.56850000      2.58820000      0.62390000      2.64980000      0.03900000      0.49980000      0.06550000      0.50200000      0.00310000      8.53980000
      6.39220000      1.22800000      3.31110000      0.35470000      3.33400000      0.03990000      0.59690000      0.04400000      0.59470000      0.00750000      9.51080000
      6.44220000      0.77720000      3.86660000      0.17850000      3.81890000      0.02810000      0.67190000      0.02580000      0.66880000      0.01230000     10.04810000
      6.49220000      0.47470000      2.91160000      0.09490000      2.77520000      0.01710000      0.49560000      0.01680000      0.49600000      0.00930000      7.29120000
      6.54220000      0.16090000      0.67790000      0.02840000      0.62700000      0.00550000      0.11440000      0.00590000      0.11450000      0.00140000      1.73590000
      6.59220000      0.24510000      0.19540000      0.05660000      0.20000000      0.00840000      0.03160000      0.00820000      0.03180000      0.00010000      0.77720000
      6.64220000      0.83040000      0.56750000      0.21620000      0.59280000      0.02860000      0.08870000      0.02860000      0.08900000      0.00060000      2.44240000
      6.69220000      0.91820000      0.65090000      0.35540000      0.66030000      0.03140000      0.08920000      0.03430000      0.08530000      0.00110000      2.82610000
      6.74220000      0.58440000      0.46920000      0.29660000      0.44630000      0.01980000      0.05240000      0.02300000      0.04690000      0.00110000      1.93970000
      6.79220000      0.48950000      0.80050000      0.25090000      0.66240000      0.01250000      0.05380000      0.01680000      0.04590000      0.00630000      2.33860000
      6.84220000      1.06000000      1.60930000      0.57860000      1.52650000      0.02600000      0.10300000      0.03750000      0.09950000      0.01500000      5.05540000
      6.89220000      1.17170000      0.99380000      0.91460000      1.08470000      0.03760000      0.06250000      0.06410000      0.06850000      0.00840000      4.40590000
      6.94220000      1.16720000      0.64680000      1.17410000      0.68110000      0.04980000      0.03510000      0.09150000      0.03670000      0.00240000      3.88470000
      6.99220000      0.62230000      0.41340000      0.71400000      0.43200000      0.03320000      0.01950000      0.06410000      0.01990000      0.00060000      2.31900000
      7.04220000      0.13250000      0.09930000      0.16230000      0.10420000      0.00780000      0.00440000      0.01530000      0.00440000      0.00000000      0.53020000
      7.09220000      0.00620000      0.00480000      0.00810000      0.00510000      0.00020000      0.00000000      0.00050000      0.00000000      0.00000000      0.02490000
      7.14220000      0.00000000      0.00000000      0.00000000      0.00000000      0.00000000      0.00000000      0.00000000      0.00000000      0.00000000      0.00000000
      7.19220000      0.00000000      0.00000000      0.00000000      0.00000000      0.00000000      0.00000000      0.00000000      0.00000000      0.00000000      0.00000000
      7.24220000      0.00000000      0.00000000      0.00000000      0.00000000      0.00000000      0.00000000      0.00000000      0.00000000      0.00000000      0.00000000
      7.29220000      0.00000000      0.00000000      0.00000000      0.00000000      0.00000000      0.00000000      0.00000000      0.00000000      0.00000000      0.00000000
      7.34220000      0.00000000      0.00000000      0.00000000      0.00000000      0.00000000      0.00000000      0.00000000      0.00000000      0.00000000      0.00000000
      7.39220000      0.00000000      0.00000000      0.00000000      0.00000000      0.00000000      0.00000000      0.00000000      0.00000000      0.00000000      0.00000000
      7.44220000      0.00000000      0.00000000      0.00000000      0.00000000      0.00000000      0.00000000      0.00000000      0.00000000      0.00000000      0.00000000
      7.49220000      0.00000000      0.00000000      0.00000000      0.00000000      0.00000000      0.00000000      0.00000000      0.00000000      0.00000000      0.00000000
      7.54220000      0.00000000      0.00000000      0.00000000      0.00000000      0.00000000      0.00000000      0.00000000      0.00000000      0.00000000      0.00000000
      7.59220000      0.00000000      0.00000000      0.00000000      0.00000000      0.00000000      0.00000000      0.00000000      0.00000000      0.00000000      0.00000000
      7.64220000      0.00000000      0.00000000      0.00000000      0.00000000      0.00000000      0.00000000      0.00000000      0.00000000      0.00000000      0.00000000
      7.69220000      0.00000000      0.00000000      0.00000000      0.00000000      0.00000000      0.00000000      0.00000000      0.00000000      0.00000000      0.00000000
      7.74220000      0.00000000      0.00000000      0.00000000      0.00000000      0.00000000      0.00000000      0.00000000      0.00000000      0.00000000      0.00000000
      7.79220000      0.00000000      0.00000000      0.00000000      0.00000000      0.00000000      0.00000000      0.00000000      0.00000000      0.00000000      0.00000000
      7.84220000      0.00000000      0.00000000      0.00000000      0.00000000      0.00000000      0.00000000      0.00000000      0.00000000      0.00000000      0.00000000
      7.89220000      0.00000000      0.00000000      0.00000000      0.00000000      0.00000000      0.00000000      0.00000000      0.00000000      0.00000000      0.00000000
      7.94220000      0.00000000      0.00000000      0.00000000      0.00000000      0.00000000      0.00000000      0.00000000      0.00000000      0.00000000      0.00000000
      7.99220000      0.00000000      0.00000000      0.00000000      0.00000000      0.00000000      0.00000000      0.00000000      0.00000000      0.00000000      0.00000000
      8.04220000      0.00000000      0.00000000      0.00000000      0.00000000      0.00000000      0.00000000      0.00000000      0.00000000      0.00000000      0.00000000
      8.09220000      0.00000000      0.00000000      0.00000000      0.00000000      0.00000000      0.00000000      0.00000000      0.00000000      0.00000000      0.00000000
      8.14220000      0.00000000      0.00000000      0.00000000      0.00000000      0.00000000      0.00000000      0.00000000      0.00000000      0.00000000      0.00000000
      8.19220000      0.00000000      0.00000000      0.00000000      0.00000000      0.00000000      0.00000000      0.00000000      0.00000000      0.00000000      0.00000000
      8.24220000      0.00000000      0.00000000      0.00000000      0.00000000      0.00000000      0.00000000      0.00000000      0.00000000      0.00000000      0.00000000
      8.29220000      0.00000000      0.00000000      0.00000000      0.00000000      0.00000000      0.00000000      0.00000000      0.00000000      0.00000000      0.00000000
      8.34220000      0.00000000      0.00000000      0.00000000      0.00000000      0.00000000      0.00000000      0.00000000      0.00000000      0.00000000      0.00000000
      8.39220000      0.00000000      0.00000000      0.00000000      0.00000000      0.00000000      0.00000000      0.00000000      0.00000000      0.00000000      0.00000000
      8.44220000      0.00000000      0.00000000      0.00000000      0.00000000      0.00000000      0.00000000      0.00000000      0.00000000      0.00000000      0.00000000
      8.49220000      0.00000000      0.00000000      0.00000000      0.00000000      0.00000000      0.00000000      0.00000000      0.00000000      0.00000000      0.00000000
      8.54220000      0.00000000      0.00000000      0.00000000      0.00000000      0.00000000      0.00000000      0.00000000      0.00000000      0.00000000      0.00000000
      8.59220000      0.00000000      0.00000000      0.00000000      0.00000000      0.00000000      0.00000000      0.00000000      0.00000000      0.00000000      0.00000000
      8.64220000      0.00000000      0.00000000      0.00000000      0.00000000      0.00000000      0.00000000      0.00000000      0.00000000      0.00000000      0.00000000
      8.69220000      0.00000000      0.00000000      0.00000000      0.00000000      0.00000000      0.00000000      0.00000000      0.00000000      0.00000000      0.00000000
      8.74220000      0.00000000      0.00000000      0.00000000      0.00000000      0.00000000      0.00000000      0.00000000      0.00000000      0.00000000      0.00000000
      8.79220000      0.00000000      0.00000000      0.00000000      0.00000000      0.00000000      0.00000000      0.00000000      0.00000000      0.00000000      0.00000000
      8.84220000      0.00000000      0.00000000      0.00000000      0.00000000      0.00000000      0.00000000      0.00000000      0.00000000      0.00000000      0.00000000
      8.89220000      0.00000000      0.00000000      0.00000000      0.00000000      0.00000000      0.00000000      0.00000000      0.00000000      0.00000000      0.00000000
      8.94220000      0.00000000      0.00000000      0.00000000      0.00000000      0.00000000      0.00000000      0.00000000      0.00000000      0.00000000      0.00000000
      8.99220000      0.00000000      0.00000000      0.00000000      0.00000000      0.00000000      0.00000000      0.00000000      0.00000000      0.00000000      0.00000000
      9.04220000      0.00000000      0.00000000      0.00000000      0.00000000      0.00000000      0.00000000      0.00000000      0.00000000      0.00000000      0.00000000
      9.09220000      0.00000000      0.00000000      0.00000000      0.00000000      0.00000000      0.00000000      0.00000000      0.00000000      0.00000000      0.00000000
      9.14220000      0.00000000      0.00000000      0.00000000      0.00000000      0.00000000      0.00000000      0.00000000      0.00000000      0.00000000      0.00000000
      9.19220000      0.00000000      0.00000000      0.00000000      0.00000000      0.00000000      0.00000000      0.00000000      0.00000000      0.00000000      0.00000000
      9.24220000      0.00000000      0.00000000      0.00000000      0.00000000      0.00000000      0.00000000      0.00000000      0.00000000      0.00000000      0.00000000
      9.29220000      0.00000000      0.00000000      0.00000000      0.00000000      0.00000000      0.00000000      0.00000000      0.00000000      0.00000000      0.00000000
      9.34220000      0.00000000      0.00000000      0.00000000      0.00000000      0.00000000      0.00000000      0.00000000      0.00000000      0.00000000      0.00000000
      9.39220000      0.00000000      0.00000000      0.00000000      0.00000000      0.00000000      0.00000000      0.00000000      0.00000000      0.00000000      0.00000000
      9.44220000      0.00000000      0.00000000      0.00000000      0.00000000      0.00000000      0.00000000      0.00000000      0.00000000      0.00000000      0.00000000
      9.49220000      0.00000000      0.00000000      0.00000000      0.00000000      0.00000000      0.00000000      0.00000000      0.00000000      0.00000000      0.00000000
      9.54220000      0.00000000      0.00000000      0.00000000      0.00000000      0.00000000      0.00000000      0.00000000      0.00000000      0.00000000      0.00000000
      9.59220000      0.00000000      0.00000000      0.00000000      0.00000000      0.00000000      0.00000000      0.00000000      0.00000000      0.00000000      0.00000000
      9.64220000      0.00000000      0.00000000      0.00000000      0.00000000      0.00000000      0.00000000      0.00000000      0.00000000      0.00000000      0.00000000
      9.69220000      0.00000000      0.00000000      0.00000000      0.00000000      0.00000000      0.00000000      0.00000000      0.00000000      0.00000000      0.00000000
      9.74220000      0.00000000      0.00000000      0.00000000      0.00000000      0.00000000      0.00000000      0.00000000      0.00000000      0.00000000      0.00000000
      9.79220000      0.00000000      0.00000000      0.00000000      0.00000000      0.00000000      0.00000000      0.00000000      0.00000000      0.00000000      0.00000000
      9.84220000      0.00000000      0.00000000      0.00000000      0.00000000      0.00000000      0.00000000      0.00000000      0.00000000      0.00000000      0.00000000
      9.89220000      0.00000000      0.00000000      0.00000000      0.00000000      0.00000000      0.00000000      0.00000000      0.00000000      0.00000000      0.00000000
      9.94220000      0.00000000      0.00000000      0.00000000      0.00000000      0.00000000      0.00000000      0.00000000      0.00000000      0.00000000      0.00000000
      9.99220000      0.00000000      0.00000000      0.00000000      0.00000000      0.00000000      0.00000000      0.00000000      0.00000000      0.00000000      0.00000000
     10.04220000      0.00000000      0.00000000      0.00000000      0.00000000      0.00000000      0.00000000      0.00000000      0.00000000      0.00000000      0.00000000
     10.09220000      0.00000000      0.00000000      0.00000000      0.00000000      0.00000000      0.00000000      0.00000000      0.00000000      0.00000000      0.00000000
     10.14220000      0.00000000      0.00000000      0.00000000      0.00000000      0.00000000      0.00000000      0.00000000      0.00000000      0.00000000      0.00000000
     10.19220000      0.00000000      0.00000000      0.00000000      0.00000000      0.00000000      0.00000000      0.00000000      0.00000000      0.00000000      0.00000000
     10.24220000      0.00000000      0.00000000      0.00000000      0.00000000      0.00000000      0.00000000      0.00000000      0.00000000      0.00000000      0.00000000
     10.29220000      0.00000000      0.00000000      0.00000000      0.00000000      0.00000000      0.00000000      0.00000000      0.00000000      0.00000000      0.00000000
     10.34220000      0.00000000      0.00000000      0.00000000      0.00000000      0.00000000      0.00000000      0.00000000      0.00000000      0.00000000      0.00000000
     10.39220000      0.00000000      0.00000000      0.00000000      0.00000000      0.00000000      0.00000000      0.00000000      0.00000000      0.00000000      0.00000000
     10.44220000      0.00000000      0.00000000      0.00000000      0.00000000      0.00000000      0.00000000      0.00000000      0.00000000      0.00000000      0.00000000
     10.49220000      0.00000000      0.00000000      0.00000000      0.00000000      0.00000000      0.00000000      0.00000000      0.00000000      0.00000000      0.00000000
     10.54220000      0.00000000      0.00000000      0.00000000      0.00000000      0.00000000      0.00000000      0.00000000      0.00000000      0.00000000      0.00000000
     10.59220000      0.00000000      0.00000000      0.00000000      0.00000000      0.00000000      0.00000000      0.00000000      0.00000000      0.00000000      0.00000000
     10.64220000      0.00000000      0.00000000      0.00000000      0.00000000      0.00000000      0.00000000      0.00000000      0.00000000      0.00000000      0.00000000
     10.69220000      0.00000000      0.00000000      0.00000000      0.00000000      0.00000000      0.00000000      0.00000000      0.00000000      0.00000000      0.00000000
     10.74220000      0.00000000      0.00000000      0.00000000      0.00000000      0.00000000      0.00000000      0.00000000      0.00000000      0.00000000      0.00000000
     10.79220000      0.00000000      0.00000000      0.00000000      0.00000000      0.00000000      0.00000000      0.00000000      0.00000000      0.00000000      0.00000000
     10.84220000      0.00000000      0.00000000      0.00000000      0.00000000      0.00000000      0.00000000      0.00000000      0.00000000      0.00000000      0.00000000
     10.89220000      0.00000000      0.00000000      0.00000000      0.00000000      0.00000000      0.00000000      0.00000000      0.00000000      0.00000000      0.00000000
     10.94220000      0.00000000      0.00000000      0.00000000      0.00000000      0.00000000      0.00000000      0.00000000      0.00000000      0.00000000      0.00000000
     10.99220000      0.00000000      0.00000000      0.00000000      0.00000000      0.00000000      0.00000000      0.00000000      0.00000000      0.00000000      0.00000000
     11.04220000      0.00000000      0.00000000      0.00000000      0.00000000      0.00000000      0.00000000      0.00000000      0.00000000      0.00000000      0.00000000
     11.09220000      0.00000000      0.00000000      0.00000000      0.00000000      0.00000000      0.00000000      0.00000000      0.00000000      0.00000000      0.00000000
     11.14220000      0.00000000      0.00000000      0.00000000      0.00000000      0.00000000      0.00000000      0.00000000      0.00000000      0.00000000      0.00000000
     11.19220000      0.00000000      0.00000000      0.00000000      0.00000000      0.00000000      0.00000000      0.00000000      0.00000000      0.00000000      0.00000000
     11.24220000      0.00000000      0.00000000      0.00000000      0.00000000      0.00000000      0.00000000      0.00000000      0.00000000      0.00000000      0.00000000
     11.29220000      0.00000000      0.00000000      0.00000000      0.00000000      0.00000000      0.00000000      0.00000000      0.00000000      0.00000000      0.00000000
     11.34220000      0.00000000      0.00000000      0.00000000      0.00000000      0.00000000      0.00000000      0.00000000      0.00000000      0.00000000      0.00000000
     11.39220000      0.00000000      0.00000000      0.00000000      0.00000000      0.00000000      0.00000000      0.00000000      0.00000000      0.00000000      0.00000000
     11.44220000      0.00000000      0.00000000      0.00000000      0.00000000      0.00000000      0.00000000      0.00000000      0.00000000      0.00000000      0.00000000
     11.49220000      0.00000000      0.00000000      0.00000000      0.00000000      0.00000000      0.00000000      0.00000000      0.00000000      0.00000000      0.00000000
     11.54220000      0.00000000      0.00000000      0.00000000      0.00000000      0.00000000      0.00000000      0.00000000      0.00000000      0.00000000      0.00000000
     11.59220000      0.00000000      0.00000000      0.00000000      0.00000000      0.00000000      0.00000000      0.00000000      0.00000000      0.00000000      0.00000000
     11.64220000      0.00000000      0.00000000      0.00000000      0.00000000      0.00000000      0.00000000      0.00000000      0.00000000      0.00000000      0.00000000
     11.69220000      0.00000000      0.00000000      0.00000000      0.00000000      0.00000000      0.00000000      0.00000000      0.00000000      0.00000000      0.00000000
     11.74220000      0.00000000      0.00000000      0.00000000      0.00000000      0.00000000      0.00000000      0.00000000      0.00000000      0.00000000      0.00000000
     11.79220000      0.00000000      0.00000000      0.00000000      0.00000000      0.00000000      0.00000000      0.00000000      0.00000000      0.00000000      0.00000000
     11.84220000      0.00000000      0.00000000      0.00000000      0.00000000      0.00000000      0.00000000      0.00000000      0.00000000      0.00000000      0.00000000
     11.89220000      0.00000000      0.00000000      0.00000000      0.00000000      0.00000000      0.00000000      0.00000000      0.00000000      0.00000000      0.00000000
     11.94220000      0.00000000      0.00000000      0.00000000      0.00000000      0.00000000      0.00000000      0.00000000      0.00000000      0.00000000      0.00000000
     11.99220000      0.00000000      0.00000000      0.00000000      0.00000000      0.00000000      0.00000000      0.00000000      0.00000000      0.00000000      0.00000000
     12.04220000      0.00000000      0.00000000      0.00000000      0.00000000      0.00000000      0.00000000      0.00000000      0.00000000      0.00000000      0.00000000
     12.09220000      0.00000000      0.00000000      0.00000000      0.00000000      0.00000000      0.00000000      0.00000000      0.00000000      0.00000000      0.00000000
     12.14220000      0.00000000      0.00000000      0.00000000      0.00000000      0.00000000      0.00000000      0.00000000      0.00000000      0.00000000      0.00000000
     12.19220000      0.00000000      0.00000000      0.00000000      0.00000000      0.00000000      0.00000000      0.00000000      0.00000000      0.00000000      0.00000000
     12.24220000      0.00000000      0.00000000      0.00000000      0.00000000      0.00000000      0.00000000      0.00000000      0.00000000      0.00000000      0.00000000
     12.29220000      0.00000000      0.00000000      0.00000000      0.00000000      0.00000000      0.00000000      0.00000000      0.00000000      0.00000000      0.00000000
     12.34220000      0.00000000      0.00000000      0.00000000      0.00000000      0.00000000      0.00000000      0.00000000      0.00000000      0.00000000      0.00000000
     12.39220000      0.00000000      0.00000000      0.00000000      0.00000000      0.00000000      0.00000000      0.00000000      0.00000000      0.00000000      0.00000000
     12.44220000      0.00000000      0.00000000      0.00000000      0.00000000      0.00000000      0.00000000      0.00000000      0.00000000      0.00000000      0.00000000
     12.49220000      0.00000000      0.00000000      0.00000000      0.00000000      0.00000000      0.00000000      0.00000000      0.00000000      0.00000000      0.00000000
     12.54220000      0.00000000      0.00000000      0.00000000      0.00000000      0.00000000      0.00000000      0.00000000      0.00000000      0.00000000      0.00000000
     12.59220000      0.00000000      0.00000000      0.00000000      0.00000000      0.00000000      0.00000000      0.00000000      0.00000000      0.00000000      0.00000000
     12.64220000      0.00000000      0.00000000      0.00000000      0.00000000      0.00000000      0.00000000      0.00000000      0.00000000      0.00000000      0.00000000
     12.69220000      0.00000000      0.00000000      0.00000000      0.00000000      0.00000000      0.00000000      0.00000000      0.00000000      0.00000000      0.00000000
